pair_id,team_id,team,player_a_id,player_b_id,player_a,player_b,season,n_games_total,n_games,n_days,mean_impact,shrunk_impact,ci_low,ci_high,eligible,win_rate
pair-00598ffbdcef4381,oe:team:cd6e0eea04af23b9c0735dab41a9941,Dire Wolves,oe:player:5cc4071294a16477e992b3c8a2b7715,oe:player:c51c8bbd9e8c8bc49042ccd5d3e9864,Shernfire,Richard,2017,49,45,18,0.24764510,0.20261871,0.03941725,0.37056560,True,0.80000000
pair-006a7623fd13052e,oe:team:4f5a0b869cd5960c307d1c45e9399a3,Legacy Esports,oe:player:56045764051a2e5cf313ee3dd5a61cc,oe:player:fbebe083c5b1b5e088996c28fb19f9e,Tally,Carbon,2017,59,49,19,-0.34794901,-0.28897460,-0.42622860,-0.14032329,True,0.63265306
pair-0139e6507c6a0e68,oe:team:cbbafed5c0ebf092e70ef9821426b2f,Team Exile5,oe:player:5828c02e36bdec3f64f87fb9bb9d6ce,oe:player:8dc437974ecdfd4db3539268c48a751,tgun,Crayzee,2017,29,21,9,-0.29284162,-0.19837658,-0.41930087,0.02569980,True,0.19047619
pair-022e23692c198266,oe:team:cbbafed5c0ebf092e70ef9821426b2f,Team Exile5,oe:player:5828c02e36bdec3f64f87fb9bb9d6ce,oe:player:83103fdae7836eee9895610a5ede0ff,tgun,Guts,2017,29,21,9,-0.05804489,-0.03932073,-0.24723700,0.14804975,True,0.19047619
pair-025e0056d3fe01ec,oe:team:023ba1e4767910cd55b399cf9094b15,Team Regicide,oe:player:9a15aa35edb26ce8b555e094907e505,oe:player:fad0bc5b2deabcf01ea9a55dbae1a30,Siuman,Chenyboy,2017,13,13,6,-0.13266115,-0.07498239,-0.17844330,0.05204206,True,0.23076923
pair-0264c57bf0e355b1,oe:team:4f5a0b869cd5960c307d1c45e9399a3,Legacy Esports,oe:player:b578b733cbb788fc6ad208314d2c4c2,oe:player:fbebe083c5b1b5e088996c28fb19f9e,Lost,Carbon,2017,59,49,19,-0.16008087,-0.13294852,-0.31867596,0.09773763,True,0.63265306
pair-02e26111b7dd4a89,oe:team:4f5a0b869cd5960c307d1c45e9399a3,Legacy Esports,oe:player:56045764051a2e5cf313ee3dd5a61cc,oe:player:b578b733cbb788fc6ad208314d2c4c2,Tally,Lost,2017,59,49,19,0.06768189,0.05621038,-0.13406187,0.28032860,True,0.63265306
pair-0605e86777b60966,oe:team:7aebbd262ba4e37525795a0e0846ca0,Sin Gaming,oe:player:17c0cb15fae9b0853d484ceb0a5d687,oe:player:771a4be9e474d6ed0f40cd9a9862a00,Wzrd,Rogue,2017,18,3,1,-0.33358919,-0.07698212,,,False,0.33333333
pair-0630179b7b41baa2,oe:team:d61f857fa7a7d8ea4f0d453526373f7,Tainted Minds,oe:player:684802b16e3094df181372930f1bba8,oe:player:6f2c577939b40990603f60a0d4e87df,Broler,Grisha,2017,3,0,0,,,,,False,
pair-0767d9be14a5db9a,oe:team:692bccdba8ec7050f5aeb916815439e,Chiefs Esports Club,oe:player:898ee50ff519b9eec2327e3597cdad5,oe:player:eaaf2e20683cde8408d05159c05528c,Pacman,Aladoric,2017,4,4,2,-0.07435955,-0.02124558,,,False,0.50000000
pair-07b13c8f4d110335,oe:team:023ba1e4767910cd55b399cf9094b15,Team Regicide,oe:player:3d334244ad8305805ec0617fd60f15d,oe:player:915d8a40e3e9184adf0a8235762d99c,Wai,LoveZrr,2017,4,4,2,-0.15390457,-0.04397273,,,False,1.00000000
pair-07b8ac6f7013f3ac,oe:team:439e4e85c9c426a80587a334dc9c2e9,TM Gaming,oe:player:5828c02e36bdec3f64f87fb9bb9d6ce,oe:player:8392461cf759088854e16710b9b75d1,tgun,Only,2017,24,24,10,-0.14849728,-0.10482161,-0.29102692,0.06190367,True,0.16666667
pair-088ecedadf3535f3,oe:team:d61f857fa7a7d8ea4f0d453526373f7,Tainted Minds,oe:player:17c0cb15fae9b0853d484ceb0a5d687,oe:player:9a754e5ccd044dd74ff3a9d184350ab,Wzrd,Praedyth,2017,19,19,9,-0.43052761,-0.28206981,-0.41658850,-0.11842256,True,0.31578947
pair-08df707585a3736a,oe:team:692bccdba8ec7050f5aeb916815439e,Chiefs Esports Club,oe:player:0ce4d07d37b7641507df677b021b0f7,oe:player:9a15aa35edb26ce8b555e094907e505,Fesh,Siuman,2017,4,4,2,-0.35677474,-0.10193564,,,False,0.50000000
pair-0cdd0ef8ce4850b3,oe:team:023ba1e4767910cd55b399cf9094b15,Team Regicide,oe:player:c76a7a5558d48eb9678e5166cedbc49,oe:player:fad0bc5b2deabcf01ea9a55dbae1a30,Kedu,Chenyboy,2017,4,4,2,0.34414818,0.09832805,,,False,1.00000000
pair-0cfd8e8bd8689f91,oe:team:cbbafed5c0ebf092e70ef9821426b2f,Team Exile5,oe:player:0ce4d07d37b7641507df677b021b0f7,oe:player:ffe12ca365c767c1e816fc756046de5,Fesh,Cupcake,2017,3,0,0,,,,,False,
pair-0d506161883b2905,oe:team:d61f857fa7a7d8ea4f0d453526373f7,Tainted Minds,oe:player:8a8621e0944d28304e975547f42bab2,oe:player:9a754e5ccd044dd74ff3a9d184350ab,Squidgy,Praedyth,2017,19,19,9,-0.29149742,-0.19098107,-0.36442030,-0.01002713,True,0.31578947
pair-0e58aa947f587f08,oe:team:7aebbd262ba4e37525795a0e0846ca0,Sin Gaming,oe:player:33daef70f45123c10a232b800d930a0,oe:player:afba3f0809f2d540601ed909e805557,Flaresz,Juves,2017,41,30,9,-0.04833240,-0.03624930,-0.19115558,0.13045797,True,0.56666667
pair-0e6c1df3dd64e4d5,oe:team:d61f857fa7a7d8ea4f0d453526373f7,Tainted Minds,oe:player:684802b16e3094df181372930f1bba8,oe:player:9a754e5ccd044dd74ff3a9d184350ab,Broler,Praedyth,2017,8,5,2,-0.45784101,-0.15261367,,,False,0.20000000
pair-0e72aee01574215e,oe:team:cbbafed5c0ebf092e70ef9821426b2f,Team Exile5,oe:player:9a15aa35edb26ce8b555e094907e505,oe:player:ffe12ca365c767c1e816fc756046de5,Siuman,Cupcake,2017,3,0,0,,,,,False,
pair-0f42b686e0b4247b,oe:team:7aebbd262ba4e37525795a0e0846ca0,Sin Gaming,oe:player:771a4be9e474d6ed0f40cd9a9862a00,oe:player:d0050bae92b98ebfd4284195984d899,Rogue,Raps,2017,4,0,0,,,,,False,
pair-0fc04fda73017052,oe:team:d61f857fa7a7d8ea4f0d453526373f7,Tainted Minds,oe:player:a186b71193438980dfc3ea5c54b6f87,oe:player:b41c38635897d17b1f0059c91e6e9a6,Chuz,Rosey,2017,9,0,0,,,,,False,
pair-0febe0859dfc8e4c,oe:team:692bccdba8ec7050f5aeb916815439e,Chiefs Esports Club,oe:player:2c14d0f52bf1772e3353ce799537ad5,oe:player:c2c140b8d1f76f3f79b1aba6bb08c37,Swiffer,Raes,2017,56,45,17,0.09034790,0.07392101,-0.13998334,0.31364084,True,0.62222222
pair-100a9cd15c032567,oe:team:4c4f442efee238e1448bc3ad5548a49,Hellions e-Sports Club,oe:player:2b5df2c7a311f4190006208c51e2dcd,oe:player:8a8621e0944d28304e975547f42bab2,Ryoo,Squidgy,2017,3,0,0,,,,,False,
pair-1211e2114369ced0,oe:team:cd6e0eea04af23b9c0735dab41a9941,Dire Wolves,oe:player:6b2acf5555e281f3e64f9a338da6a66,oe:player:b1e626ea59ccc65957bf8beb11f7669,destiny,Sybol,2017,7,1,1,-1.06240454,-0.09658223,,,False,1.00000000
pair-1224914d3d19d24a,oe:team:023ba1e4767910cd55b399cf9094b15,Team Regicide,oe:player:1e978db1cbc0d196add9a6f88989ea8,oe:player:915d8a40e3e9184adf0a8235762d99c,Fade,LoveZrr,2017,23,23,11,-0.05634763,-0.03927259,-0.23116843,0.12361107,True,0.30434783
pair-1372b5c72fad0cc5,oe:team:5bef6688c36d00642436d00a83d9c14,Avant Gaming,oe:player:3b973d4da6ce40c0eb65394fb622297,oe:player:70e46e5150b473c0280af7ce6ea8f32,Triple,Jayke,2017,57,47,17,0.03162024,0.02607283,-0.11542103,0.17423924,True,0.46808511
pair-13ce351202bc137b,oe:team:7aebbd262ba4e37525795a0e0846ca0,Sin Gaming,oe:player:5385f74da3e5deb5b66d9a1ee56cf97,oe:player:771a4be9e474d6ed0f40cd9a9862a00,Dhokla,Rogue,2017,34,34,12,-0.31318681,-0.24200799,-0.39951193,-0.07508813,True,0.58823529
pair-152525cf3efff3ca,oe:team:cbbafed5c0ebf092e70ef9821426b2f,Team Exile5,oe:player:c42a95d18e92b06f0d805e97a1314d5,oe:player:ffe12ca365c767c1e816fc756046de5,Cyk,Cupcake,2017,3,0,0,,,,,False,
pair-15d47e89b3df964b,oe:team:cbbafed5c0ebf092e70ef9821426b2f,Team Exile5,oe:player:8dc437974ecdfd4db3539268c48a751,oe:player:9a15aa35edb26ce8b555e094907e505,Crayzee,Siuman,2017,4,0,0,,,,,False,
pair-17bda5f4a5ad5cf3,oe:team:023ba1e4767910cd55b399cf9094b15,Team Regicide,oe:player:1e978db1cbc0d196add9a6f88989ea8,oe:player:ef70f9866faf96288713dcbd4ca6d3d,Fade,Yaelay,2017,1,1,1,-0.51260699,-0.04660064,,,False,0.00000000
pair-1a34c2eade0d5684,oe:team:cbbafed5c0ebf092e70ef9821426b2f,Team Exile5,oe:player:8dc437974ecdfd4db3539268c48a751,oe:player:d6319e0e546e009eb5e96b1ddadf7fc,Crayzee,Midbeast,2017,7,7,3,-0.29682604,-0.12222249,-0.47849105,0.18221685,False,0.14285714
pair-1b262709ce2899b3,oe:team:7aebbd262ba4e37525795a0e0846ca0,Sin Gaming,oe:player:17c0cb15fae9b0853d484ceb0a5d687,oe:player:dcddcc7e6055f66fa9bf8eb2b8d3fa1,Wzrd,Skwiggle,2017,4,0,0,,,,,False,
pair-1ca3656523e67ed4,oe:team:4c4f442efee238e1448bc3ad5548a49,Hellions e-Sports Club,oe:player:2b5df2c7a311f4190006208c51e2dcd,oe:player:9dabcc8d4efff43d97013585fa450aa,Ryoo,Frae,2017,3,0,0,,,,,False,
pair-1d34dea343bc2090,oe:team:439e4e85c9c426a80587a334dc9c2e9,TM Gaming,oe:player:6e2dd0dca553b6546378054b69e2a11,oe:player:77ed4d7ce3461d5976ad2e15713f6b7,Low,Shok,2017,24,24,10,-0.05295587,-0.03738061,-0.24077923,0.13030240,True,0.16666667
pair-1f68c43256e23e1c,oe:team:de55ffb045c6780ab5edf7e5d74b4d5,Abyss Esports,oe:player:c8a23798f7577fe951f173d3380bee0,oe:player:dace1b204023297c9eb38f876796968,Raid,Looch,2017,23,23,10,0.55628150,0.38771135,0.12006660,0.62077375,True,0.30434783
pair-1fde8518492f5a0f,oe:team:692bccdba8ec7050f5aeb916815439e,Chiefs Esports Club,oe:player:1a6d021d4e5d341cfcd12a39c39b0ef,oe:player:eaaf2e20683cde8408d05159c05528c,Yuzuki,Aladoric,2017,4,4,2,-0.41380894,-0.11823113,,,False,0.50000000
pair-20cbcdc822367c2c,oe:team:638506106b833cf5649e0490244eed4,Legacy Genesis,oe:player:5b4a9ba6121c6d0e37076f8f3523000,oe:player:cfcaf2ae7aefa4a63e893debafcd880,Ryoma,Zammi,2017,4,0,0,,,,,False,
pair-212875617b8efc73,oe:team:d61f857fa7a7d8ea4f0d453526373f7,Tainted Minds,oe:player:9a754e5ccd044dd74ff3a9d184350ab,oe:player:a186b71193438980dfc3ea5c54b6f87,Praedyth,Chuz,2017,9,0,0,,,,,False,
pair-22168b14b7e38768,oe:team:d61f857fa7a7d8ea4f0d453526373f7,Tainted Minds,oe:player:8392461cf759088854e16710b9b75d1,oe:player:b76986f9d46fbe31ff0a57bb733214f,Only,Bluz0r,2017,2,2,1,-0.78446109,-0.13074351,,,False,0.00000000
pair-22da6318428f095c,oe:team:d61f857fa7a7d8ea4f0d453526373f7,Tainted Minds,oe:player:684802b16e3094df181372930f1bba8,oe:player:8392461cf759088854e16710b9b75d1,Broler,Only,2017,5,5,2,-0.56824754,-0.18941585,,,False,0.20000000
pair-231006184da3e909,oe:team:4c4f442efee238e1448bc3ad5548a49,Hellions e-Sports Club,oe:player:8a8621e0944d28304e975547f42bab2,oe:player:bb4ef5e365efbedebc2d3794bee67c1,Squidgy,Luna,2017,3,0,0,,,,,False,
pair-23820fce8d7f52a4,oe:team:692bccdba8ec7050f5aeb916815439e,Chiefs Esports Club,oe:player:b168931509a558db4b062201d259c45,oe:player:c2c140b8d1f76f3f79b1aba6bb08c37,Swip3rR,Raes,2017,56,45,17,0.07930846,0.06488874,-0.14686574,0.29670599,True,0.62222222
pair-266fc3d3c648d4b0,oe:team:cd6e0eea04af23b9c0735dab41a9941,Dire Wolves,oe:player:b1e626ea59ccc65957bf8beb11f7669,oe:player:fb18ab6bf6bef08402a580d2a96c106,Sybol,k1ng,2017,7,1,1,-0.23218851,-0.02110805,,,False,1.00000000
pair-26849e630ea9a440,oe:team:de55ffb045c6780ab5edf7e5d74b4d5,Abyss Esports,oe:player:898ee50ff519b9eec2327e3597cdad5,oe:player:9dabcc8d4efff43d97013585fa450aa,Pacman,Frae,2017,17,5,2,0.14706555,0.04902185,,,False,0.40000000
pair-2a058f6fda3041f3,oe:team:023ba1e4767910cd55b399cf9094b15,Team Regicide,oe:player:3d334244ad8305805ec0617fd60f15d,oe:player:fad0bc5b2deabcf01ea9a55dbae1a30,Wai,Chenyboy,2017,4,4,2,0.13765212,0.03932918,,,False,1.00000000
pair-2a3daea67aa14bde,oe:team:d61f857fa7a7d8ea4f0d453526373f7,Tainted Minds,oe:player:b41c38635897d17b1f0059c91e6e9a6,oe:player:e57ef5f8ab42a0364a11b50f2a86b81,Rosey,ShorterACE,2017,9,0,0,,,,,False,
pair-2d3257c9cb3d66dc,oe:team:9454328308280a614737117e4326bfb,Outlaws,oe:player:6aa036de3fa6c6f1115df7c22a89617,oe:player:b37f154096ebd9602f1b0952e03a365,Chazz,Wilaris,2017,4,4,2,-0.33830167,-0.09665762,,,False,0.25000000
pair-2d32bbe0e67d4ad8,oe:team:638506106b833cf5649e0490244eed4,Legacy Genesis,oe:player:23ca732e8a71e0f640eee75fab9bcbe,oe:player:cc75d3f9b862e7e5d667d1ce2430fbd,Kulo,Babip,2017,4,0,0,,,,,False,
pair-2e797ab5a2830e08,oe:team:7aebbd262ba4e37525795a0e0846ca0,Sin Gaming,oe:player:5b4a9ba6121c6d0e37076f8f3523000,oe:player:afba3f0809f2d540601ed909e805557,Ryoma,Juves,2017,61,61,20,-0.25316666,-0.21750938,-0.33694835,-0.07974973,True,0.59016393
pair-2eae0d9f51d5025a,oe:team:4c4f442efee238e1448bc3ad5548a49,Hellions e-Sports Club,oe:player:8a8621e0944d28304e975547f42bab2,oe:player:9dabcc8d4efff43d97013585fa450aa,Squidgy,Frae,2017,3,0,0,,,,,False,
pair-3238a40def34b886,oe:team:d61f857fa7a7d8ea4f0d453526373f7,Tainted Minds,oe:player:9a754e5ccd044dd74ff3a9d184350ab,oe:player:f5d90579d2a9e56c990c40b1a1ef869,Praedyth,Tilting,2017,12,12,6,-0.19890530,-0.10849380,-0.19235032,-0.02959413,True,0.41666667
pair-34d808ba21d651a2,oe:team:7aebbd262ba4e37525795a0e0846ca0,Sin Gaming,oe:player:771a4be9e474d6ed0f40cd9a9862a00,oe:player:dcddcc7e6055f66fa9bf8eb2b8d3fa1,Rogue,Skwiggle,2017,4,0,0,,,,,False,
pair-3a2b51675a896036,oe:team:cbbafed5c0ebf092e70ef9821426b2f,Team Exile5,oe:player:5828c02e36bdec3f64f87fb9bb9d6ce,oe:player:c89bbb5118b3f64b2295831f52d102b,tgun,ChrisMisTrees,2017,14,14,6,-0.13322925,-0.07771706,-0.22143709,0.07844998,True,0.21428571
pair-3c087bc21b535fb5,oe:team:d61f857fa7a7d8ea4f0d453526373f7,Tainted Minds,oe:player:684802b16e3094df181372930f1bba8,oe:player:8a8621e0944d28304e975547f42bab2,Broler,Squidgy,2017,5,5,2,-0.44643672,-0.14881224,,,False,0.20000000
pair-3c5018baef446663,oe:team:023ba1e4767910cd55b399cf9094b15,Team Regicide,oe:player:c76a7a5558d48eb9678e5166cedbc49,oe:player:ef70f9866faf96288713dcbd4ca6d3d,Kedu,Yaelay,2017,3,3,2,-0.35270261,-0.08139291,,,False,0.66666667
pair-3cb787a090b5b850,oe:team:d61f857fa7a7d8ea4f0d453526373f7,Tainted Minds,oe:player:17c0cb15fae9b0853d484ceb0a5d687,oe:player:f5d90579d2a9e56c990c40b1a1ef869,Wzrd,Tilting,2017,12,12,6,-0.37917694,-0.20682378,-0.25160032,-0.12985879,True,0.41666667
pair-3d20c7a2272681f5,oe:team:cbbafed5c0ebf092e70ef9821426b2f,Team Exile5,oe:player:4e250206a2ec68eef61a415223a74c4,oe:player:83103fdae7836eee9895610a5ede0ff,Glup,Guts,2017,4,0,0,,,,,False,
pair-3f0931bd9f4d7f83,oe:team:023ba1e4767910cd55b399cf9094b15,Team Regicide,oe:player:1e978db1cbc0d196add9a6f88989ea8,oe:player:c76a7a5558d48eb9678e5166cedbc49,Fade,Kedu,2017,9,9,5,-0.02062917,-0.00977171,-0.23119957,0.16307351,False,0.44444444
pair-3f4332c6a38ed29e,oe:team:692bccdba8ec7050f5aeb916815439e,Chiefs Esports Club,oe:player:0ce4d07d37b7641507df677b021b0f7,oe:player:eaaf2e20683cde8408d05159c05528c,Fesh,Aladoric,2017,4,4,2,-0.29639265,-0.08468362,,,False,0.50000000
pair-3fd5c580ea255f2c,oe:team:de55ffb045c6780ab5edf7e5d74b4d5,Abyss Esports,oe:player:b0a4ae62486ca215c199e72698738b7,oe:player:c8a23798f7577fe951f173d3380bee0,Pabu,Raid,2017,32,32,14,0.25034402,0.19073830,0.02244196,0.35272685,True,0.31250000
pair-4077733629fb0db4,oe:team:4f5a0b869cd5960c307d1c45e9399a3,Legacy Esports,oe:player:a186b71193438980dfc3ea5c54b6f87,oe:player:fbebe083c5b1b5e088996c28fb19f9e,Chuz,Carbon,2017,4,4,2,-0.13760282,-0.03931509,,,False,0.50000000
pair-407cb640245b86b7,oe:team:cd6e0eea04af23b9c0735dab41a9941,Dire Wolves,oe:player:5cc4071294a16477e992b3c8a2b7715,oe:player:6b2acf5555e281f3e64f9a338da6a66,Shernfire,destiny,2017,50,46,18,-0.07965250,-0.06542884,-0.22346364,0.11981027,True,0.80434783
pair-40bced00ea63eccd,oe:team:692bccdba8ec7050f5aeb916815439e,Chiefs Esports Club,oe:player:12dac41a4031ae05b367bd98890b4ff,oe:player:2c14d0f52bf1772e3353ce799537ad5,EGym,Swiffer,2017,56,45,17,-0.29350911,-0.24014382,-0.37787172,-0.07709040,True,0.62222222
pair-40ce12a5ca9491bb,oe:team:5bef6688c36d00642436d00a83d9c14,Avant Gaming,oe:player:71abdf09ea3f9efb2fc7abae36672b8,oe:player:7f6085537e65c3981b8b69f315cc2aa,Blinky,Chelby,2017,13,3,1,-0.43140439,-0.09955486,,,False,0.66666667
pair-42b699024f599079,oe:team:7aebbd262ba4e37525795a0e0846ca0,Sin Gaming,oe:player:771a4be9e474d6ed0f40cd9a9862a00,oe:player:afba3f0809f2d540601ed909e805557,Rogue,Juves,2017,79,64,21,-0.50266235,-0.43473501,-0.58573599,-0.27144407,True,0.57812500
pair-43c3b00feae49b0c,oe:team:d61f857fa7a7d8ea4f0d453526373f7,Tainted Minds,oe:player:0ce4d07d37b7641507df677b021b0f7,oe:player:6f2c577939b40990603f60a0d4e87df,Fesh,Grisha,2017,3,0,0,,,,,False,
pair-44fcfb59c4070c02,oe:team:5bef6688c36d00642436d00a83d9c14,Avant Gaming,oe:player:70e46e5150b473c0280af7ce6ea8f32,oe:player:71abdf09ea3f9efb2fc7abae36672b8,Jayke,Blinky,2017,57,47,17,-0.24683512,-0.20353072,-0.32858194,-0.04904519,True,0.46808511
pair-46641b4eb8a7c2b3,oe:team:de55ffb045c6780ab5edf7e5d74b4d5,Abyss Esports,oe:player:b0a4ae62486ca215c199e72698738b7,oe:player:dace1b204023297c9eb38f876796968,Pabu,Looch,2017,23,23,10,0.28835449,0.20097434,0.03455027,0.34488449,True,0.30434783
pair-472e90ffce589c1f,oe:team:de55ffb045c6780ab5edf7e5d74b4d5,Abyss Esports,oe:player:9dabcc8d4efff43d97013585fa450aa,oe:player:9dee8229155db80a829df4bcc0b2dee,Frae,Mirin,2017,26,14,6,-0.09558348,-0.05575703,-0.25636573,0.11481643,True,0.35714286
pair-4910783903f2b971,oe:team:7aebbd262ba4e37525795a0e0846ca0,Sin Gaming,oe:player:33daef70f45123c10a232b800d930a0,oe:player:771a4be9e474d6ed0f40cd9a9862a00,Flaresz,Rogue,2017,41,30,9,0.16538194,0.12403645,-0.09925940,0.32809042,True,0.56666667
pair-49b02d0978b56562,oe:team:4f5a0b869cd5960c307d1c45e9399a3,Legacy Esports,oe:player:2e442d9bae67dbe9b4e4eb0ce93c002,oe:player:ffe12ca365c767c1e816fc756046de5,Claire,Cupcake,2017,55,45,17,-0.02202252,-0.01801842,-0.18793295,0.16900987,True,0.64444444
pair-4ba03bf0dca6e893,oe:team:439e4e85c9c426a80587a334dc9c2e9,TM Gaming,oe:player:5828c02e36bdec3f64f87fb9bb9d6ce,oe:player:9a754e5ccd044dd74ff3a9d184350ab,tgun,Praedyth,2017,24,24,10,-0.06462256,-0.04561592,-0.24168922,0.12091481,True,0.16666667
pair-4f1abddc909d116f,oe:team:cbbafed5c0ebf092e70ef9821426b2f,Team Exile5,oe:player:5828c02e36bdec3f64f87fb9bb9d6ce,oe:player:9a15aa35edb26ce8b555e094907e505,tgun,Siuman,2017,4,0,0,,,,,False,
pair-4f80a2b9da903503,oe:team:692bccdba8ec7050f5aeb916815439e,Chiefs Esports Club,oe:player:0ce4d07d37b7641507df677b021b0f7,oe:player:898ee50ff519b9eec2327e3597cdad5,Fesh,Pacman,2017,4,4,2,-0.62412833,-0.17832238,,,False,0.50000000
pair-520fa29f6930625e,oe:team:692bccdba8ec7050f5aeb916815439e,Chiefs Esports Club,oe:player:1a6d021d4e5d341cfcd12a39c39b0ef,oe:player:9a15aa35edb26ce8b555e094907e505,Yuzuki,Siuman,2017,4,4,2,-0.47419103,-0.13548315,,,False,0.50000000
pair-52396b565cc983b0,oe:team:439e4e85c9c426a80587a334dc9c2e9,TM Gaming,oe:player:8392461cf759088854e16710b9b75d1,oe:player:9a754e5ccd044dd74ff3a9d184350ab,Only,Praedyth,2017,24,24,10,0.08836362,0.06237432,-0.15428681,0.22782272,True,0.16666667
pair-53fb602bcab73095,oe:team:023ba1e4767910cd55b399cf9094b15,Team Regicide,oe:player:915d8a40e3e9184adf0a8235762d99c,oe:player:fad0bc5b2deabcf01ea9a55dbae1a30,LoveZrr,Chenyboy,2017,17,17,8,-0.00359604,-0.00226417,-0.18901500,0.20841278,True,0.41176471
pair-54b10b43fe84d856,oe:team:cbbafed5c0ebf092e70ef9821426b2f,Team Exile5,oe:player:0ce4d07d37b7641507df677b021b0f7,oe:player:9a15aa35edb26ce8b555e094907e505,Fesh,Siuman,2017,3,0,0,,,,,False,
pair-54d359369c1d716d,oe:team:023ba1e4767910cd55b399cf9094b15,Team Regicide,oe:player:9a15aa35edb26ce8b555e094907e505,oe:player:b7dc4a8fb8490f8927497899fa15cc7,Siuman,Chenxuan,2017,11,11,6,-0.45573981,-0.23872085,-0.35286488,-0.11994654,True,0.27272727
pair-56391bc1f1dc329f,oe:team:5bef6688c36d00642436d00a83d9c14,Avant Gaming,oe:player:3b973d4da6ce40c0eb65394fb622297,oe:player:71abdf09ea3f9efb2fc7abae36672b8,Triple,Blinky,2017,57,47,17,0.12681702,0.10456842,-0.05342129,0.29265513,True,0.46808511
pair-5836dec850adccb7,oe:team:cbbafed5c0ebf092e70ef9821426b2f,Team Exile5,oe:player:83103fdae7836eee9895610a5ede0ff,oe:player:8dc437974ecdfd4db3539268c48a751,Guts,Crayzee,2017,29,21,9,-0.08453877,-0.05726820,-0.37631528,0.25906241,True,0.19047619
pair-5a50ddd3b53647f4,oe:team:4c4f442efee238e1448bc3ad5548a49,Hellions e-Sports Club,oe:player:8a8621e0944d28304e975547f42bab2,oe:player:cae17c26d23065ef9021720982ece6f,Squidgy,Vengeance,2017,3,0,0,,,,,False,
pair-5b4999fe9cac94b8,oe:team:023ba1e4767910cd55b399cf9094b15,Team Regicide,oe:player:5cfd2266b5c1394090f29498fe0576e,oe:player:fad0bc5b2deabcf01ea9a55dbae1a30,Kpop,Chenyboy,2017,4,4,2,-0.25845768,-0.07384505,,,False,0.25000000
pair-5b7c6560ccdea18c,oe:team:de55ffb045c6780ab5edf7e5d74b4d5,Abyss Esports,oe:player:9dabcc8d4efff43d97013585fa450aa,oe:player:c8a23798f7577fe951f173d3380bee0,Frae,Raid,2017,26,14,6,0.04978256,0.02903982,-0.27435923,0.23935683,True,0.35714286
pair-5c3e7db812c2dc1c,oe:team:023ba1e4767910cd55b399cf9094b15,Team Regicide,oe:player:5cfd2266b5c1394090f29498fe0576e,oe:player:915d8a40e3e9184adf0a8235762d99c,Kpop,LoveZrr,2017,5,5,2,-0.31030251,-0.10343417,,,False,0.20000000
pair-5ec2410bc975263a,oe:team:d61f857fa7a7d8ea4f0d453526373f7,Tainted Minds,oe:player:17c0cb15fae9b0853d484ceb0a5d687,oe:player:b76986f9d46fbe31ff0a57bb733214f,Wzrd,Bluz0r,2017,2,2,1,-0.53833975,-0.08972329,,,False,0.00000000
pair-603b66960475d4ca,oe:team:7aebbd262ba4e37525795a0e0846ca0,Sin Gaming,oe:player:5385f74da3e5deb5b66d9a1ee56cf97,oe:player:5b4a9ba6121c6d0e37076f8f3523000,Dhokla,Ryoma,2017,34,34,12,0.11082135,0.08563468,-0.07727573,0.25210429,True,0.58823529
pair-608cc205f3651ad4,oe:team:023ba1e4767910cd55b399cf9094b15,Team Regicide,oe:player:b7dc4a8fb8490f8927497899fa15cc7,oe:player:fad0bc5b2deabcf01ea9a55dbae1a30,Chenxuan,Chenyboy,2017,3,3,2,-0.85794314,-0.19798688,,,False,0.33333333
pair-60c66086b26ee03c,oe:team:cbbafed5c0ebf092e70ef9821426b2f,Team Exile5,oe:player:83103fdae7836eee9895610a5ede0ff,oe:player:c89bbb5118b3f64b2295831f52d102b,Guts,ChrisMisTrees,2017,14,14,6,0.01221489,0.00712535,-0.22388521,0.27950666,True,0.21428571
pair-61672f43db300a9b,oe:team:d61f857fa7a7d8ea4f0d453526373f7,Tainted Minds,oe:player:8a8621e0944d28304e975547f42bab2,oe:player:b76986f9d46fbe31ff0a57bb733214f,Squidgy,Bluz0r,2017,2,2,1,-0.86629388,-0.14438231,,,False,0.00000000
pair-61b48fc8e7c5114d,oe:team:692bccdba8ec7050f5aeb916815439e,Chiefs Esports Club,oe:player:2c14d0f52bf1772e3353ce799537ad5,oe:player:b168931509a558db4b062201d259c45,Swiffer,Swip3rR,2017,56,45,17,-0.00475871,-0.00389349,-0.21422918,0.23379697,True,0.62222222
pair-633b5c0cf89c60ed,oe:team:d61f857fa7a7d8ea4f0d453526373f7,Tainted Minds,oe:player:9a754e5ccd044dd74ff3a9d184350ab,oe:player:b0a4ae62486ca215c199e72698738b7,Praedyth,Pabu,2017,3,0,0,,,,,False,
pair-643c6edb29df6ef6,oe:team:d61f857fa7a7d8ea4f0d453526373f7,Tainted Minds,oe:player:0ce4d07d37b7641507df677b021b0f7,oe:player:684802b16e3094df181372930f1bba8,Fesh,Broler,2017,3,0,0,,,,,False,
pair-64d82871dc1bf311,oe:team:7aebbd262ba4e37525795a0e0846ca0,Sin Gaming,oe:player:5b4a9ba6121c6d0e37076f8f3523000,oe:player:771a4be9e474d6ed0f40cd9a9862a00,Ryoma,Rogue,2017,61,61,20,0.01316169,0.01130793,-0.11301208,0.15424769,True,0.59016393
pair-65777d2de3ce9073,oe:team:de55ffb045c6780ab5edf7e5d74b4d5,Abyss Esports,oe:player:9dabcc8d4efff43d97013585fa450aa,oe:player:b0a4ae62486ca215c199e72698738b7,Frae,Pabu,2017,9,9,4,0.16522091,0.07826253,-0.11298900,0.24822604,False,0.33333333
pair-677e22a7a71e6ddf,oe:team:5bef6688c36d00642436d00a83d9c14,Avant Gaming,oe:player:b1e626ea59ccc65957bf8beb11f7669,oe:player:e39d9ffcf08b637ebf7ace59509ef5d,Sybol,Ceres,2017,44,44,16,-0.10894596,-0.08877078,-0.25096900,0.10942847,True,0.45454545
pair-68f01795f46d866b,oe:team:d61f857fa7a7d8ea4f0d453526373f7,Tainted Minds,oe:player:c33de864be225948486047a145b4bf1,oe:player:e57ef5f8ab42a0364a11b50f2a86b81,Le Grain,ShorterACE,2017,9,0,0,,,,,False,
pair-68f337f4ece0beff,oe:team:4f5a0b869cd5960c307d1c45e9399a3,Legacy Esports,oe:player:2e442d9bae67dbe9b4e4eb0ce93c002,oe:player:fbebe083c5b1b5e088996c28fb19f9e,Claire,Carbon,2017,55,45,17,-0.15235548,-0.12465449,-0.31726245,0.08621469,True,0.64444444
pair-6a6806b9dc18cdca,oe:team:d61f857fa7a7d8ea4f0d453526373f7,Tainted Minds,oe:player:b41c38635897d17b1f0059c91e6e9a6,oe:player:c33de864be225948486047a145b4bf1,Rosey,Le Grain,2017,9,0,0,,,,,False,
pair-6a7c6c552e26e345,oe:team:439e4e85c9c426a80587a334dc9c2e9,TM Gaming,oe:player:77ed4d7ce3461d5976ad2e15713f6b7,oe:player:8392461cf759088854e16710b9b75d1,Shok,Only,2017,24,24,10,-0.14086656,-0.09943522,-0.25937385,0.06055733,True,0.16666667
pair-6b8eb886d59c6e26,oe:team:cbbafed5c0ebf092e70ef9821426b2f,Team Exile5,oe:player:1fe24eaeba1591c9ba00e30938c9f18,oe:player:4e250206a2ec68eef61a415223a74c4,FiveToEight,Glup,2017,4,0,0,,,,,False,
pair-6d50abe1ec1306d7,oe:team:5bef6688c36d00642436d00a83d9c14,Avant Gaming,oe:player:3b973d4da6ce40c0eb65394fb622297,oe:player:e39d9ffcf08b637ebf7ace59509ef5d,Triple,Ceres,2017,57,47,17,0.12625127,0.10410193,-0.08315675,0.30428960,True,0.46808511
pair-6e12e68d815f36b7,oe:team:d61f857fa7a7d8ea4f0d453526373f7,Tainted Minds,oe:player:0ce4d07d37b7641507df677b021b0f7,oe:player:b0a4ae62486ca215c199e72698738b7,Fesh,Pabu,2017,3,0,0,,,,,False,
pair-6e69c802b00ef4ea,oe:team:7aebbd262ba4e37525795a0e0846ca0,Sin Gaming,oe:player:73d2b65353d7b00e0f198ffdc085edc,oe:player:afba3f0809f2d540601ed909e805557,FBI,Juves,2017,75,64,21,-0.27458257,-0.23747681,-0.40805417,-0.08280155,True,0.57812500
pair-6f627adb9ede8bb5,oe:team:638506106b833cf5649e0490244eed4,Legacy Genesis,oe:player:23ca732e8a71e0f640eee75fab9bcbe,oe:player:cfcaf2ae7aefa4a63e893debafcd880,Kulo,Zammi,2017,4,0,0,,,,,False,
pair-7183970261da137f,oe:team:de55ffb045c6780ab5edf7e5d74b4d5,Abyss Esports,oe:player:b41c38635897d17b1f0059c91e6e9a6,oe:player:dace1b204023297c9eb38f876796968,Rosey,Looch,2017,23,23,10,0.24020107,0.16741287,0.01856096,0.29623469,True,0.30434783
pair-74e9b1805e82b9db,oe:team:7aebbd262ba4e37525795a0e0846ca0,Sin Gaming,oe:player:17c0cb15fae9b0853d484ceb0a5d687,oe:player:d0050bae92b98ebfd4284195984d899,Wzrd,Raps,2017,4,0,0,,,,,False,
pair-76295e9413236ad5,oe:team:7aebbd262ba4e37525795a0e0846ca0,Sin Gaming,oe:player:5385f74da3e5deb5b66d9a1ee56cf97,oe:player:73d2b65353d7b00e0f198ffdc085edc,Dhokla,FBI,2017,34,34,12,0.11956510,0.09239122,-0.15477325,0.30175771,True,0.58823529
pair-768b076308088e0b,oe:team:7aebbd262ba4e37525795a0e0846ca0,Sin Gaming,oe:player:33daef70f45123c10a232b800d930a0,oe:player:5b4a9ba6121c6d0e37076f8f3523000,Flaresz,Ryoma,2017,27,27,8,0.25621879,0.18697047,-0.00086256,0.36315934,True,0.59259259
pair-77e992b78722592f,oe:team:692bccdba8ec7050f5aeb916815439e,Chiefs Esports Club,oe:player:9a15aa35edb26ce8b555e094907e505,oe:player:eaaf2e20683cde8408d05159c05528c,Siuman,Aladoric,2017,4,4,2,0.19299404,0.05514115,,,False,0.50000000
pair-786fe3ede779be9b,oe:team:4c4f442efee238e1448bc3ad5548a49,Hellions e-Sports Club,oe:player:2b5df2c7a311f4190006208c51e2dcd,oe:player:cae17c26d23065ef9021720982ece6f,Ryoo,Vengeance,2017,3,0,0,,,,,False,
pair-78b97f269a340e0d,oe:team:de55ffb045c6780ab5edf7e5d74b4d5,Abyss Esports,oe:player:22af3ab9b53ccf0d41e3c4fa7ad1497,oe:player:898ee50ff519b9eec2327e3597cdad5,Seb,Pacman,2017,17,5,2,0.08331343,0.02777114,,,False,0.40000000
pair-7930c5e2d33237d0,oe:team:7aebbd262ba4e37525795a0e0846ca0,Sin Gaming,oe:player:d0050bae92b98ebfd4284195984d899,oe:player:dcddcc7e6055f66fa9bf8eb2b8d3fa1,Raps,Skwiggle,2017,4,0,0,,,,,False,
pair-79622312e1f9bb6c,oe:team:7aebbd262ba4e37525795a0e0846ca0,Sin Gaming,oe:player:5385f74da3e5deb5b66d9a1ee56cf97,oe:player:afba3f0809f2d540601ed909e805557,Dhokla,Juves,2017,34,34,12,-0.58270922,-0.45027531,-0.62382904,-0.27583291,True,0.58823529
pair-7a0e94eb29dd1e77,oe:team:4f5a0b869cd5960c307d1c45e9399a3,Legacy Esports,oe:player:2e442d9bae67dbe9b4e4eb0ce93c002,oe:player:56045764051a2e5cf313ee3dd5a61cc,Claire,Tally,2017,55,45,17,0.11570999,0.09467181,-0.08454910,0.31178023,True,0.64444444
pair-7a1807df6c0f3be2,oe:team:023ba1e4767910cd55b399cf9094b15,Team Regicide,oe:player:9a15aa35edb26ce8b555e094907e505,oe:player:ef70f9866faf96288713dcbd4ca6d3d,Siuman,Yaelay,2017,4,4,3,-0.11992589,-0.03426454,-0.05406607,-0.00017209,False,0.50000000
pair-7c3022d730977611,oe:team:4f5a0b869cd5960c307d1c45e9399a3,Legacy Esports,oe:player:56045764051a2e5cf313ee3dd5a61cc,oe:player:ffe12ca365c767c1e816fc756046de5,Tally,Cupcake,2017,59,49,19,-0.22957480,-0.19066381,-0.32192784,-0.04701425,True,0.63265306
pair-7dd8a8c33010e27e,oe:team:692bccdba8ec7050f5aeb916815439e,Chiefs Esports Club,oe:player:12dac41a4031ae05b367bd98890b4ff,oe:player:b168931509a558db4b062201d259c45,EGym,Swip3rR,2017,56,45,17,-0.30454855,-0.24917608,-0.36729560,-0.10839541,True,0.62222222
pair-7e104e81c537db51,oe:team:de55ffb045c6780ab5edf7e5d74b4d5,Abyss Esports,oe:player:22af3ab9b53ccf0d41e3c4fa7ad1497,oe:player:b0a4ae62486ca215c199e72698738b7,Seb,Pabu,2017,32,32,14,0.03678305,0.02802518,-0.10861199,0.14128634,True,0.31250000
pair-7ea9cd71c4122f1b,oe:team:4f5a0b869cd5960c307d1c45e9399a3,Legacy Esports,oe:player:2e442d9bae67dbe9b4e4eb0ce93c002,oe:player:b578b733cbb788fc6ad208314d2c4c2,Claire,Lost,2017,55,45,17,0.25637794,0.20976377,-0.00884356,0.49219823,True,0.64444444
pair-7ed575d2577f7fd6,oe:team:d61f857fa7a7d8ea4f0d453526373f7,Tainted Minds,oe:player:6f2c577939b40990603f60a0d4e87df,oe:player:9a754e5ccd044dd74ff3a9d184350ab,Grisha,Praedyth,2017,3,0,0,,,,,False,
pair-7ed64db83d71b36d,oe:team:9454328308280a614737117e4326bfb,Outlaws,oe:player:6aa036de3fa6c6f1115df7c22a89617,oe:player:7ad998454e32c08fbbe7ce590e4ead0,Chazz,Skamdiggidy,2017,4,4,2,-0.38973993,-0.11135426,,,False,0.25000000
pair-7ff4d7117e864a82,oe:team:023ba1e4767910cd55b399cf9094b15,Team Regicide,oe:player:1e978db1cbc0d196add9a6f88989ea8,oe:player:9a15aa35edb26ce8b555e094907e505,Fade,Siuman,2017,19,19,9,-0.20632929,-0.13518126,-0.32410530,0.00988908,True,0.15789474
pair-800e72a4eb00fcc5,oe:team:cd6e0eea04af23b9c0735dab41a9941,Dire Wolves,oe:player:5cc4071294a16477e992b3c8a2b7715,oe:player:b1e626ea59ccc65957bf8beb11f7669,Shernfire,Sybol,2017,1,1,1,-0.77667356,-0.07060669,,,False,1.00000000
pair-80cb5a4e6bba76d5,oe:team:5bef6688c36d00642436d00a83d9c14,Avant Gaming,oe:player:7f6085537e65c3981b8b69f315cc2aa,oe:player:e39d9ffcf08b637ebf7ace59509ef5d,Chelby,Ceres,2017,13,3,1,-0.59853001,-0.13812231,,,False,0.66666667
pair-81d54cda1b1cd9d8,oe:team:de55ffb045c6780ab5edf7e5d74b4d5,Abyss Esports,oe:player:898ee50ff519b9eec2327e3597cdad5,oe:player:9dee8229155db80a829df4bcc0b2dee,Pacman,Mirin,2017,17,5,2,-0.22466076,-0.07488692,,,False,0.40000000
pair-82c2ec0535475c74,oe:team:d61f857fa7a7d8ea4f0d453526373f7,Tainted Minds,oe:player:8392461cf759088854e16710b9b75d1,oe:player:f5d90579d2a9e56c990c40b1a1ef869,Only,Tilting,2017,12,12,6,-0.03205879,-0.01748661,-0.14938350,0.09338389,True,0.41666667
pair-8320c54575eae96d,oe:team:cbbafed5c0ebf092e70ef9821426b2f,Team Exile5,oe:player:0ce4d07d37b7641507df677b021b0f7,oe:player:71abdf09ea3f9efb2fc7abae36672b8,Fesh,Blinky,2017,3,0,0,,,,,False,
pair-83a2a9cb82b501bd,oe:team:9454328308280a614737117e4326bfb,Outlaws,oe:player:2e66b9c548786b254028ee93161a4b8,oe:player:b37f154096ebd9602f1b0952e03a365,Raining,Wilaris,2017,4,4,2,-0.79091964,-0.22597704,,,False,0.25000000
pair-8415778c5c3f68ee,oe:team:023ba1e4767910cd55b399cf9094b15,Team Regicide,oe:player:3d334244ad8305805ec0617fd60f15d,oe:player:c76a7a5558d48eb9678e5166cedbc49,Wai,Kedu,2017,4,4,2,-0.41518353,-0.11862387,,,False,1.00000000
pair-841bbc729e489604,oe:team:9454328308280a614737117e4326bfb,Outlaws,oe:player:2e66b9c548786b254028ee93161a4b8,oe:player:8646e0aa6204b616e2ea670b24e254d,Raining,Little Kop,2017,4,4,2,-0.72853197,-0.20815199,,,False,0.25000000
pair-86c491d88a644a4e,oe:team:439e4e85c9c426a80587a334dc9c2e9,TM Gaming,oe:player:6e2dd0dca553b6546378054b69e2a11,oe:player:9a754e5ccd044dd74ff3a9d184350ab,Low,Praedyth,2017,24,24,10,0.17627431,0.12442892,-0.17526200,0.40583547,True,0.16666667
pair-8861ebe1869d5d63,oe:team:4f5a0b869cd5960c307d1c45e9399a3,Legacy Esports,oe:player:a186b71193438980dfc3ea5c54b6f87,oe:player:ffe12ca365c767c1e816fc756046de5,Chuz,Cupcake,2017,4,4,2,-0.15376459,-0.04393274,,,False,0.50000000
pair-891c7e89fb77ff08,oe:team:cbbafed5c0ebf092e70ef9821426b2f,Team Exile5,oe:player:83103fdae7836eee9895610a5ede0ff,oe:player:9a15aa35edb26ce8b555e094907e505,Guts,Siuman,2017,4,0,0,,,,,False,
pair-899deaa33cb14e49,oe:team:7aebbd262ba4e37525795a0e0846ca0,Sin Gaming,oe:player:17c0cb15fae9b0853d484ceb0a5d687,oe:player:73d2b65353d7b00e0f198ffdc085edc,Wzrd,FBI,2017,14,3,1,-0.14616443,-0.03373025,,,False,0.33333333
pair-8a9fa5e11e29dfb9,oe:team:de55ffb045c6780ab5edf7e5d74b4d5,Abyss Esports,oe:player:22af3ab9b53ccf0d41e3c4fa7ad1497,oe:player:9dabcc8d4efff43d97013585fa450aa,Seb,Frae,2017,26,14,6,0.13549500,0.07903875,-0.14691447,0.26922816,True,0.35714286
pair-8ad023c9ebfa6c1a,oe:team:023ba1e4767910cd55b399cf9094b15,Team Regicide,oe:player:5cfd2266b5c1394090f29498fe0576e,oe:player:9a15aa35edb26ce8b555e094907e505,Kpop,Siuman,2017,5,5,2,-0.18035386,-0.06011795,,,False,0.20000000
pair-8bca9453f781ec00,oe:team:cd6e0eea04af23b9c0735dab41a9941,Dire Wolves,oe:player:6b2acf5555e281f3e64f9a338da6a66,oe:player:fb18ab6bf6bef08402a580d2a96c106,destiny,k1ng,2017,56,46,18,-0.23480954,-0.19287927,-0.32763446,-0.05277835,True,0.80434783
pair-8bfc571160f7e274,oe:team:023ba1e4767910cd55b399cf9094b15,Team Regicide,oe:player:1e978db1cbc0d196add9a6f88989ea8,oe:player:b7dc4a8fb8490f8927497899fa15cc7,Fade,Chenxuan,2017,8,8,5,-0.42423019,-0.18854675,-0.39823413,0.05144293,False,0.12500000
pair-8c4bb4b0fb1c9d39,oe:team:cbbafed5c0ebf092e70ef9821426b2f,Team Exile5,oe:player:5828c02e36bdec3f64f87fb9bb9d6ce,oe:player:d6319e0e546e009eb5e96b1ddadf7fc,tgun,Midbeast,2017,7,7,3,-0.56373732,-0.23212713,-0.37350829,-0.16428173,False,0.14285714
pair-8ca9d207379095ad,oe:team:4c4f442efee238e1448bc3ad5548a49,Hellions e-Sports Club,oe:player:9dabcc8d4efff43d97013585fa450aa,oe:player:bb4ef5e365efbedebc2d3794bee67c1,Frae,Luna,2017,3,0,0,,,,,False,
pair-8ee6b021a81abce0,oe:team:cbbafed5c0ebf092e70ef9821426b2f,Team Exile5,oe:player:83103fdae7836eee9895610a5ede0ff,oe:player:d6319e0e546e009eb5e96b1ddadf7fc,Guts,Midbeast,2017,7,7,3,-0.22971706,-0.09458938,-0.43070710,0.06680858,False,0.14285714
pair-8f452a2d21a27e80,oe:team:de55ffb045c6780ab5edf7e5d74b4d5,Abyss Esports,oe:player:b0a4ae62486ca215c199e72698738b7,oe:player:b41c38635897d17b1f0059c91e6e9a6,Pabu,Rosey,2017,23,23,10,-0.05183385,-0.03612662,-0.13287923,0.06019937,True,0.30434783
pair-910fb7c762c0d68c,oe:team:d61f857fa7a7d8ea4f0d453526373f7,Tainted Minds,oe:player:a186b71193438980dfc3ea5c54b6f87,oe:player:e57ef5f8ab42a0364a11b50f2a86b81,Chuz,ShorterACE,2017,9,0,0,,,,,False,
pair-91c6b5ed998fded0,oe:team:cbbafed5c0ebf092e70ef9821426b2f,Team Exile5,oe:player:8dc437974ecdfd4db3539268c48a751,oe:player:c89bbb5118b3f64b2295831f52d102b,Crayzee,ChrisMisTrees,2017,14,14,6,-0.30642571,-0.17874833,-0.44556966,0.10847229,True,0.21428571
pair-93b8f9d69239d0f4,oe:team:692bccdba8ec7050f5aeb916815439e,Chiefs Esports Club,oe:player:0ce4d07d37b7641507df677b021b0f7,oe:player:1a6d021d4e5d341cfcd12a39c39b0ef,Fesh,Yuzuki,2017,4,4,2,-0.96357772,-0.27530792,,,False,0.50000000
pair-95c7d30e2a6fd3b1,oe:team:5bef6688c36d00642436d00a83d9c14,Avant Gaming,oe:player:70e46e5150b473c0280af7ce6ea8f32,oe:player:e39d9ffcf08b637ebf7ace59509ef5d,Jayke,Ceres,2017,57,47,17,-0.24740087,-0.20399721,-0.37041566,-0.00587347,True,0.46808511
pair-972ab56f4fabf55c,oe:team:5bef6688c36d00642436d00a83d9c14,Avant Gaming,oe:player:70e46e5150b473c0280af7ce6ea8f32,oe:player:7f6085537e65c3981b8b69f315cc2aa,Jayke,Chelby,2017,13,3,1,-0.53937643,-0.12447148,,,False,0.66666667
pair-981c1a6b096242c0,oe:team:7aebbd262ba4e37525795a0e0846ca0,Sin Gaming,oe:player:17c0cb15fae9b0853d484ceb0a5d687,oe:player:33daef70f45123c10a232b800d930a0,Wzrd,Flaresz,2017,14,3,1,0.00818917,0.00188981,,,False,0.33333333
pair-98517bbdc36e6224,oe:team:023ba1e4767910cd55b399cf9094b15,Team Regicide,oe:player:1e978db1cbc0d196add9a6f88989ea8,oe:player:3d334244ad8305805ec0617fd60f15d,Fade,Wai,2017,4,4,2,0.11089689,0.03168483,,,False,1.00000000
pair-9852b658a71efcf1,oe:team:692bccdba8ec7050f5aeb916815439e,Chiefs Esports Club,oe:player:2c14d0f52bf1772e3353ce799537ad5,oe:player:e1a40cd48a61080eedd106131598013,Swiffer,Spookz,2017,56,45,17,-0.19878583,-0.16264295,-0.37137479,0.09192106,True,0.62222222
pair-98d4b125655937f5,oe:team:4f5a0b869cd5960c307d1c45e9399a3,Legacy Esports,oe:player:fbebe083c5b1b5e088996c28fb19f9e,oe:player:ffe12ca365c767c1e816fc756046de5,Carbon,Cupcake,2017,59,49,19,-0.45733755,-0.37982271,-0.53254983,-0.22226603,True,0.63265306
pair-9b23f4dc3ef5038e,oe:team:cbbafed5c0ebf092e70ef9821426b2f,Team Exile5,oe:player:1fe24eaeba1591c9ba00e30938c9f18,oe:player:d6319e0e546e009eb5e96b1ddadf7fc,FiveToEight,Midbeast,2017,7,7,3,-0.50868853,-0.20945998,-0.36702037,-0.13485353,False,0.14285714
pair-9d5f6f4a9dc7ac82,oe:team:692bccdba8ec7050f5aeb916815439e,Chiefs Esports Club,oe:player:1a6d021d4e5d341cfcd12a39c39b0ef,oe:player:898ee50ff519b9eec2327e3597cdad5,Yuzuki,Pacman,2017,4,4,2,-0.74154462,-0.21186989,,,False,0.50000000
pair-9d7cd07bbd795dfe,oe:team:692bccdba8ec7050f5aeb916815439e,Chiefs Esports Club,oe:player:b168931509a558db4b062201d259c45,oe:player:e1a40cd48a61080eedd106131598013,Swip3rR,Spookz,2017,56,45,17,-0.20982527,-0.17167522,-0.36246866,0.06285115,True,0.62222222
pair-9db6ea304d64cd02,oe:team:5bef6688c36d00642436d00a83d9c14,Avant Gaming,oe:player:71abdf09ea3f9efb2fc7abae36672b8,oe:player:e39d9ffcf08b637ebf7ace59509ef5d,Blinky,Ceres,2017,57,47,17,-0.15220409,-0.12550162,-0.29031865,0.07828844,True,0.46808511
pair-9fac445ae0e1f330,oe:team:cd6e0eea04af23b9c0735dab41a9941,Dire Wolves,oe:player:c51c8bbd9e8c8bc49042ccd5d3e9864,oe:player:d11c67c4c3a40031d66d32ecb806d53,Richard,Chippys,2017,55,45,18,0.19451291,0.15914693,-0.00115072,0.33358384,True,0.80000000
pair-a0641f91c4f95d96,oe:team:7aebbd262ba4e37525795a0e0846ca0,Sin Gaming,oe:player:33daef70f45123c10a232b800d930a0,oe:player:73d2b65353d7b00e0f198ffdc085edc,Flaresz,FBI,2017,41,30,9,0.16149998,0.12112499,-0.02149925,0.24346098,True,0.56666667
pair-a221183945c0673d,oe:team:4f5a0b869cd5960c307d1c45e9399a3,Legacy Esports,oe:player:a186b71193438980dfc3ea5c54b6f87,oe:player:b578b733cbb788fc6ad208314d2c4c2,Chuz,Lost,2017,4,4,2,0.35562466,0.10160705,,,False,0.50000000
pair-a6764c48d8546984,oe:team:9454328308280a614737117e4326bfb,Outlaws,oe:player:2e66b9c548786b254028ee93161a4b8,oe:player:6aa036de3fa6c6f1115df7c22a89617,Raining,Chazz,2017,4,4,2,-0.43888837,-0.12539668,,,False,0.25000000
pair-a6d0e3105f94b926,oe:team:d61f857fa7a7d8ea4f0d453526373f7,Tainted Minds,oe:player:8a8621e0944d28304e975547f42bab2,oe:player:f5d90579d2a9e56c990c40b1a1ef869,Squidgy,Tilting,2017,12,12,6,-0.30856764,-0.16830962,-0.31450657,0.00826817,True,0.41666667
pair-a78f7f8580f40c57,oe:team:de55ffb045c6780ab5edf7e5d74b4d5,Abyss Esports,oe:player:9dee8229155db80a829df4bcc0b2dee,oe:player:b0a4ae62486ca215c199e72698738b7,Mirin,Pabu,2017,9,9,4,0.01302786,0.00617109,-0.12950495,0.09947119,False,0.33333333
pair-a894af85b8c86d49,oe:team:023ba1e4767910cd55b399cf9094b15,Team Regicide,oe:player:82a42c3ebfd83735f1aaf93cf8adf7e,oe:player:915d8a40e3e9184adf0a8235762d99c,Decoy,LoveZrr,2017,6,6,3,-0.03122275,-0.01170853,-0.11745433,0.12701877,False,0.16666667
pair-a8e52ed23043626e,oe:team:4f5a0b869cd5960c307d1c45e9399a3,Legacy Esports,oe:player:b578b733cbb788fc6ad208314d2c4c2,oe:player:ffe12ca365c767c1e816fc756046de5,Lost,Cupcake,2017,59,49,19,-0.04170666,-0.03463773,-0.20402422,0.16567393,True,0.63265306
pair-a91f3adfb0e28bcb,oe:team:439e4e85c9c426a80587a334dc9c2e9,TM Gaming,oe:player:5828c02e36bdec3f64f87fb9bb9d6ce,oe:player:6e2dd0dca553b6546378054b69e2a11,tgun,Low,2017,24,24,10,-0.06058658,-0.04276700,-0.30009737,0.16635158,True,0.16666667
pair-a962a5b3073de13d,oe:team:cbbafed5c0ebf092e70ef9821426b2f,Team Exile5,oe:player:1fe24eaeba1591c9ba00e30938c9f18,oe:player:5828c02e36bdec3f64f87fb9bb9d6ce,FiveToEight,tgun,2017,29,21,9,-0.24121232,-0.16340189,-0.29098126,-0.04684987,True,0.19047619
pair-aaa045a829d23959,oe:team:5bef6688c36d00642436d00a83d9c14,Avant Gaming,oe:player:3b973d4da6ce40c0eb65394fb622297,oe:player:b1e626ea59ccc65957bf8beb11f7669,Triple,Sybol,2017,44,44,16,0.15894952,0.12951442,-0.00575601,0.28562087,True,0.45454545
pair-aae493ff140f1102,oe:team:de55ffb045c6780ab5edf7e5d74b4d5,Abyss Esports,oe:player:22af3ab9b53ccf0d41e3c4fa7ad1497,oe:player:b41c38635897d17b1f0059c91e6e9a6,Seb,Rosey,2017,23,23,10,-0.07578041,-0.05281665,-0.20555462,0.10119220,True,0.30434783
pair-ac41905ef1db6cf9,oe:team:cbbafed5c0ebf092e70ef9821426b2f,Team Exile5,oe:player:71abdf09ea3f9efb2fc7abae36672b8,oe:player:c42a95d18e92b06f0d805e97a1314d5,Blinky,Cyk,2017,3,0,0,,,,,False,
pair-ad57cee6bb43d084,oe:team:cbbafed5c0ebf092e70ef9821426b2f,Team Exile5,oe:player:0ce4d07d37b7641507df677b021b0f7,oe:player:c42a95d18e92b06f0d805e97a1314d5,Fesh,Cyk,2017,3,0,0,,,,,False,
pair-afa8b0c9ee3f6700,oe:team:de55ffb045c6780ab5edf7e5d74b4d5,Abyss Esports,oe:player:b41c38635897d17b1f0059c91e6e9a6,oe:player:c8a23798f7577fe951f173d3380bee0,Rosey,Raid,2017,23,23,10,0.21609315,0.15061038,0.01020384,0.28235100,True,0.30434783
pair-b0c8b8682557318e,oe:team:7aebbd262ba4e37525795a0e0846ca0,Sin Gaming,oe:player:17c0cb15fae9b0853d484ceb0a5d687,oe:player:afba3f0809f2d540601ed909e805557,Wzrd,Juves,2017,18,3,1,-0.10997680,-0.02537926,,,False,0.33333333
pair-b246ffa451a7de54,oe:team:7aebbd262ba4e37525795a0e0846ca0,Sin Gaming,oe:player:73d2b65353d7b00e0f198ffdc085edc,oe:player:771a4be9e474d6ed0f40cd9a9862a00,FBI,Rogue,2017,75,64,21,-0.03122019,-0.02700125,-0.17907104,0.11256450,True,0.57812500
pair-b42aa1e70992d632,oe:team:4c4f442efee238e1448bc3ad5548a49,Hellions e-Sports Club,oe:player:2b5df2c7a311f4190006208c51e2dcd,oe:player:bb4ef5e365efbedebc2d3794bee67c1,Ryoo,Luna,2017,3,0,0,,,,,False,
pair-b686cb412a3d2747,oe:team:439e4e85c9c426a80587a334dc9c2e9,TM Gaming,oe:player:6e2dd0dca553b6546378054b69e2a11,oe:player:8392461cf759088854e16710b9b75d1,Low,Only,2017,24,24,10,0.09239959,0.06522324,-0.20597336,0.30805345,True,0.16666667
pair-b775a82d69d75bac,oe:team:4f5a0b869cd5960c307d1c45e9399a3,Legacy Esports,oe:player:56045764051a2e5cf313ee3dd5a61cc,oe:player:a186b71193438980dfc3ea5c54b6f87,Tally,Chuz,2017,4,4,2,-0.36324560,-0.10378446,,,False,0.50000000
pair-b909959e5f413fd6,oe:team:cd6e0eea04af23b9c0735dab41a9941,Dire Wolves,oe:player:d11c67c4c3a40031d66d32ecb806d53,oe:player:fb18ab6bf6bef08402a580d2a96c106,Chippys,k1ng,2017,56,46,18,0.01974897,0.01622237,-0.16756529,0.19679251,True,0.80434783
pair-b90bc9518aaabadf,oe:team:cbbafed5c0ebf092e70ef9821426b2f,Team Exile5,oe:player:71abdf09ea3f9efb2fc7abae36672b8,oe:player:9a15aa35edb26ce8b555e094907e505,Blinky,Siuman,2017,3,0,0,,,,,False,
pair-b9b1611f8a3f2d99,oe:team:7aebbd262ba4e37525795a0e0846ca0,Sin Gaming,oe:player:afba3f0809f2d540601ed909e805557,oe:player:d0050bae92b98ebfd4284195984d899,Juves,Raps,2017,4,0,0,,,,,False,
pair-bab160c25b7f91c4,oe:team:439e4e85c9c426a80587a334dc9c2e9,TM Gaming,oe:player:5828c02e36bdec3f64f87fb9bb9d6ce,oe:player:77ed4d7ce3461d5976ad2e15713f6b7,tgun,Shok,2017,24,24,10,-0.29385273,-0.20742546,-0.36351635,-0.05936673,True,0.16666667
pair-baffc57468a88ff1,oe:team:d61f857fa7a7d8ea4f0d453526373f7,Tainted Minds,oe:player:6f2c577939b40990603f60a0d4e87df,oe:player:b0a4ae62486ca215c199e72698738b7,Grisha,Pabu,2017,3,0,0,,,,,False,
pair-bb5e01d017b72b93,oe:team:7aebbd262ba4e37525795a0e0846ca0,Sin Gaming,oe:player:afba3f0809f2d540601ed909e805557,oe:player:dcddcc7e6055f66fa9bf8eb2b8d3fa1,Juves,Skwiggle,2017,4,0,0,,,,,False,
pair-bd832d54fe0e0673,oe:team:de55ffb045c6780ab5edf7e5d74b4d5,Abyss Esports,oe:player:22af3ab9b53ccf0d41e3c4fa7ad1497,oe:player:9dee8229155db80a829df4bcc0b2dee,Seb,Mirin,2017,26,14,6,-0.09510278,-0.05547662,-0.22557027,0.09573528,True,0.35714286
pair-bdeead5f2da9c327,oe:team:023ba1e4767910cd55b399cf9094b15,Team Regicide,oe:player:82a42c3ebfd83735f1aaf93cf8adf7e,oe:player:fad0bc5b2deabcf01ea9a55dbae1a30,Decoy,Chenyboy,2017,6,6,3,-0.06214643,-0.02330491,-0.06659312,0.00330697,False,0.16666667
pair-becad38a0f38eadb,oe:team:d61f857fa7a7d8ea4f0d453526373f7,Tainted Minds,oe:player:17c0cb15fae9b0853d484ceb0a5d687,oe:player:8392461cf759088854e16710b9b75d1,Wzrd,Only,2017,19,19,9,-0.36561513,-0.23954095,-0.45034042,-0.03671126,True,0.31578947
pair-bf09142879b5cced,oe:team:638506106b833cf5649e0490244eed4,Legacy Genesis,oe:player:5b4a9ba6121c6d0e37076f8f3523000,oe:player:cc75d3f9b862e7e5d667d1ce2430fbd,Ryoma,Babip,2017,4,0,0,,,,,False,
pair-c3081a123849852d,oe:team:5bef6688c36d00642436d00a83d9c14,Avant Gaming,oe:player:70e46e5150b473c0280af7ce6ea8f32,oe:player:b1e626ea59ccc65957bf8beb11f7669,Jayke,Sybol,2017,44,44,16,-0.21406231,-0.17442114,-0.29244796,-0.02744556,True,0.45454545
pair-c462349d0fe8b91d,oe:team:d61f857fa7a7d8ea4f0d453526373f7,Tainted Minds,oe:player:684802b16e3094df181372930f1bba8,oe:player:b0a4ae62486ca215c199e72698738b7,Broler,Pabu,2017,3,0,0,,,,,False,
pair-c4c040b6a47abed1,oe:team:638506106b833cf5649e0490244eed4,Legacy Genesis,oe:player:2049f966dea742cbf2982872fd2d2de,oe:player:23ca732e8a71e0f640eee75fab9bcbe,Reelople,Kulo,2017,4,0,0,,,,,False,
pair-c5d51148e15ad347,oe:team:023ba1e4767910cd55b399cf9094b15,Team Regicide,oe:player:915d8a40e3e9184adf0a8235762d99c,oe:player:c76a7a5558d48eb9678e5166cedbc49,LoveZrr,Kedu,2017,12,12,6,-0.14148352,-0.07717283,-0.26982959,0.09635344,True,0.50000000
pair-c5e73a02d4e518b8,oe:team:023ba1e4767910cd55b399cf9094b15,Team Regicide,oe:player:82a42c3ebfd83735f1aaf93cf8adf7e,oe:player:9a15aa35edb26ce8b555e094907e505,Decoy,Siuman,2017,6,6,3,-0.11444083,-0.04291531,-0.11345923,0.00461359,False,0.16666667
pair-c72be28de3cbad0c,oe:team:cbbafed5c0ebf092e70ef9821426b2f,Team Exile5,oe:player:71abdf09ea3f9efb2fc7abae36672b8,oe:player:ffe12ca365c767c1e816fc756046de5,Blinky,Cupcake,2017,3,0,0,,,,,False,
pair-c85a582110256f36,oe:team:023ba1e4767910cd55b399cf9094b15,Team Regicide,oe:player:1e978db1cbc0d196add9a6f88989ea8,oe:player:5cfd2266b5c1394090f29498fe0576e,Fade,Kpop,2017,5,5,2,-0.24825357,-0.08275119,,,False,0.20000000
pair-c86129ed40d83980,oe:team:cd6e0eea04af23b9c0735dab41a9941,Dire Wolves,oe:player:c51c8bbd9e8c8bc49042ccd5d3e9864,oe:player:fb18ab6bf6bef08402a580d2a96c106,Richard,k1ng,2017,55,45,18,0.07694045,0.06295127,-0.09950197,0.22831819,True,0.80000000
pair-ca1e30e79570eafc,oe:team:023ba1e4767910cd55b399cf9094b15,Team Regicide,oe:player:915d8a40e3e9184adf0a8235762d99c,oe:player:b7dc4a8fb8490f8927497899fa15cc7,LoveZrr,Chenxuan,2017,11,11,6,-0.37331927,-0.19554819,-0.35347434,-0.00528879,True,0.27272727
pair-cb7a5eb15c4ed951,oe:team:9454328308280a614737117e4326bfb,Outlaws,oe:player:7ad998454e32c08fbbe7ce590e4ead0,oe:player:8646e0aa6204b616e2ea670b24e254d,Skamdiggidy,Little Kop,2017,4,4,2,-0.67938353,-0.19410958,,,False,0.25000000
pair-cff90cd7eb88be02,oe:team:de55ffb045c6780ab5edf7e5d74b4d5,Abyss Esports,oe:player:22af3ab9b53ccf0d41e3c4fa7ad1497,oe:player:dace1b204023297c9eb38f876796968,Seb,Looch,2017,23,23,10,0.26440793,0.18428431,0.00364342,0.34712682,True,0.30434783
pair-d04185c9c0a5d91e,oe:team:692bccdba8ec7050f5aeb916815439e,Chiefs Esports Club,oe:player:12dac41a4031ae05b367bd98890b4ff,oe:player:c2c140b8d1f76f3f79b1aba6bb08c37,EGym,Raes,2017,56,45,17,-0.20944195,-0.17136159,-0.33784704,0.00230396,True,0.62222222
pair-d0cfc3ab4445b775,oe:team:692bccdba8ec7050f5aeb916815439e,Chiefs Esports Club,oe:player:898ee50ff519b9eec2327e3597cdad5,oe:player:9a15aa35edb26ce8b555e094907e505,Pacman,Siuman,2017,4,4,2,-0.13474164,-0.03849761,,,False,0.50000000
pair-d2f82cbcd6253a18,oe:team:cbbafed5c0ebf092e70ef9821426b2f,Team Exile5,oe:player:1fe24eaeba1591c9ba00e30938c9f18,oe:player:c89bbb5118b3f64b2295831f52d102b,FiveToEight,ChrisMisTrees,2017,14,14,6,-0.12305051,-0.07177946,-0.31475605,0.15283347,True,0.21428571
pair-d4ea1c782edf6f9f,oe:team:638506106b833cf5649e0490244eed4,Legacy Genesis,oe:player:2049f966dea742cbf2982872fd2d2de,oe:player:cc75d3f9b862e7e5d667d1ce2430fbd,Reelople,Babip,2017,4,0,0,,,,,False,
pair-d6697b09b3d16b23,oe:team:9454328308280a614737117e4326bfb,Outlaws,oe:player:2e66b9c548786b254028ee93161a4b8,oe:player:7ad998454e32c08fbbe7ce590e4ead0,Raining,Skamdiggidy,2017,4,4,2,-0.84235790,-0.24067368,,,False,0.25000000
pair-d69b5557d2d544c9,oe:team:cd6e0eea04af23b9c0735dab41a9941,Dire Wolves,oe:player:b1e626ea59ccc65957bf8beb11f7669,oe:player:d11c67c4c3a40031d66d32ecb806d53,Sybol,Chippys,2017,7,1,1,-0.33715723,-0.03065066,,,False,1.00000000
pair-d70a7e4aaaaf3fdb,oe:team:023ba1e4767910cd55b399cf9094b15,Team Regicide,oe:player:915d8a40e3e9184adf0a8235762d99c,oe:player:ef70f9866faf96288713dcbd4ca6d3d,LoveZrr,Yaelay,2017,4,4,3,-0.04015309,-0.01147231,-0.11911049,0.08186175,False,0.50000000
pair-d8fc712deb1a74ac,oe:team:cbbafed5c0ebf092e70ef9821426b2f,Team Exile5,oe:player:4e250206a2ec68eef61a415223a74c4,oe:player:8dc437974ecdfd4db3539268c48a751,Glup,Crayzee,2017,4,0,0,,,,,False,
pair-d947a75ace3f1850,oe:team:d61f857fa7a7d8ea4f0d453526373f7,Tainted Minds,oe:player:17c0cb15fae9b0853d484ceb0a5d687,oe:player:684802b16e3094df181372930f1bba8,Wzrd,Broler,2017,5,5,2,-0.93647077,-0.31215692,,,False,0.20000000
pair-da99856dc55cd039,oe:team:638506106b833cf5649e0490244eed4,Legacy Genesis,oe:player:cc75d3f9b862e7e5d667d1ce2430fbd,oe:player:cfcaf2ae7aefa4a63e893debafcd880,Babip,Zammi,2017,4,0,0,,,,,False,
pair-db9b2d6eb8e93018,oe:team:7aebbd262ba4e37525795a0e0846ca0,Sin Gaming,oe:player:5b4a9ba6121c6d0e37076f8f3523000,oe:player:73d2b65353d7b00e0f198ffdc085edc,Ryoma,FBI,2017,61,61,20,0.24324090,0.20898162,0.03435841,0.41209234,True,0.59016393
pair-dcebf520dbe59c69,oe:team:023ba1e4767910cd55b399cf9094b15,Team Regicide,oe:player:5cfd2266b5c1394090f29498fe0576e,oe:player:ef70f9866faf96288713dcbd4ca6d3d,Kpop,Yaelay,2017,1,1,1,-0.45029760,-0.04093615,,,False,0.00000000
pair-de8c3a1e31e05183,oe:team:692bccdba8ec7050f5aeb916815439e,Chiefs Esports Club,oe:player:c2c140b8d1f76f3f79b1aba6bb08c37,oe:player:e1a40cd48a61080eedd106131598013,Raes,Spookz,2017,56,45,17,-0.11471867,-0.09386073,-0.33967678,0.16234825,True,0.62222222
pair-df714eef475f9069,oe:team:cbbafed5c0ebf092e70ef9821426b2f,Team Exile5,oe:player:1fe24eaeba1591c9ba00e30938c9f18,oe:player:83103fdae7836eee9895610a5ede0ff,FiveToEight,Guts,2017,29,21,9,-0.03290947,-0.02229351,-0.24864337,0.18303755,True,0.19047619
pair-e03a1bf39331e05f,oe:team:638506106b833cf5649e0490244eed4,Legacy Genesis,oe:player:2049f966dea742cbf2982872fd2d2de,oe:player:5b4a9ba6121c6d0e37076f8f3523000,Reelople,Ryoma,2017,4,0,0,,,,,False,
pair-e06af0aec2d20595,oe:team:d61f857fa7a7d8ea4f0d453526373f7,Tainted Minds,oe:player:9a754e5ccd044dd74ff3a9d184350ab,oe:player:c33de864be225948486047a145b4bf1,Praedyth,Le Grain,2017,9,0,0,,,,,False,
pair-e14168aca6952989,oe:team:023ba1e4767910cd55b399cf9094b15,Team Regicide,oe:player:b7dc4a8fb8490f8927497899fa15cc7,oe:player:ef70f9866faf96288713dcbd4ca6d3d,Chenxuan,Yaelay,2017,3,3,2,-0.29669721,-0.06846859,,,False,0.66666667
pair-e27aeadc0e90a5f7,oe:team:cd6e0eea04af23b9c0735dab41a9941,Dire Wolves,oe:player:5cc4071294a16477e992b3c8a2b7715,oe:player:fb18ab6bf6bef08402a580d2a96c106,Shernfire,k1ng,2017,50,46,18,0.06217140,0.05106937,-0.13736690,0.25295148,True,0.80434783
pair-e2b2aedfd205ec1d,oe:team:cd6e0eea04af23b9c0735dab41a9941,Dire Wolves,oe:player:6b2acf5555e281f3e64f9a338da6a66,oe:player:d11c67c4c3a40031d66d32ecb806d53,destiny,Chippys,2017,56,46,18,-0.12207493,-0.10027584,-0.21013772,0.03214805,True,0.80434783
pair-e4525299da1ac127,oe:team:9454328308280a614737117e4326bfb,Outlaws,oe:player:8646e0aa6204b616e2ea670b24e254d,oe:player:b37f154096ebd9602f1b0952e03a365,Little Kop,Wilaris,2017,4,4,2,-0.62794527,-0.17941294,,,False,0.25000000
pair-e4ec7935b447f898,oe:team:638506106b833cf5649e0490244eed4,Legacy Genesis,oe:player:23ca732e8a71e0f640eee75fab9bcbe,oe:player:5b4a9ba6121c6d0e37076f8f3523000,Kulo,Ryoma,2017,4,0,0,,,,,False,
pair-e524dcc2677a6c84,oe:team:9454328308280a614737117e4326bfb,Outlaws,oe:player:6aa036de3fa6c6f1115df7c22a89617,oe:player:8646e0aa6204b616e2ea670b24e254d,Chazz,Little Kop,2017,4,4,2,-0.27591400,-0.07883257,,,False,0.25000000
pair-e5e0ad2ca0151519,oe:team:cbbafed5c0ebf092e70ef9821426b2f,Team Exile5,oe:player:4e250206a2ec68eef61a415223a74c4,oe:player:5828c02e36bdec3f64f87fb9bb9d6ce,Glup,tgun,2017,4,0,0,,,,,False,
pair-e73c778b0acc5f2a,oe:team:d61f857fa7a7d8ea4f0d453526373f7,Tainted Minds,oe:player:9a754e5ccd044dd74ff3a9d184350ab,oe:player:b76986f9d46fbe31ff0a57bb733214f,Praedyth,Bluz0r,2017,2,2,1,-0.67606684,-0.11267781,,,False,0.00000000
pair-e8ab9ae7b30fe254,oe:team:d61f857fa7a7d8ea4f0d453526373f7,Tainted Minds,oe:player:9a754e5ccd044dd74ff3a9d184350ab,oe:player:b41c38635897d17b1f0059c91e6e9a6,Praedyth,Rosey,2017,9,0,0,,,,,False,
pair-e8ffff173adb5834,oe:team:d61f857fa7a7d8ea4f0d453526373f7,Tainted Minds,oe:player:9a754e5ccd044dd74ff3a9d184350ab,oe:player:e57ef5f8ab42a0364a11b50f2a86b81,Praedyth,ShorterACE,2017,9,0,0,,,,,False,
pair-e91fbe3e2f8c93ec,oe:team:de55ffb045c6780ab5edf7e5d74b4d5,Abyss Esports,oe:player:898ee50ff519b9eec2327e3597cdad5,oe:player:c8a23798f7577fe951f173d3380bee0,Pacman,Raid,2017,17,5,2,-0.18085324,-0.06028441,,,False,0.40000000
pair-ec3d31a03d45749d,oe:team:d61f857fa7a7d8ea4f0d453526373f7,Tainted Minds,oe:player:17c0cb15fae9b0853d484ceb0a5d687,oe:player:8a8621e0944d28304e975547f42bab2,Wzrd,Squidgy,2017,19,19,9,-0.51681080,-0.33860018,-0.51289919,-0.13983907,True,0.31578947
pair-ed2b5074be14553a,oe:team:5bef6688c36d00642436d00a83d9c14,Avant Gaming,oe:player:3b973d4da6ce40c0eb65394fb622297,oe:player:7f6085537e65c3981b8b69f315cc2aa,Triple,Chelby,2017,13,3,1,-0.15633290,-0.03607682,,,False,0.66666667
pair-ed3c8c29d9f3894d,oe:team:cd6e0eea04af23b9c0735dab41a9941,Dire Wolves,oe:player:5cc4071294a16477e992b3c8a2b7715,oe:player:d11c67c4c3a40031d66d32ecb806d53,Shernfire,Chippys,2017,50,46,18,0.17490602,0.14367280,-0.04065455,0.36161345,True,0.80434783
pair-ee07f2ad01ba8ee5,oe:team:d61f857fa7a7d8ea4f0d453526373f7,Tainted Minds,oe:player:8392461cf759088854e16710b9b75d1,oe:player:8a8621e0944d28304e975547f42bab2,Only,Squidgy,2017,19,19,9,-0.22658494,-0.14845221,-0.28399819,-0.01901226,True,0.31578947
pair-efadd3c9dc557a10,oe:team:023ba1e4767910cd55b399cf9094b15,Team Regicide,oe:player:b7dc4a8fb8490f8927497899fa15cc7,oe:player:c76a7a5558d48eb9678e5166cedbc49,Chenxuan,Kedu,2017,8,8,4,-0.37319693,-0.16586530,-0.30450238,-0.02123783,False,0.25000000
pair-f0f0fa37b318ec8f,oe:team:023ba1e4767910cd55b399cf9094b15,Team Regicide,oe:player:9a15aa35edb26ce8b555e094907e505,oe:player:c76a7a5558d48eb9678e5166cedbc49,Siuman,Kedu,2017,8,8,4,-0.44376656,-0.19722958,-0.35351971,-0.06549764,False,0.25000000
pair-f1bfa78ab8b3e7da,oe:team:692bccdba8ec7050f5aeb916815439e,Chiefs Esports Club,oe:player:12dac41a4031ae05b367bd98890b4ff,oe:player:e1a40cd48a61080eedd106131598013,EGym,Spookz,2017,56,45,17,-0.49857567,-0.40792555,-0.54048617,-0.25168374,True,0.62222222
pair-f203a673eadd1d62,oe:team:d61f857fa7a7d8ea4f0d453526373f7,Tainted Minds,oe:player:a186b71193438980dfc3ea5c54b6f87,oe:player:c33de864be225948486047a145b4bf1,Chuz,Le Grain,2017,9,0,0,,,,,False,
pair-f3c5da7ccd4915eb,oe:team:cd6e0eea04af23b9c0735dab41a9941,Dire Wolves,oe:player:6b2acf5555e281f3e64f9a338da6a66,oe:player:c51c8bbd9e8c8bc49042ccd5d3e9864,destiny,Richard,2017,55,45,18,-0.04958585,-0.04057024,-0.18700839,0.11452423,True,0.80000000
pair-f49c33ab5bc7c144,oe:team:cd6e0eea04af23b9c0735dab41a9941,Dire Wolves,oe:player:b1e626ea59ccc65957bf8beb11f7669,oe:player:c51c8bbd9e8c8bc49042ccd5d3e9864,Sybol,Richard,2017,6,0,0,,,,,False,
pair-f5ed38fe3ac866b9,oe:team:9454328308280a614737117e4326bfb,Outlaws,oe:player:7ad998454e32c08fbbe7ce590e4ead0,oe:player:b37f154096ebd9602f1b0952e03a365,Skamdiggidy,Wilaris,2017,4,4,2,-0.74177120,-0.21193463,,,False,0.25000000
pair-f71be4534d079c56,oe:team:d61f857fa7a7d8ea4f0d453526373f7,Tainted Minds,oe:player:0ce4d07d37b7641507df677b021b0f7,oe:player:9a754e5ccd044dd74ff3a9d184350ab,Fesh,Praedyth,2017,3,0,0,,,,,False,
pair-f72994261ecc3018,oe:team:de55ffb045c6780ab5edf7e5d74b4d5,Abyss Esports,oe:player:22af3ab9b53ccf0d41e3c4fa7ad1497,oe:player:c8a23798f7577fe951f173d3380bee0,Seb,Raid,2017,49,37,16,0.16839421,0.13256566,-0.03082383,0.30007774,True,0.32432432
pair-f72cec8c12a4dd90,oe:team:4c4f442efee238e1448bc3ad5548a49,Hellions e-Sports Club,oe:player:9dabcc8d4efff43d97013585fa450aa,oe:player:cae17c26d23065ef9021720982ece6f,Frae,Vengeance,2017,3,0,0,,,,,False,
pair-f8af196fa4d4f29d,oe:team:023ba1e4767910cd55b399cf9094b15,Team Regicide,oe:player:1e978db1cbc0d196add9a6f88989ea8,oe:player:fad0bc5b2deabcf01ea9a55dbae1a30,Fade,Chenyboy,2017,17,17,8,0.08713383,0.05486204,-0.18443410,0.28722799,True,0.41176471
pair-f9132ad2042fe318,oe:team:439e4e85c9c426a80587a334dc9c2e9,TM Gaming,oe:player:77ed4d7ce3461d5976ad2e15713f6b7,oe:player:9a754e5ccd044dd74ff3a9d184350ab,Shok,Praedyth,2017,24,24,10,-0.05699184,-0.04022953,-0.19625249,0.08924832,True,0.16666667
pair-f9e6f3147e141b44,oe:team:5bef6688c36d00642436d00a83d9c14,Avant Gaming,oe:player:71abdf09ea3f9efb2fc7abae36672b8,oe:player:b1e626ea59ccc65957bf8beb11f7669,Blinky,Sybol,2017,44,44,16,-0.11973656,-0.09756312,-0.24570854,0.08215755,True,0.45454545
pair-fa602f58a4bf7b80,oe:team:023ba1e4767910cd55b399cf9094b15,Team Regicide,oe:player:1e978db1cbc0d196add9a6f88989ea8,oe:player:82a42c3ebfd83735f1aaf93cf8adf7e,Fade,Decoy,2017,6,6,3,-0.10633019,-0.03987382,-0.15458320,0.09317839,False,0.16666667
pair-fac4d65e8e1c759e,oe:team:de55ffb045c6780ab5edf7e5d74b4d5,Abyss Esports,oe:player:9dee8229155db80a829df4bcc0b2dee,oe:player:c8a23798f7577fe951f173d3380bee0,Mirin,Raid,2017,26,14,6,-0.18081523,-0.10547555,-0.27371026,0.05947081,True,0.35714286
pair-fb5b9b366acb1261,oe:team:cbbafed5c0ebf092e70ef9821426b2f,Team Exile5,oe:player:9a15aa35edb26ce8b555e094907e505,oe:player:c42a95d18e92b06f0d805e97a1314d5,Siuman,Cyk,2017,3,0,0,,,,,False,
pair-fbec7def0ad4050b,oe:team:cbbafed5c0ebf092e70ef9821426b2f,Team Exile5,oe:player:1fe24eaeba1591c9ba00e30938c9f18,oe:player:9a15aa35edb26ce8b555e094907e505,FiveToEight,Siuman,2017,4,0,0,,,,,False,
pair-fbf766de17470e31,oe:team:4c4f442efee238e1448bc3ad5548a49,Hellions e-Sports Club,oe:player:bb4ef5e365efbedebc2d3794bee67c1,oe:player:cae17c26d23065ef9021720982ece6f,Luna,Vengeance,2017,3,0,0,,,,,False,
pair-fc95cf4faeb5698b,oe:team:023ba1e4767910cd55b399cf9094b15,Team Regicide,oe:player:915d8a40e3e9184adf0a8235762d99c,oe:player:9a15aa35edb26ce8b555e094907e505,LoveZrr,Siuman,2017,22,22,10,-0.17695035,-0.12165337,-0.28996946,0.03295753,True,0.22727273
pair-fcdeddcd2dfbd3ea,oe:team:cbbafed5c0ebf092e70ef9821426b2f,Team Exile5,oe:player:1fe24eaeba1591c9ba00e30938c9f18,oe:player:8dc437974ecdfd4db3539268c48a751,FiveToEight,Crayzee,2017,29,21,9,-0.26770619,-0.18134936,-0.44096351,0.07116746,True,0.19047619
pair-fe65c245da52fff9,oe:team:638506106b833cf5649e0490244eed4,Legacy Genesis,oe:player:2049f966dea742cbf2982872fd2d2de,oe:player:cfcaf2ae7aefa4a63e893debafcd880,Reelople,Zammi,2017,4,0,0,,,,,False,
pair-fec19261707b74e4,oe:team:d61f857fa7a7d8ea4f0d453526373f7,Tainted Minds,oe:player:8392461cf759088854e16710b9b75d1,oe:player:9a754e5ccd044dd74ff3a9d184350ab,Only,Praedyth,2017,19,19,9,-0.14030175,-0.09192184,-0.26880591,0.12778991,True,0.31578947
