player_id,player,team_id,team,role,day,n_games,actual_dpm,expected_dpm,adjusted_impact
oe:player:06b9281e396db002010bde1de57262e,Auto,oe:team:fe409cbd7c72eb621d9c4e7eac75936,CLG Academy,bot,2019-02-22,1,614.40000000,487.73389168,0.53940458
oe:player:06b9281e396db002010bde1de57262e,Auto,oe:team:fe409cbd7c72eb621d9c4e7eac75936,CLG Academy,bot,2019-02-23,1,332.44897959,561.05239887,-0.97350218
oe:player:06b9281e396db002010bde1de57262e,Auto,oe:team:fe409cbd7c72eb621d9c4e7eac75936,CLG Academy,bot,2019-03-01,1,352.16266174,571.87305257,-0.93563143
oe:player:06b9281e396db002010bde1de57262e,Auto,oe:team:fe409cbd7c72eb621d9c4e7eac75936,CLG Academy,bot,2019-03-02,1,825.94114381,516.06161044,1.31961456
oe:player:06b9281e396db002010bde1de57262e,Auto,oe:team:fe409cbd7c72eb621d9c4e7eac75936,CLG Academy,bot,2019-03-22,3,604.27765250,548.06281355,0.23938954
oe:player:06b9281e396db002010bde1de57262e,Auto,oe:team:fe409cbd7c72eb621d9c4e7eac75936,CLG Academy,bot,2019-05-30,1,678.17702845,640.14875075,0.16659298
oe:player:06b9281e396db002010bde1de57262e,Auto,oe:team:fe409cbd7c72eb621d9c4e7eac75936,CLG Academy,bot,2019-05-31,1,295.90495450,466.23187453,-0.74616234
oe:player:06b9281e396db002010bde1de57262e,Auto,oe:team:fe409cbd7c72eb621d9c4e7eac75936,CLG Academy,bot,2019-06-06,1,312.19901720,535.18435588,-0.97684654
oe:player:06b9281e396db002010bde1de57262e,Auto,oe:team:fe409cbd7c72eb621d9c4e7eac75936,CLG Academy,bot,2019-06-07,1,569.44341373,497.42846866,0.31548061
oe:player:06b9281e396db002010bde1de57262e,Auto,oe:team:fe409cbd7c72eb621d9c4e7eac75936,CLG Academy,bot,2019-06-13,1,402.37179487,489.06391912,-0.37977789
oe:player:06b9281e396db002010bde1de57262e,Auto,oe:team:fe409cbd7c72eb621d9c4e7eac75936,CLG Academy,bot,2019-06-15,1,309.99524036,526.27109181,-0.94688878
oe:player:06b9281e396db002010bde1de57262e,Auto,oe:team:fe409cbd7c72eb621d9c4e7eac75936,CLG Academy,bot,2019-06-17,1,252.33611442,510.29849372,-1.12939879
oe:player:06b9281e396db002010bde1de57262e,Auto,oe:team:fe409cbd7c72eb621d9c4e7eac75936,CLG Academy,bot,2019-06-20,1,258.78378378,462.91641348,-0.89372390
oe:player:06b9281e396db002010bde1de57262e,Auto,oe:team:fe409cbd7c72eb621d9c4e7eac75936,CLG Academy,bot,2019-06-21,1,467.58085382,490.04419555,-0.09834795
oe:player:06b9281e396db002010bde1de57262e,Auto,oe:team:fe409cbd7c72eb621d9c4e7eac75936,CLG Academy,bot,2019-07-04,1,261.81088314,389.65412755,-0.55971729
oe:player:06b9281e396db002010bde1de57262e,Auto,oe:team:fe409cbd7c72eb621d9c4e7eac75936,CLG Academy,bot,2019-07-06,1,728.08429119,683.44554621,0.19543526
oe:player:06b9281e396db002010bde1de57262e,Auto,oe:team:fe409cbd7c72eb621d9c4e7eac75936,CLG Academy,bot,2019-07-11,1,538.40085288,556.13889324,-0.07765986
oe:player:06b9281e396db002010bde1de57262e,Auto,oe:team:fe409cbd7c72eb621d9c4e7eac75936,CLG Academy,bot,2019-07-13,1,240.76080692,433.04901728,-0.84186722
oe:player:06b9281e396db002010bde1de57262e,Auto,oe:team:fe409cbd7c72eb621d9c4e7eac75936,CLG Academy,bot,2019-07-17,1,1028.87276786,735.80545921,1.28309354
oe:player:06b9281e396db002010bde1de57262e,Auto,oe:team:fe409cbd7c72eb621d9c4e7eac75936,CLG Academy,bot,2019-07-20,1,899.94208494,666.16270833,0.99332107
oe:player:06b9281e396db002010bde1de57262e,Auto,oe:team:fe409cbd7c72eb621d9c4e7eac75936,CLG Academy,bot,2019-07-21,1,567.98507463,511.50453069,0.23998402
oe:player:06b9281e396db002010bde1de57262e,Auto,oe:team:fe409cbd7c72eb621d9c4e7eac75936,CLG Academy,bot,2019-07-26,1,1110.64312736,433.61171152,2.87668475
oe:player:06b9281e396db002010bde1de57262e,Auto,oe:team:fe409cbd7c72eb621d9c4e7eac75936,CLG Academy,bot,2019-07-27,1,555.12680259,406.78696204,0.63029122
oe:player:09df7e1c00d361f40c47542ae02f736,MAXI,oe:team:92a5dd0b813a9eea72ba22adf5fe78e,FlyQuest Academy,jng,2019-02-22,2,194.07475493,357.34296919,-1.53326193
oe:player:09df7e1c00d361f40c47542ae02f736,MAXI,oe:team:92a5dd0b813a9eea72ba22adf5fe78e,FlyQuest Academy,jng,2019-03-01,1,462.02793585,341.74702669,1.12956548
oe:player:09df7e1c00d361f40c47542ae02f736,MAXI,oe:team:92a5dd0b813a9eea72ba22adf5fe78e,FlyQuest Academy,jng,2019-03-02,1,323.42052314,302.40647009,0.19734428
oe:player:09df7e1c00d361f40c47542ae02f736,MAXI,oe:team:92a5dd0b813a9eea72ba22adf5fe78e,FlyQuest Academy,jng,2019-03-08,1,287.75269872,300.55684658,-0.12024455
oe:player:09df7e1c00d361f40c47542ae02f736,MAXI,oe:team:92a5dd0b813a9eea72ba22adf5fe78e,FlyQuest Academy,jng,2019-03-09,1,314.48462929,251.68816587,0.58972548
oe:player:09df7e1c00d361f40c47542ae02f736,MAXI,oe:team:92a5dd0b813a9eea72ba22adf5fe78e,FlyQuest Academy,jng,2019-03-14,1,501.76546392,346.58657403,1.45729458
oe:player:09df7e1c00d361f40c47542ae02f736,MAXI,oe:team:92a5dd0b813a9eea72ba22adf5fe78e,FlyQuest Academy,jng,2019-03-16,1,605.31354715,315.09611753,2.72544989
oe:player:09df7e1c00d361f40c47542ae02f736,MAXI,oe:team:92a5dd0b813a9eea72ba22adf5fe78e,FlyQuest Academy,jng,2019-05-30,1,221.33757962,265.03546984,-0.39012770
oe:player:09df7e1c00d361f40c47542ae02f736,MAXI,oe:team:92a5dd0b813a9eea72ba22adf5fe78e,FlyQuest Academy,jng,2019-05-31,1,196.39506173,270.29631155,-0.65977841
oe:player:09df7e1c00d361f40c47542ae02f736,MAXI,oe:team:92a5dd0b813a9eea72ba22adf5fe78e,FlyQuest Academy,jng,2019-06-06,1,248.29659319,285.66418990,-0.33361186
oe:player:09df7e1c00d361f40c47542ae02f736,MAXI,oe:team:92a5dd0b813a9eea72ba22adf5fe78e,FlyQuest Academy,jng,2019-06-08,1,168.40414508,267.61804013,-0.88576562
oe:player:09df7e1c00d361f40c47542ae02f736,MAXI,oe:team:92a5dd0b813a9eea72ba22adf5fe78e,FlyQuest Academy,jng,2019-06-12,1,227.19066937,263.14770739,-0.32101862
oe:player:09df7e1c00d361f40c47542ae02f736,MAXI,oe:team:92a5dd0b813a9eea72ba22adf5fe78e,FlyQuest Academy,jng,2019-06-13,1,159.80620155,253.21445591,-0.83393380
oe:player:09df7e1c00d361f40c47542ae02f736,MAXI,oe:team:92a5dd0b813a9eea72ba22adf5fe78e,FlyQuest Academy,jng,2019-06-15,1,360.65818341,268.91526227,0.80440309
oe:player:09df7e1c00d361f40c47542ae02f736,MAXI,oe:team:92a5dd0b813a9eea72ba22adf5fe78e,FlyQuest Academy,jng,2019-06-20,1,109.39189189,296.56116403,-1.64110254
oe:player:09df7e1c00d361f40c47542ae02f736,MAXI,oe:team:92a5dd0b813a9eea72ba22adf5fe78e,FlyQuest Academy,jng,2019-06-21,1,142.59067358,257.63445604,-1.00870534
oe:player:09df7e1c00d361f40c47542ae02f736,MAXI,oe:team:92a5dd0b813a9eea72ba22adf5fe78e,FlyQuest Academy,jng,2019-07-05,1,276.36253776,217.25665442,0.51824113
oe:player:09df7e1c00d361f40c47542ae02f736,MAXI,oe:team:92a5dd0b813a9eea72ba22adf5fe78e,FlyQuest Academy,jng,2019-07-06,1,336.06901218,239.54718423,0.84630461
oe:player:09df7e1c00d361f40c47542ae02f736,MAXI,oe:team:92a5dd0b813a9eea72ba22adf5fe78e,FlyQuest Academy,jng,2019-07-11,1,172.17857143,240.68777670,-0.60068958
oe:player:09df7e1c00d361f40c47542ae02f736,MAXI,oe:team:92a5dd0b813a9eea72ba22adf5fe78e,FlyQuest Academy,jng,2019-07-12,1,163.61563518,273.81856687,-0.96626070
oe:player:09df7e1c00d361f40c47542ae02f736,MAXI,oe:team:92a5dd0b813a9eea72ba22adf5fe78e,FlyQuest Academy,jng,2019-07-17,1,107.06070288,250.76050750,-1.25996170
oe:player:09df7e1c00d361f40c47542ae02f736,MAXI,oe:team:92a5dd0b813a9eea72ba22adf5fe78e,FlyQuest Academy,jng,2019-07-19,1,140.09138381,228.14451554,-0.73330617
oe:player:09df7e1c00d361f40c47542ae02f736,MAXI,oe:team:92a5dd0b813a9eea72ba22adf5fe78e,FlyQuest Academy,jng,2019-07-21,1,192.53731343,274.27890087,-0.68074365
oe:player:09df7e1c00d361f40c47542ae02f736,MAXI,oe:team:92a5dd0b813a9eea72ba22adf5fe78e,FlyQuest Academy,jng,2019-07-25,1,639.69322118,314.96101804,2.70436865
oe:player:09df7e1c00d361f40c47542ae02f736,MAXI,oe:team:92a5dd0b813a9eea72ba22adf5fe78e,FlyQuest Academy,jng,2019-07-27,1,675.67622951,295.36538247,3.16722740
oe:player:0c0b2dc5720566f5cceb972011221cf,Call Lin,oe:team:fe409cbd7c72eb621d9c4e7eac75936,CLG Academy,sup,2019-02-22,1,285.98400000,218.39809028,1.05559242
oe:player:0c0b2dc5720566f5cceb972011221cf,Call Lin,oe:team:fe409cbd7c72eb621d9c4e7eac75936,CLG Academy,sup,2019-02-23,1,86.54261705,130.69803527,-0.68964263
oe:player:0c0b2dc5720566f5cceb972011221cf,Call Lin,oe:team:fe409cbd7c72eb621d9c4e7eac75936,CLG Academy,sup,2019-03-01,1,88.57670980,158.82939663,-1.09724355
oe:player:0c0b2dc5720566f5cceb972011221cf,Call Lin,oe:team:fe409cbd7c72eb621d9c4e7eac75936,CLG Academy,sup,2019-03-02,1,236.43531371,206.88369490,0.46155278
oe:player:0c0b2dc5720566f5cceb972011221cf,Call Lin,oe:team:fe409cbd7c72eb621d9c4e7eac75936,CLG Academy,sup,2019-03-07,1,59.45922747,181.07840188,-1.89951248
oe:player:0c0b2dc5720566f5cceb972011221cf,Call Lin,oe:team:fe409cbd7c72eb621d9c4e7eac75936,CLG Academy,sup,2019-03-08,1,188.35051546,157.10483971,0.48801146
oe:player:0c0b2dc5720566f5cceb972011221cf,Call Lin,oe:team:fe409cbd7c72eb621d9c4e7eac75936,CLG Academy,sup,2019-03-15,1,154.82213439,190.48847899,-0.55705580
oe:player:0c0b2dc5720566f5cceb972011221cf,Call Lin,oe:team:fe409cbd7c72eb621d9c4e7eac75936,CLG Academy,sup,2019-03-16,1,108.31250000,186.68544248,-1.22406999
oe:player:0c0b2dc5720566f5cceb972011221cf,Call Lin,oe:team:fe409cbd7c72eb621d9c4e7eac75936,CLG Academy,sup,2019-03-22,3,114.83240769,135.21994882,-0.31842338
oe:player:0c0b2dc5720566f5cceb972011221cf,Call Lin,oe:team:fe409cbd7c72eb621d9c4e7eac75936,CLG Academy,sup,2019-05-30,1,151.42255005,193.04326335,-0.67274176
oe:player:0c0b2dc5720566f5cceb972011221cf,Call Lin,oe:team:fe409cbd7c72eb621d9c4e7eac75936,CLG Academy,sup,2019-05-31,1,112.20424671,188.11290378,-1.22695936
oe:player:0c0b2dc5720566f5cceb972011221cf,Call Lin,oe:team:fe409cbd7c72eb621d9c4e7eac75936,CLG Academy,sup,2019-06-06,1,365.49140049,212.40355597,2.47445511
oe:player:0c0b2dc5720566f5cceb972011221cf,Call Lin,oe:team:fe409cbd7c72eb621d9c4e7eac75936,CLG Academy,sup,2019-06-07,1,123.11688312,139.39679873,-0.26314251
oe:player:0c0b2dc5720566f5cceb972011221cf,Call Lin,oe:team:fe409cbd7c72eb621d9c4e7eac75936,CLG Academy,sup,2019-06-13,1,234.48717949,193.60372238,0.66082503
oe:player:0c0b2dc5720566f5cceb972011221cf,Call Lin,oe:team:fe409cbd7c72eb621d9c4e7eac75936,CLG Academy,sup,2019-06-15,1,34.38362684,178.42048539,-1.84489225
oe:player:0c0b2dc5720566f5cceb972011221cf,Call Lin,oe:team:fe409cbd7c72eb621d9c4e7eac75936,CLG Academy,sup,2019-06-17,1,161.15613826,141.45752435,0.25230917
oe:player:0c0b2dc5720566f5cceb972011221cf,Call Lin,oe:team:fe409cbd7c72eb621d9c4e7eac75936,CLG Academy,sup,2019-06-20,1,163.04054054,220.71342109,-0.73870155
oe:player:0c0b2dc5720566f5cceb972011221cf,Call Lin,oe:team:fe409cbd7c72eb621d9c4e7eac75936,CLG Academy,sup,2019-06-21,1,146.39068564,178.57683979,-0.41225550
oe:player:0c0b2dc5720566f5cceb972011221cf,Call Lin,oe:team:fe409cbd7c72eb621d9c4e7eac75936,CLG Academy,sup,2019-07-04,1,155.00446030,160.24553671,-0.06713019
oe:player:0c0b2dc5720566f5cceb972011221cf,Call Lin,oe:team:fe409cbd7c72eb621d9c4e7eac75936,CLG Academy,sup,2019-07-06,1,182.18390805,190.75557173,-0.10978993
oe:player:0c0b2dc5720566f5cceb972011221cf,Call Lin,oe:team:fe409cbd7c72eb621d9c4e7eac75936,CLG Academy,sup,2019-07-11,1,122.94243070,147.95350588,-0.32035369
oe:player:0c0b2dc5720566f5cceb972011221cf,Call Lin,oe:team:fe409cbd7c72eb621d9c4e7eac75936,CLG Academy,sup,2019-07-13,1,84.44956772,116.54185714,-0.41105323
oe:player:0c0b2dc5720566f5cceb972011221cf,Call Lin,oe:team:fe409cbd7c72eb621d9c4e7eac75936,CLG Academy,sup,2019-07-17,1,306.66294643,286.16924569,0.26249302
oe:player:0c0b2dc5720566f5cceb972011221cf,Call Lin,oe:team:fe409cbd7c72eb621d9c4e7eac75936,CLG Academy,sup,2019-07-20,1,183.79343629,126.89670419,0.66600059
oe:player:0c0b2dc5720566f5cceb972011221cf,Call Lin,oe:team:fe409cbd7c72eb621d9c4e7eac75936,CLG Academy,sup,2019-07-21,1,100.89552239,146.51371818,-0.53398050
oe:player:0c0b2dc5720566f5cceb972011221cf,Call Lin,oe:team:fe409cbd7c72eb621d9c4e7eac75936,CLG Academy,sup,2019-07-26,1,168.68852459,176.99395538,-0.09721862
oe:player:0c0b2dc5720566f5cceb972011221cf,Call Lin,oe:team:fe409cbd7c72eb621d9c4e7eac75936,CLG Academy,sup,2019-07-27,1,468.33416211,269.76676327,2.32431636
oe:player:265de6a19ea25898ad88c82167c0251,Panda,oe:team:2b688a6cc8da916b7b3aaf2bd615605,Echo Fox Academy,jng,2019-02-21,1,409.73531311,274.84272428,1.26678467
oe:player:265de6a19ea25898ad88c82167c0251,Panda,oe:team:2b688a6cc8da916b7b3aaf2bd615605,Echo Fox Academy,jng,2019-02-23,1,312.90546401,319.45492158,-0.06150636
oe:player:265de6a19ea25898ad88c82167c0251,Panda,oe:team:2b688a6cc8da916b7b3aaf2bd615605,Echo Fox Academy,jng,2019-03-01,1,185.06112469,267.03980801,-0.76986690
oe:player:265de6a19ea25898ad88c82167c0251,Panda,oe:team:2b688a6cc8da916b7b3aaf2bd615605,Echo Fox Academy,jng,2019-03-02,1,113.69215292,252.65286422,-1.30498866
oe:player:265de6a19ea25898ad88c82167c0251,Panda,oe:team:2b688a6cc8da916b7b3aaf2bd615605,Echo Fox Academy,jng,2019-03-14,1,430.23157895,243.38334871,1.75470332
oe:player:265de6a19ea25898ad88c82167c0251,Panda,oe:team:2b688a6cc8da916b7b3aaf2bd615605,Echo Fox Academy,jng,2019-03-16,1,200.06250000,334.10375104,-1.25878970
oe:player:265de6a19ea25898ad88c82167c0251,Panda,oe:team:2b688a6cc8da916b7b3aaf2bd615605,Echo Fox Academy,jng,2019-03-21,3,257.12036643,287.16940141,-0.28219235
oe:player:265de6a19ea25898ad88c82167c0251,Panda,oe:team:2b688a6cc8da916b7b3aaf2bd615605,Echo Fox Academy,jng,2019-03-22,2,194.34153271,288.22483191,-0.88166389
oe:player:265de6a19ea25898ad88c82167c0251,Panda,oe:team:2b688a6cc8da916b7b3aaf2bd615605,Echo Fox Academy,jng,2019-03-28,3,192.97202582,229.85161298,-0.34633849
oe:player:265de6a19ea25898ad88c82167c0251,Panda,oe:team:2b688a6cc8da916b7b3aaf2bd615605,Echo Fox Academy,jng,2019-05-31,2,292.00616095,225.75630300,0.59146802
oe:player:265de6a19ea25898ad88c82167c0251,Panda,oe:team:2b688a6cc8da916b7b3aaf2bd615605,Echo Fox Academy,jng,2019-06-07,1,138.62566074,232.65894853,-0.83951399
oe:player:265de6a19ea25898ad88c82167c0251,Panda,oe:team:2b688a6cc8da916b7b3aaf2bd615605,Echo Fox Academy,jng,2019-06-10,1,195.20205260,233.90119340,-0.34549967
oe:player:265de6a19ea25898ad88c82167c0251,Panda,oe:team:2b688a6cc8da916b7b3aaf2bd615605,Echo Fox Academy,jng,2019-06-13,2,216.34170715,214.92535037,0.01264500
oe:player:265de6a19ea25898ad88c82167c0251,Panda,oe:team:2b688a6cc8da916b7b3aaf2bd615605,Echo Fox Academy,jng,2019-06-14,1,229.49438202,265.36380311,-0.32023639
oe:player:265de6a19ea25898ad88c82167c0251,Panda,oe:team:2b688a6cc8da916b7b3aaf2bd615605,Echo Fox Academy,jng,2019-06-22,1,237.02936097,219.19749372,0.15635004
oe:player:265de6a19ea25898ad88c82167c0251,Panda,oe:team:2b688a6cc8da916b7b3aaf2bd615605,Echo Fox Academy,jng,2019-06-24,1,233.71024735,261.28007151,-0.24173257
oe:player:265de6a19ea25898ad88c82167c0251,Panda,oe:team:2b688a6cc8da916b7b3aaf2bd615605,Echo Fox Academy,jng,2019-07-04,1,246.28070175,269.47359449,-0.20335558
oe:player:265de6a19ea25898ad88c82167c0251,Panda,oe:team:2b688a6cc8da916b7b3aaf2bd615605,Echo Fox Academy,jng,2019-07-06,1,219.98646820,218.56596181,0.01245502
oe:player:265de6a19ea25898ad88c82167c0251,Panda,oe:team:2b688a6cc8da916b7b3aaf2bd615605,Echo Fox Academy,jng,2019-07-11,1,292.18449062,353.29387469,-0.53580785
oe:player:265de6a19ea25898ad88c82167c0251,Panda,oe:team:2b688a6cc8da916b7b3aaf2bd615605,Echo Fox Academy,jng,2019-07-12,1,354.42933176,248.21582883,0.93128133
oe:player:265de6a19ea25898ad88c82167c0251,Panda,oe:team:2b688a6cc8da916b7b3aaf2bd615605,Echo Fox Academy,jng,2019-07-17,1,621.66134185,268.29992320,3.09827738
oe:player:265de6a19ea25898ad88c82167c0251,Panda,oe:team:2b688a6cc8da916b7b3aaf2bd615605,Echo Fox Academy,jng,2019-07-18,1,258.29608939,206.15702034,0.43421398
oe:player:265de6a19ea25898ad88c82167c0251,Panda,oe:team:2b688a6cc8da916b7b3aaf2bd615605,Echo Fox Academy,jng,2019-07-20,1,210.32537961,269.38759982,-0.49186996
oe:player:265de6a19ea25898ad88c82167c0251,Panda,oe:team:2b688a6cc8da916b7b3aaf2bd615605,Echo Fox Academy,jng,2019-07-25,1,144.38669439,206.68960327,-0.51885841
oe:player:265de6a19ea25898ad88c82167c0251,Panda,oe:team:2b688a6cc8da916b7b3aaf2bd615605,Echo Fox Academy,jng,2019-07-27,1,515.56439582,282.68081690,1.93945363
oe:player:265de6a19ea25898ad88c82167c0251,Panda,oe:team:2b688a6cc8da916b7b3aaf2bd615605,Echo Fox Academy,jng,2019-08-01,3,277.23091093,278.23353856,-0.00834988
oe:player:265de6a19ea25898ad88c82167c0251,Panda,oe:team:2b688a6cc8da916b7b3aaf2bd615605,Echo Fox Academy,jng,2019-08-02,2,201.38178698,299.91435240,-0.82057886
oe:player:276d05b1111531b04f5945dd776fed6,Nulu,oe:team:92a5dd0b813a9eea72ba22adf5fe78e,FlyQuest Academy,mid,2019-02-22,2,618.39420496,530.72892228,0.47282661
oe:player:276d05b1111531b04f5945dd776fed6,Nulu,oe:team:92a5dd0b813a9eea72ba22adf5fe78e,FlyQuest Academy,mid,2019-03-01,1,785.46301086,534.21634970,1.35511006
oe:player:276d05b1111531b04f5945dd776fed6,Nulu,oe:team:92a5dd0b813a9eea72ba22adf5fe78e,FlyQuest Academy,mid,2019-03-02,1,700.62374245,524.72845965,0.94869904
oe:player:276d05b1111531b04f5945dd776fed6,Nulu,oe:team:92a5dd0b813a9eea72ba22adf5fe78e,FlyQuest Academy,mid,2019-03-08,1,620.04906771,524.84244518,0.51350116
oe:player:276d05b1111531b04f5945dd776fed6,Nulu,oe:team:92a5dd0b813a9eea72ba22adf5fe78e,FlyQuest Academy,mid,2019-03-09,1,575.75045208,474.16109540,0.54792672
oe:player:276d05b1111531b04f5945dd776fed6,Nulu,oe:team:92a5dd0b813a9eea72ba22adf5fe78e,FlyQuest Academy,mid,2019-03-14,1,394.98711340,480.10478803,-0.45908597
oe:player:276d05b1111531b04f5945dd776fed6,Nulu,oe:team:92a5dd0b813a9eea72ba22adf5fe78e,FlyQuest Academy,mid,2019-03-16,1,490.33987554,477.66589191,0.06835770
oe:player:2c1047c61ef1b21a80728eff2cb7cb1,Brandini,oe:team:b2840811ed80a85fcf6f023d4b73f8d,TSM Academy,top,2019-02-21,1,325.60361524,428.11072145,-0.58994284
oe:player:2c1047c61ef1b21a80728eff2cb7cb1,Brandini,oe:team:b2840811ed80a85fcf6f023d4b73f8d,TSM Academy,top,2019-02-23,1,1021.31250000,456.75492607,3.24910840
oe:player:2c1047c61ef1b21a80728eff2cb7cb1,Brandini,oe:team:b2840811ed80a85fcf6f023d4b73f8d,TSM Academy,top,2019-03-01,2,361.06977469,438.58822859,-0.44612963
oe:player:2c1047c61ef1b21a80728eff2cb7cb1,Brandini,oe:team:b2840811ed80a85fcf6f023d4b73f8d,TSM Academy,top,2019-03-08,2,467.62744292,453.43077191,0.08170384
oe:player:2c1047c61ef1b21a80728eff2cb7cb1,Brandini,oe:team:b2840811ed80a85fcf6f023d4b73f8d,TSM Academy,top,2019-03-15,2,353.73531336,434.04065696,-0.46216857
oe:player:2c1047c61ef1b21a80728eff2cb7cb1,Brandini,oe:team:b2840811ed80a85fcf6f023d4b73f8d,TSM Academy,top,2019-03-28,3,535.95739160,463.88079175,0.41481099
oe:player:2c1047c61ef1b21a80728eff2cb7cb1,Brandini,oe:team:b2840811ed80a85fcf6f023d4b73f8d,TSM Academy,top,2019-04-05,3,525.37573277,420.29710024,0.59450328
oe:player:2c1047c61ef1b21a80728eff2cb7cb1,Brandini,oe:team:b2840811ed80a85fcf6f023d4b73f8d,TSM Academy,top,2019-04-06,1,456.86686266,441.68811837,0.08587677
oe:player:2c1047c61ef1b21a80728eff2cb7cb1,Brandini,oe:team:b2840811ed80a85fcf6f023d4b73f8d,TSM Academy,top,2019-05-31,1,594.84327604,522.84589704,0.40733950
oe:player:2c1047c61ef1b21a80728eff2cb7cb1,Brandini,oe:team:b2840811ed80a85fcf6f023d4b73f8d,TSM Academy,top,2019-06-02,1,711.78120617,444.11427688,1.51437894
oe:player:2c1047c61ef1b21a80728eff2cb7cb1,Brandini,oe:team:b2840811ed80a85fcf6f023d4b73f8d,TSM Academy,top,2019-06-06,1,420.48096192,450.40625018,-0.16930828
oe:player:2c1047c61ef1b21a80728eff2cb7cb1,Brandini,oe:team:b2840811ed80a85fcf6f023d4b73f8d,TSM Academy,top,2019-06-07,1,265.51657857,376.96174746,-0.63052323
oe:player:2c1047c61ef1b21a80728eff2cb7cb1,Brandini,oe:team:b2840811ed80a85fcf6f023d4b73f8d,TSM Academy,top,2019-06-12,1,523.29065301,449.78897311,0.41585039
oe:player:2c1047c61ef1b21a80728eff2cb7cb1,Brandini,oe:team:b2840811ed80a85fcf6f023d4b73f8d,TSM Academy,top,2019-06-13,1,331.04651163,442.42107338,-0.63012375
oe:player:2c1047c61ef1b21a80728eff2cb7cb1,Brandini,oe:team:b2840811ed80a85fcf6f023d4b73f8d,TSM Academy,top,2019-06-14,1,589.33189655,465.87764714,0.69846699
oe:player:2c1047c61ef1b21a80728eff2cb7cb1,Brandini,oe:team:b2840811ed80a85fcf6f023d4b73f8d,TSM Academy,top,2019-06-21,1,383.32364904,430.40316073,-0.27175210
oe:player:2c1047c61ef1b21a80728eff2cb7cb1,Brandini,oe:team:b2840811ed80a85fcf6f023d4b73f8d,TSM Academy,top,2019-06-22,1,550.83164300,436.22255544,0.66154595
oe:player:2c1047c61ef1b21a80728eff2cb7cb1,Brandini,oe:team:b2840811ed80a85fcf6f023d4b73f8d,TSM Academy,top,2019-07-04,1,311.23996432,509.27527793,-1.14309836
oe:player:2c1047c61ef1b21a80728eff2cb7cb1,Brandini,oe:team:b2840811ed80a85fcf6f023d4b73f8d,TSM Academy,top,2019-07-05,1,202.16684724,474.72455028,-1.57325610
oe:player:2c1047c61ef1b21a80728eff2cb7cb1,Brandini,oe:team:b2840811ed80a85fcf6f023d4b73f8d,TSM Academy,top,2019-07-12,1,312.88753799,473.38088502,-0.92639883
oe:player:2c1047c61ef1b21a80728eff2cb7cb1,Brandini,oe:team:b2840811ed80a85fcf6f023d4b73f8d,TSM Academy,top,2019-07-14,1,729.82051282,490.38986939,1.38204026
oe:player:2c1047c61ef1b21a80728eff2cb7cb1,Brandini,oe:team:b2840811ed80a85fcf6f023d4b73f8d,TSM Academy,top,2019-07-17,1,412.06722689,375.55436259,0.21075936
oe:player:2c1047c61ef1b21a80728eff2cb7cb1,Brandini,oe:team:b2840811ed80a85fcf6f023d4b73f8d,TSM Academy,top,2019-07-18,1,476.54092527,471.60714406,0.02886026
oe:player:2c1047c61ef1b21a80728eff2cb7cb1,Brandini,oe:team:b2840811ed80a85fcf6f023d4b73f8d,TSM Academy,top,2019-07-19,1,300.46094750,518.16466065,-1.27346269
oe:player:2c1047c61ef1b21a80728eff2cb7cb1,Brandini,oe:team:b2840811ed80a85fcf6f023d4b73f8d,TSM Academy,top,2019-07-25,1,385.32224532,395.26134566,-0.05813899
oe:player:2c1047c61ef1b21a80728eff2cb7cb1,Brandini,oe:team:b2840811ed80a85fcf6f023d4b73f8d,TSM Academy,top,2019-07-26,1,332.23021583,435.16387683,-0.60211273
oe:player:2e54334c0a5ce2e3e5a5845df3ab3ad,Jenkins,oe:team:3406c21f701022dbe9d9bf397b41465,Team Liquid Academy,top,2019-02-22,1,402.70245257,394.45576706,0.04746084
oe:player:2e54334c0a5ce2e3e5a5845df3ab3ad,Jenkins,oe:team:3406c21f701022dbe9d9bf397b41465,Team Liquid Academy,top,2019-02-23,1,312.89315726,415.60432934,-0.59111727
oe:player:2e54334c0a5ce2e3e5a5845df3ab3ad,Jenkins,oe:team:3406c21f701022dbe9d9bf397b41465,Team Liquid Academy,top,2019-02-28,1,384.79166667,418.71757309,-0.19524837
oe:player:2e54334c0a5ce2e3e5a5845df3ab3ad,Jenkins,oe:team:3406c21f701022dbe9d9bf397b41465,Team Liquid Academy,top,2019-03-02,1,285.52016985,360.85736738,-0.43357619
oe:player:2e54334c0a5ce2e3e5a5845df3ab3ad,Jenkins,oe:team:3406c21f701022dbe9d9bf397b41465,Team Liquid Academy,top,2019-03-08,1,608.79581152,400.93961695,1.19624169
oe:player:2e54334c0a5ce2e3e5a5845df3ab3ad,Jenkins,oe:team:3406c21f701022dbe9d9bf397b41465,Team Liquid Academy,top,2019-03-09,1,335.04520796,396.63986601,-0.35448594
oe:player:2e54334c0a5ce2e3e5a5845df3ab3ad,Jenkins,oe:team:3406c21f701022dbe9d9bf397b41465,Team Liquid Academy,top,2019-03-14,1,569.83578947,401.89862302,0.96650206
oe:player:2e54334c0a5ce2e3e5a5845df3ab3ad,Jenkins,oe:team:3406c21f701022dbe9d9bf397b41465,Team Liquid Academy,top,2019-03-15,1,661.09411765,366.47736409,1.69556094
oe:player:2e54334c0a5ce2e3e5a5845df3ab3ad,Jenkins,oe:team:3406c21f701022dbe9d9bf397b41465,Team Liquid Academy,top,2019-03-22,3,678.27314385,413.38873825,1.52444709
oe:player:2e54334c0a5ce2e3e5a5845df3ab3ad,Jenkins,oe:team:3406c21f701022dbe9d9bf397b41465,Team Liquid Academy,top,2019-03-29,3,462.17451500,330.89140217,0.74276035
oe:player:2e54334c0a5ce2e3e5a5845df3ab3ad,Jenkins,oe:team:3406c21f701022dbe9d9bf397b41465,Team Liquid Academy,top,2019-03-30,1,569.90202482,358.37521791,1.19675502
oe:player:2e54334c0a5ce2e3e5a5845df3ab3ad,Jenkins,oe:team:3406c21f701022dbe9d9bf397b41465,Team Liquid Academy,top,2019-05-31,1,463.73177843,392.95125954,0.40045488
oe:player:2e54334c0a5ce2e3e5a5845df3ab3ad,Jenkins,oe:team:3406c21f701022dbe9d9bf397b41465,Team Liquid Academy,top,2019-06-02,1,611.13604488,364.23278959,1.39690432
oe:player:2e54334c0a5ce2e3e5a5845df3ab3ad,Jenkins,oe:team:3406c21f701022dbe9d9bf397b41465,Team Liquid Academy,top,2019-06-06,1,321.20131394,387.69518565,-0.37620232
oe:player:2e54334c0a5ce2e3e5a5845df3ab3ad,Jenkins,oe:team:3406c21f701022dbe9d9bf397b41465,Team Liquid Academy,top,2019-06-07,1,463.49721707,388.60535742,0.42371560
oe:player:2e54334c0a5ce2e3e5a5845df3ab3ad,Jenkins,oe:team:3406c21f701022dbe9d9bf397b41465,Team Liquid Academy,top,2019-06-12,1,198.65111562,406.74788342,-1.17734889
oe:player:2e54334c0a5ce2e3e5a5845df3ab3ad,Jenkins,oe:team:3406c21f701022dbe9d9bf397b41465,Team Liquid Academy,top,2019-06-13,1,291.91578947,348.52907345,-0.32030092
oe:player:2e54334c0a5ce2e3e5a5845df3ab3ad,Jenkins,oe:team:3406c21f701022dbe9d9bf397b41465,Team Liquid Academy,top,2019-06-14,1,292.53467844,369.65267446,-0.43631041
oe:player:2e54334c0a5ce2e3e5a5845df3ab3ad,Jenkins,oe:team:3406c21f701022dbe9d9bf397b41465,Team Liquid Academy,top,2019-06-20,1,903.06860707,395.71836624,2.92852431
oe:player:2e54334c0a5ce2e3e5a5845df3ab3ad,Jenkins,oe:team:3406c21f701022dbe9d9bf397b41465,Team Liquid Academy,top,2019-06-21,1,285.36193029,447.83313969,-0.93781543
oe:player:2e54334c0a5ce2e3e5a5845df3ab3ad,Jenkins,oe:team:3406c21f701022dbe9d9bf397b41465,Team Liquid Academy,top,2019-07-05,1,388.04255319,412.82924142,-0.14307359
oe:player:2e54334c0a5ce2e3e5a5845df3ab3ad,Jenkins,oe:team:3406c21f701022dbe9d9bf397b41465,Team Liquid Academy,top,2019-07-07,1,478.27032136,421.82574882,0.32580906
oe:player:2e54334c0a5ce2e3e5a5845df3ab3ad,Jenkins,oe:team:3406c21f701022dbe9d9bf397b41465,Team Liquid Academy,top,2019-07-11,1,322.79464286,391.14902700,-0.39455481
oe:player:2e54334c0a5ce2e3e5a5845df3ab3ad,Jenkins,oe:team:3406c21f701022dbe9d9bf397b41465,Team Liquid Academy,top,2019-07-13,1,377.18731988,458.88699012,-0.47158639
oe:player:2e54334c0a5ce2e3e5a5845df3ab3ad,Jenkins,oe:team:3406c21f701022dbe9d9bf397b41465,Team Liquid Academy,top,2019-07-17,1,610.82352941,440.68664627,0.98206319
oe:player:2e54334c0a5ce2e3e5a5845df3ab3ad,Jenkins,oe:team:3406c21f701022dbe9d9bf397b41465,Team Liquid Academy,top,2019-07-18,1,460.04192872,389.77820726,0.41100920
oe:player:2e54334c0a5ce2e3e5a5845df3ab3ad,Jenkins,oe:team:3406c21f701022dbe9d9bf397b41465,Team Liquid Academy,top,2019-07-19,1,292.87784679,391.91179971,-0.57930130
oe:player:2e54334c0a5ce2e3e5a5845df3ab3ad,Jenkins,oe:team:3406c21f701022dbe9d9bf397b41465,Team Liquid Academy,top,2019-07-25,1,289.95505618,321.65926460,-0.18545447
oe:player:2e54334c0a5ce2e3e5a5845df3ab3ad,Jenkins,oe:team:3406c21f701022dbe9d9bf397b41465,Team Liquid Academy,top,2019-07-26,1,491.05102041,383.54483650,0.62885980
oe:player:2e54334c0a5ce2e3e5a5845df3ab3ad,Jenkins,oe:team:3406c21f701022dbe9d9bf397b41465,Team Liquid Academy,top,2019-08-02,3,439.36808432,389.96565748,0.28898059
oe:player:30bccf285c11c18d7698c98ca52d87d,Griffin,oe:team:fe409cbd7c72eb621d9c4e7eac75936,CLG Academy,jng,2019-03-07,1,311.38197425,296.75779641,0.13733656
oe:player:30bccf285c11c18d7698c98ca52d87d,Griffin,oe:team:fe409cbd7c72eb621d9c4e7eac75936,CLG Academy,jng,2019-03-08,1,389.84536082,231.99883158,1.48234655
oe:player:30bccf285c11c18d7698c98ca52d87d,Griffin,oe:team:fe409cbd7c72eb621d9c4e7eac75936,CLG Academy,jng,2019-03-15,1,325.90909091,284.71520790,0.38685431
oe:player:30bccf285c11c18d7698c98ca52d87d,Griffin,oe:team:fe409cbd7c72eb621d9c4e7eac75936,CLG Academy,jng,2019-03-16,1,204.81250000,310.46212089,-0.99216214
oe:player:30bccf285c11c18d7698c98ca52d87d,Griffin,oe:team:fe409cbd7c72eb621d9c4e7eac75936,CLG Academy,jng,2019-03-22,1,391.23044397,238.30253413,1.43615549
oe:player:3656183169810334a96b91129dc9d88,Hard,oe:team:d1f833765bf7a9a8109d96a1b61afd7,Golden Guardians Academy,jng,2019-02-22,1,75.71933367,263.91459596,-1.76735338
oe:player:3656183169810334a96b91129dc9d88,Hard,oe:team:d1f833765bf7a9a8109d96a1b61afd7,Golden Guardians Academy,jng,2019-02-23,1,194.33628319,280.47495549,-0.80893362
oe:player:3656183169810334a96b91129dc9d88,Hard,oe:team:d1f833765bf7a9a8109d96a1b61afd7,Golden Guardians Academy,jng,2019-03-01,1,255.30499076,291.58363677,-0.34069502
oe:player:3656183169810334a96b91129dc9d88,Hard,oe:team:d1f833765bf7a9a8109d96a1b61afd7,Golden Guardians Academy,jng,2019-03-02,1,279.85138004,228.93678811,0.47814209
oe:player:3656183169810334a96b91129dc9d88,Hard,oe:team:d1f833765bf7a9a8109d96a1b61afd7,Golden Guardians Academy,jng,2019-03-08,1,294.96932515,218.43973672,0.71869411
oe:player:3656183169810334a96b91129dc9d88,Hard,oe:team:d1f833765bf7a9a8109d96a1b61afd7,Golden Guardians Academy,jng,2019-03-09,1,215.30041642,277.84106724,-0.58732313
oe:player:3656183169810334a96b91129dc9d88,Hard,oe:team:d1f833765bf7a9a8109d96a1b61afd7,Golden Guardians Academy,jng,2019-03-15,1,244.58015267,259.40236286,-0.13919630
oe:player:3656183169810334a96b91129dc9d88,Hard,oe:team:d1f833765bf7a9a8109d96a1b61afd7,Golden Guardians Academy,jng,2019-03-16,1,224.94973672,276.44196101,-0.48356667
oe:player:3656183169810334a96b91129dc9d88,Hard,oe:team:d1f833765bf7a9a8109d96a1b61afd7,Golden Guardians Academy,jng,2019-05-31,2,195.11507105,300.80855743,-0.94361436
oe:player:3656183169810334a96b91129dc9d88,Hard,oe:team:d1f833765bf7a9a8109d96a1b61afd7,Golden Guardians Academy,jng,2019-06-07,1,420.75278810,316.63022408,0.92958942
oe:player:3656183169810334a96b91129dc9d88,Hard,oe:team:d1f833765bf7a9a8109d96a1b61afd7,Golden Guardians Academy,jng,2019-06-08,1,299.97011952,296.59003522,0.03017685
oe:player:3656183169810334a96b91129dc9d88,Hard,oe:team:d1f833765bf7a9a8109d96a1b61afd7,Golden Guardians Academy,jng,2019-06-13,2,208.44416694,299.58928238,-0.81372886
oe:player:3656183169810334a96b91129dc9d88,Hard,oe:team:d1f833765bf7a9a8109d96a1b61afd7,Golden Guardians Academy,jng,2019-06-15,1,402.20847216,330.29808994,0.63051114
oe:player:3656183169810334a96b91129dc9d88,Hard,oe:team:d1f833765bf7a9a8109d96a1b61afd7,Golden Guardians Academy,jng,2019-06-20,1,282.81081081,281.36250046,0.01269880
oe:player:3656183169810334a96b91129dc9d88,Hard,oe:team:d1f833765bf7a9a8109d96a1b61afd7,Golden Guardians Academy,jng,2019-06-22,1,173.73225152,215.02392992,-0.36204596
oe:player:3656183169810334a96b91129dc9d88,Hard,oe:team:d1f833765bf7a9a8109d96a1b61afd7,Golden Guardians Academy,jng,2019-07-04,1,213.36842105,247.13846184,-0.29609614
oe:player:3656183169810334a96b91129dc9d88,Hard,oe:team:d1f833765bf7a9a8109d96a1b61afd7,Golden Guardians Academy,jng,2019-07-05,1,272.41041117,263.19076734,0.08083795
oe:player:3656183169810334a96b91129dc9d88,Hard,oe:team:d1f833765bf7a9a8109d96a1b61afd7,Golden Guardians Academy,jng,2019-07-11,1,301.05543710,308.04276320,-0.06126496
oe:player:3656183169810334a96b91129dc9d88,Hard,oe:team:d1f833765bf7a9a8109d96a1b61afd7,Golden Guardians Academy,jng,2019-07-12,1,173.35504886,256.98457043,-0.73326470
oe:player:3656183169810334a96b91129dc9d88,Hard,oe:team:d1f833765bf7a9a8109d96a1b61afd7,Golden Guardians Academy,jng,2019-07-18,2,195.52237149,259.09613769,-0.52944210
oe:player:3656183169810334a96b91129dc9d88,Hard,oe:team:d1f833765bf7a9a8109d96a1b61afd7,Golden Guardians Academy,jng,2019-07-19,1,174.94824017,280.45609751,-0.87866907
oe:player:3656183169810334a96b91129dc9d88,Hard,oe:team:d1f833765bf7a9a8109d96a1b61afd7,Golden Guardians Academy,jng,2019-07-26,1,218.52411389,189.86588522,0.23866563
oe:player:3656183169810334a96b91129dc9d88,Hard,oe:team:d1f833765bf7a9a8109d96a1b61afd7,Golden Guardians Academy,jng,2019-07-28,1,248.78627968,319.46434478,-0.58860668
oe:player:3656183169810334a96b91129dc9d88,Hard,oe:team:d1f833765bf7a9a8109d96a1b61afd7,Golden Guardians Academy,jng,2019-08-08,3,277.18787042,264.97421825,0.10171525
oe:player:3656183169810334a96b91129dc9d88,Hard,oe:team:d1f833765bf7a9a8109d96a1b61afd7,Golden Guardians Academy,jng,2019-08-09,1,192.95629820,221.13189684,-0.23464629
oe:player:3656183169810334a96b91129dc9d88,Hard,oe:team:d1f833765bf7a9a8109d96a1b61afd7,Golden Guardians Academy,jng,2019-08-16,3,146.38667552,268.91745390,-1.02043589
oe:player:3656183169810334a96b91129dc9d88,Hard,oe:team:d1f833765bf7a9a8109d96a1b61afd7,Golden Guardians Academy,jng,2019-08-17,1,105.18964479,329.49304672,-1.86799794
oe:player:3caf8d2f2d789c0f073a824f8a71d59,Apollo,oe:team:2b688a6cc8da916b7b3aaf2bd615605,Echo Fox Academy,bot,2019-05-31,2,478.79723857,442.27768745,0.15998360
oe:player:3caf8d2f2d789c0f073a824f8a71d59,Apollo,oe:team:2b688a6cc8da916b7b3aaf2bd615605,Echo Fox Academy,bot,2019-06-07,1,604.49783758,599.21943671,0.02312344
oe:player:3caf8d2f2d789c0f073a824f8a71d59,Apollo,oe:team:2b688a6cc8da916b7b3aaf2bd615605,Echo Fox Academy,bot,2019-06-10,1,113.88069275,495.74189927,-1.67284451
oe:player:3caf8d2f2d789c0f073a824f8a71d59,Apollo,oe:team:2b688a6cc8da916b7b3aaf2bd615605,Echo Fox Academy,bot,2019-07-20,1,688.78958785,571.59157644,0.49797059
oe:player:3d4a327e2f093e2f46239b688562b14,Magerdanger,oe:team:6c12501a3ea9d19dbbd5619f3f938e9,Clutch Gaming Academy,jng,2019-02-22,1,255.00518135,241.85516579,0.12349261
oe:player:3d4a327e2f093e2f46239b688562b14,Magerdanger,oe:team:6c12501a3ea9d19dbbd5619f3f938e9,Clutch Gaming Academy,jng,2019-02-23,1,198.70771899,267.45296411,-0.64559086
oe:player:3d4a327e2f093e2f46239b688562b14,Magerdanger,oe:team:6c12501a3ea9d19dbbd5619f3f938e9,Clutch Gaming Academy,jng,2019-03-01,1,276.68908432,231.36308790,0.42565924
oe:player:3d4a327e2f093e2f46239b688562b14,Magerdanger,oe:team:6c12501a3ea9d19dbbd5619f3f938e9,Clutch Gaming Academy,jng,2019-03-02,1,251.82676291,257.34142642,-0.05178855
oe:player:3d4a327e2f093e2f46239b688562b14,Magerdanger,oe:team:6c12501a3ea9d19dbbd5619f3f938e9,Clutch Gaming Academy,jng,2019-03-08,1,263.46596859,194.23115060,0.65018847
oe:player:3d4a327e2f093e2f46239b688562b14,Magerdanger,oe:team:6c12501a3ea9d19dbbd5619f3f938e9,Clutch Gaming Academy,jng,2019-03-09,1,173.86079714,217.17791925,-0.40679378
oe:player:3d4a327e2f093e2f46239b688562b14,Magerdanger,oe:team:6c12501a3ea9d19dbbd5619f3f938e9,Clutch Gaming Academy,jng,2019-03-15,2,246.60576301,218.38187739,0.26505226
oe:player:3d4a327e2f093e2f46239b688562b14,Magerdanger,oe:team:6c12501a3ea9d19dbbd5619f3f938e9,Clutch Gaming Academy,jng,2019-05-30,1,330.99744246,261.32768539,0.62200033
oe:player:3d4a327e2f093e2f46239b688562b14,Magerdanger,oe:team:6c12501a3ea9d19dbbd5619f3f938e9,Clutch Gaming Academy,jng,2019-05-31,1,365.19465427,219.31062962,1.30242899
oe:player:3d4a327e2f093e2f46239b688562b14,Magerdanger,oe:team:6c12501a3ea9d19dbbd5619f3f938e9,Clutch Gaming Academy,jng,2019-06-07,2,279.22570528,253.78368906,0.22714221
oe:player:3d4a327e2f093e2f46239b688562b14,Magerdanger,oe:team:6c12501a3ea9d19dbbd5619f3f938e9,Clutch Gaming Academy,jng,2019-06-12,1,170.81946223,164.67099299,0.05489254
oe:player:3d4a327e2f093e2f46239b688562b14,Magerdanger,oe:team:6c12501a3ea9d19dbbd5619f3f938e9,Clutch Gaming Academy,jng,2019-06-14,1,274.97757848,277.06606413,-0.01864566
oe:player:3d4a327e2f093e2f46239b688562b14,Magerdanger,oe:team:6c12501a3ea9d19dbbd5619f3f938e9,Clutch Gaming Academy,jng,2019-06-15,1,191.45239140,206.08273569,-0.12827904
oe:player:3d4a327e2f093e2f46239b688562b14,Magerdanger,oe:team:6c12501a3ea9d19dbbd5619f3f938e9,Clutch Gaming Academy,jng,2019-06-21,1,161.34048257,206.99533384,-0.40030231
oe:player:3d4a327e2f093e2f46239b688562b14,Magerdanger,oe:team:6c12501a3ea9d19dbbd5619f3f938e9,Clutch Gaming Academy,jng,2019-06-24,1,183.07420495,218.70937097,-0.31244959
oe:player:3d4a327e2f093e2f46239b688562b14,Magerdanger,oe:team:6c12501a3ea9d19dbbd5619f3f938e9,Clutch Gaming Academy,jng,2019-07-04,1,272.21522610,222.05911131,0.43976945
oe:player:3d4a327e2f093e2f46239b688562b14,Magerdanger,oe:team:6c12501a3ea9d19dbbd5619f3f938e9,Clutch Gaming Academy,jng,2019-07-06,1,148.85057471,255.47038599,-0.93484385
oe:player:3d4a327e2f093e2f46239b688562b14,Magerdanger,oe:team:6c12501a3ea9d19dbbd5619f3f938e9,Clutch Gaming Academy,jng,2019-07-12,2,353.84748567,243.51853119,0.96736567
oe:player:3d4a327e2f093e2f46239b688562b14,Magerdanger,oe:team:6c12501a3ea9d19dbbd5619f3f938e9,Clutch Gaming Academy,jng,2019-07-18,2,129.67007882,220.52434183,-0.75663398
oe:player:3d4a327e2f093e2f46239b688562b14,Magerdanger,oe:team:6c12501a3ea9d19dbbd5619f3f938e9,Clutch Gaming Academy,jng,2019-07-20,1,305.07592191,271.74265957,0.27759929
oe:player:3d4a327e2f093e2f46239b688562b14,Magerdanger,oe:team:6c12501a3ea9d19dbbd5619f3f938e9,Clutch Gaming Academy,jng,2019-07-26,1,477.99495586,271.84751420,1.71679517
oe:player:3d4a327e2f093e2f46239b688562b14,Magerdanger,oe:team:6c12501a3ea9d19dbbd5619f3f938e9,Clutch Gaming Academy,jng,2019-07-27,1,420.24590164,251.08434600,1.40877684
oe:player:3f87e25690ea3bdeb998259fb45445c,Engo,oe:team:92a5dd0b813a9eea72ba22adf5fe78e,FlyQuest Academy,top,2019-02-22,2,292.98528835,438.58958602,-0.83797325
oe:player:3f87e25690ea3bdeb998259fb45445c,Engo,oe:team:92a5dd0b813a9eea72ba22adf5fe78e,FlyQuest Academy,top,2019-03-01,1,308.31867563,458.38087616,-0.86362911
oe:player:3f87e25690ea3bdeb998259fb45445c,Engo,oe:team:92a5dd0b813a9eea72ba22adf5fe78e,FlyQuest Academy,top,2019-03-02,1,325.02012072,436.01720770,-0.63880388
oe:player:3f87e25690ea3bdeb998259fb45445c,Engo,oe:team:92a5dd0b813a9eea72ba22adf5fe78e,FlyQuest Academy,top,2019-03-08,1,404.39646712,447.21481081,-0.24642560
oe:player:3f87e25690ea3bdeb998259fb45445c,Engo,oe:team:92a5dd0b813a9eea72ba22adf5fe78e,FlyQuest Academy,top,2019-03-09,1,481.65461121,410.55554991,0.40918512
oe:player:3f87e25690ea3bdeb998259fb45445c,Engo,oe:team:92a5dd0b813a9eea72ba22adf5fe78e,FlyQuest Academy,top,2019-03-14,1,392.39690722,436.19038333,-0.25203763
oe:player:3f87e25690ea3bdeb998259fb45445c,Engo,oe:team:92a5dd0b813a9eea72ba22adf5fe78e,FlyQuest Academy,top,2019-03-16,1,437.95117281,419.84969951,0.10417653
oe:player:3f87e25690ea3bdeb998259fb45445c,Engo,oe:team:92a5dd0b813a9eea72ba22adf5fe78e,FlyQuest Academy,top,2019-05-30,1,347.77070064,448.56448719,-0.57026091
oe:player:3f87e25690ea3bdeb998259fb45445c,Engo,oe:team:92a5dd0b813a9eea72ba22adf5fe78e,FlyQuest Academy,top,2019-05-31,1,328.83950617,460.50495703,-0.74492350
oe:player:3f87e25690ea3bdeb998259fb45445c,Engo,oe:team:92a5dd0b813a9eea72ba22adf5fe78e,FlyQuest Academy,top,2019-06-06,1,205.73146293,464.29345912,-1.46286597
oe:player:3f87e25690ea3bdeb998259fb45445c,Engo,oe:team:92a5dd0b813a9eea72ba22adf5fe78e,FlyQuest Academy,top,2019-06-08,1,255.91709845,470.38666954,-1.21340429
oe:player:3f87e25690ea3bdeb998259fb45445c,Engo,oe:team:92a5dd0b813a9eea72ba22adf5fe78e,FlyQuest Academy,top,2019-06-12,1,203.85395538,371.64105822,-0.94928894
oe:player:3f87e25690ea3bdeb998259fb45445c,Engo,oe:team:92a5dd0b813a9eea72ba22adf5fe78e,FlyQuest Academy,top,2019-06-13,1,409.34108527,495.24596457,-0.48602396
oe:player:3f87e25690ea3bdeb998259fb45445c,Engo,oe:team:92a5dd0b813a9eea72ba22adf5fe78e,FlyQuest Academy,top,2019-06-15,1,472.91794647,371.20718263,0.58709432
oe:player:3f87e25690ea3bdeb998259fb45445c,Engo,oe:team:92a5dd0b813a9eea72ba22adf5fe78e,FlyQuest Academy,top,2019-06-20,1,241.38513514,483.07459757,-1.39507860
oe:player:3f87e25690ea3bdeb998259fb45445c,Engo,oe:team:92a5dd0b813a9eea72ba22adf5fe78e,FlyQuest Academy,top,2019-06-21,1,190.74265976,416.93683565,-1.30563680
oe:player:3f87e25690ea3bdeb998259fb45445c,Engo,oe:team:92a5dd0b813a9eea72ba22adf5fe78e,FlyQuest Academy,top,2019-07-05,1,382.18731118,395.10490278,-0.07456285
oe:player:3f87e25690ea3bdeb998259fb45445c,Engo,oe:team:92a5dd0b813a9eea72ba22adf5fe78e,FlyQuest Academy,top,2019-07-06,1,432.80784844,412.48195428,0.11732502
oe:player:412aae1eae0c18dcb27ed6efc369f3c,AnDa,oe:team:acbc961cec36a59ede6695669ad7a19,100 Thieves Academy,jng,2019-05-30,1,244.74183351,328.01769504,-0.74347343
oe:player:412aae1eae0c18dcb27ed6efc369f3c,AnDa,oe:team:acbc961cec36a59ede6695669ad7a19,100 Thieves Academy,jng,2019-06-01,1,124.20762010,288.23554249,-1.46441478
oe:player:412aae1eae0c18dcb27ed6efc369f3c,AnDa,oe:team:acbc961cec36a59ede6695669ad7a19,100 Thieves Academy,jng,2019-06-06,1,158.85499765,305.62685423,-1.31035541
oe:player:412aae1eae0c18dcb27ed6efc369f3c,AnDa,oe:team:acbc961cec36a59ede6695669ad7a19,100 Thieves Academy,jng,2019-06-07,1,250.37936267,329.64381911,-0.70766026
oe:player:412aae1eae0c18dcb27ed6efc369f3c,AnDa,oe:team:acbc961cec36a59ede6695669ad7a19,100 Thieves Academy,jng,2019-06-13,1,182.46259085,294.53754213,-1.00058705
oe:player:412aae1eae0c18dcb27ed6efc369f3c,AnDa,oe:team:acbc961cec36a59ede6695669ad7a19,100 Thieves Academy,jng,2019-06-14,2,235.48722729,312.56855823,-0.68816966
oe:player:412aae1eae0c18dcb27ed6efc369f3c,AnDa,oe:team:acbc961cec36a59ede6695669ad7a19,100 Thieves Academy,jng,2019-06-20,1,615.23076923,309.28781906,2.68251165
oe:player:412aae1eae0c18dcb27ed6efc369f3c,AnDa,oe:team:acbc961cec36a59ede6695669ad7a19,100 Thieves Academy,jng,2019-06-21,1,466.28670121,332.89916287,1.16954362
oe:player:412aae1eae0c18dcb27ed6efc369f3c,AnDa,oe:team:acbc961cec36a59ede6695669ad7a19,100 Thieves Academy,jng,2019-07-05,1,351.74431203,276.45596157,0.66012921
oe:player:412aae1eae0c18dcb27ed6efc369f3c,AnDa,oe:team:acbc961cec36a59ede6695669ad7a19,100 Thieves Academy,jng,2019-07-07,1,250.37807183,228.66979227,0.19033847
oe:player:412aae1eae0c18dcb27ed6efc369f3c,AnDa,oe:team:acbc961cec36a59ede6695669ad7a19,100 Thieves Academy,jng,2019-07-11,1,505.90978206,313.67209210,1.68554249
oe:player:412aae1eae0c18dcb27ed6efc369f3c,AnDa,oe:team:acbc961cec36a59ede6695669ad7a19,100 Thieves Academy,jng,2019-07-13,1,409.38245978,296.04639372,0.99373206
oe:player:412aae1eae0c18dcb27ed6efc369f3c,AnDa,oe:team:acbc961cec36a59ede6695669ad7a19,100 Thieves Academy,jng,2019-07-17,1,344.02901786,330.29332169,0.12043476
oe:player:412aae1eae0c18dcb27ed6efc369f3c,AnDa,oe:team:acbc961cec36a59ede6695669ad7a19,100 Thieves Academy,jng,2019-07-19,2,335.23924677,338.09959538,-0.02382097
oe:player:412aae1eae0c18dcb27ed6efc369f3c,AnDa,oe:team:acbc961cec36a59ede6695669ad7a19,100 Thieves Academy,jng,2019-07-26,1,204.23021583,261.69262380,-0.47854673
oe:player:412aae1eae0c18dcb27ed6efc369f3c,AnDa,oe:team:acbc961cec36a59ede6695669ad7a19,100 Thieves Academy,jng,2019-07-28,1,218.78627968,319.03590578,-0.83487853
oe:player:412aae1eae0c18dcb27ed6efc369f3c,AnDa,oe:team:acbc961cec36a59ede6695669ad7a19,100 Thieves Academy,jng,2019-08-01,3,343.17135470,314.38859172,0.23970275
oe:player:412aae1eae0c18dcb27ed6efc369f3c,AnDa,oe:team:acbc961cec36a59ede6695669ad7a19,100 Thieves Academy,jng,2019-08-02,2,405.52589420,301.57325304,0.86571723
oe:player:412aae1eae0c18dcb27ed6efc369f3c,AnDa,oe:team:acbc961cec36a59ede6695669ad7a19,100 Thieves Academy,jng,2019-08-09,3,208.18079250,307.65186526,-0.82839474
oe:player:412aae1eae0c18dcb27ed6efc369f3c,AnDa,oe:team:acbc961cec36a59ede6695669ad7a19,100 Thieves Academy,jng,2019-08-10,1,183.87565604,318.15545288,-1.11828168
oe:player:412aae1eae0c18dcb27ed6efc369f3c,AnDa,oe:team:acbc961cec36a59ede6695669ad7a19,100 Thieves Academy,jng,2019-08-16,3,282.85191897,308.92337393,-0.21712299
oe:player:412aae1eae0c18dcb27ed6efc369f3c,AnDa,oe:team:acbc961cec36a59ede6695669ad7a19,100 Thieves Academy,jng,2019-08-17,1,258.89223359,360.34721149,-0.84491670
oe:player:416ea631f3b7a0d79f4263e00736f02,Prismal,oe:team:acbc961cec36a59ede6695669ad7a19,100 Thieves Academy,bot,2019-02-22,1,1121.13989637,620.25011945,2.13302710
oe:player:416ea631f3b7a0d79f4263e00736f02,Prismal,oe:team:acbc961cec36a59ede6695669ad7a19,100 Thieves Academy,bot,2019-02-23,1,423.80530973,618.18436291,-0.82775854
oe:player:416ea631f3b7a0d79f4263e00736f02,Prismal,oe:team:acbc961cec36a59ede6695669ad7a19,100 Thieves Academy,bot,2019-03-01,1,691.48440748,504.44080491,0.79652070
oe:player:416ea631f3b7a0d79f4263e00736f02,Prismal,oe:team:acbc961cec36a59ede6695669ad7a19,100 Thieves Academy,bot,2019-03-02,1,428.58995138,546.91841597,-0.50389893
oe:player:416ea631f3b7a0d79f4263e00736f02,Prismal,oe:team:acbc961cec36a59ede6695669ad7a19,100 Thieves Academy,bot,2019-03-08,1,622.58096173,625.10788324,-0.01076083
oe:player:416ea631f3b7a0d79f4263e00736f02,Prismal,oe:team:acbc961cec36a59ede6695669ad7a19,100 Thieves Academy,bot,2019-03-09,1,819.78042959,527.96286554,1.24269810
oe:player:416ea631f3b7a0d79f4263e00736f02,Prismal,oe:team:acbc961cec36a59ede6695669ad7a19,100 Thieves Academy,bot,2019-03-15,1,919.88142292,551.78495000,1.56753000
oe:player:416ea631f3b7a0d79f4263e00736f02,Prismal,oe:team:acbc961cec36a59ede6695669ad7a19,100 Thieves Academy,bot,2019-03-16,1,395.05706760,531.95349365,-0.58297015
oe:player:416ea631f3b7a0d79f4263e00736f02,Prismal,oe:team:acbc961cec36a59ede6695669ad7a19,100 Thieves Academy,bot,2019-03-21,3,654.77574449,558.25859231,0.41101598
oe:player:416ea631f3b7a0d79f4263e00736f02,Prismal,oe:team:acbc961cec36a59ede6695669ad7a19,100 Thieves Academy,bot,2019-03-22,2,663.11623476,527.00649511,0.57962006
oe:player:416ea631f3b7a0d79f4263e00736f02,Prismal,oe:team:acbc961cec36a59ede6695669ad7a19,100 Thieves Academy,bot,2019-05-30,1,415.35300316,571.24193753,-0.68291291
oe:player:416ea631f3b7a0d79f4263e00736f02,Prismal,oe:team:acbc961cec36a59ede6695669ad7a19,100 Thieves Academy,bot,2019-06-01,1,253.28547764,502.82832245,-1.09318876
oe:player:416ea631f3b7a0d79f4263e00736f02,Prismal,oe:team:acbc961cec36a59ede6695669ad7a19,100 Thieves Academy,bot,2019-06-06,1,410.45518536,469.78550191,-0.25991222
oe:player:416ea631f3b7a0d79f4263e00736f02,Prismal,oe:team:acbc961cec36a59ede6695669ad7a19,100 Thieves Academy,bot,2019-06-07,1,675.35660091,690.39144765,-0.06586414
oe:player:416ea631f3b7a0d79f4263e00736f02,Prismal,oe:team:acbc961cec36a59ede6695669ad7a19,100 Thieves Academy,bot,2019-06-14,2,328.18914697,617.36450253,-1.26680950
oe:player:416ea631f3b7a0d79f4263e00736f02,Prismal,oe:team:acbc961cec36a59ede6695669ad7a19,100 Thieves Academy,bot,2019-06-20,1,783.44796380,559.92158127,0.97863272
oe:player:416ea631f3b7a0d79f4263e00736f02,Prismal,oe:team:acbc961cec36a59ede6695669ad7a19,100 Thieves Academy,bot,2019-06-21,1,495.82037997,556.40022882,-0.26522785
oe:player:416ea631f3b7a0d79f4263e00736f02,Prismal,oe:team:acbc961cec36a59ede6695669ad7a19,100 Thieves Academy,bot,2019-07-05,1,551.96099675,635.99765818,-0.36792537
oe:player:416ea631f3b7a0d79f4263e00736f02,Prismal,oe:team:acbc961cec36a59ede6695669ad7a19,100 Thieves Academy,bot,2019-07-07,1,750.11342155,635.48271622,0.50187078
oe:player:416ea631f3b7a0d79f4263e00736f02,Prismal,oe:team:acbc961cec36a59ede6695669ad7a19,100 Thieves Academy,bot,2019-07-11,1,247.75468829,548.43577870,-1.31642784
oe:player:416ea631f3b7a0d79f4263e00736f02,Prismal,oe:team:acbc961cec36a59ede6695669ad7a19,100 Thieves Academy,bot,2019-07-13,1,456.77218474,489.70689170,-0.14419319
oe:player:416ea631f3b7a0d79f4263e00736f02,Prismal,oe:team:acbc961cec36a59ede6695669ad7a19,100 Thieves Academy,bot,2019-07-17,1,805.68080357,572.57256624,1.02058355
oe:player:416ea631f3b7a0d79f4263e00736f02,Prismal,oe:team:acbc961cec36a59ede6695669ad7a19,100 Thieves Academy,bot,2019-07-19,2,453.45502724,577.74108109,-0.52808745
oe:player:416ea631f3b7a0d79f4263e00736f02,Prismal,oe:team:acbc961cec36a59ede6695669ad7a19,100 Thieves Academy,bot,2019-07-26,1,543.62589928,526.34944096,0.07340712
oe:player:416ea631f3b7a0d79f4263e00736f02,Prismal,oe:team:acbc961cec36a59ede6695669ad7a19,100 Thieves Academy,bot,2019-07-28,1,132.11081794,502.96647957,-1.57575380
oe:player:416ea631f3b7a0d79f4263e00736f02,Prismal,oe:team:acbc961cec36a59ede6695669ad7a19,100 Thieves Academy,bot,2019-08-01,3,654.15223637,595.30923505,0.25002202
oe:player:416ea631f3b7a0d79f4263e00736f02,Prismal,oe:team:acbc961cec36a59ede6695669ad7a19,100 Thieves Academy,bot,2019-08-02,2,542.85215556,551.86365325,-0.03828956
oe:player:416ea631f3b7a0d79f4263e00736f02,Prismal,oe:team:acbc961cec36a59ede6695669ad7a19,100 Thieves Academy,bot,2019-08-09,3,597.11632280,713.16893152,-0.49310381
oe:player:416ea631f3b7a0d79f4263e00736f02,Prismal,oe:team:acbc961cec36a59ede6695669ad7a19,100 Thieves Academy,bot,2019-08-10,1,542.03471942,727.86905870,-0.78960414
oe:player:416ea631f3b7a0d79f4263e00736f02,Prismal,oe:team:acbc961cec36a59ede6695669ad7a19,100 Thieves Academy,bot,2019-08-16,3,641.35610495,571.54446193,0.29662743
oe:player:416ea631f3b7a0d79f4263e00736f02,Prismal,oe:team:acbc961cec36a59ede6695669ad7a19,100 Thieves Academy,bot,2019-08-17,1,617.30282962,524.60795118,0.39385756
oe:player:43b4189712f5ac66bbef0414a8ed2db,Lourlo,oe:team:2b688a6cc8da916b7b3aaf2bd615605,Echo Fox Academy,top,2019-02-21,1,627.65655261,366.86238008,1.50090722
oe:player:43b4189712f5ac66bbef0414a8ed2db,Lourlo,oe:team:2b688a6cc8da916b7b3aaf2bd615605,Echo Fox Academy,top,2019-02-23,1,302.49783174,411.08606502,-0.62494059
oe:player:43b4189712f5ac66bbef0414a8ed2db,Lourlo,oe:team:2b688a6cc8da916b7b3aaf2bd615605,Echo Fox Academy,top,2019-03-01,1,404.66992665,396.40276145,0.04757870
oe:player:43b4189712f5ac66bbef0414a8ed2db,Lourlo,oe:team:2b688a6cc8da916b7b3aaf2bd615605,Echo Fox Academy,top,2019-03-02,1,209.87927565,401.98546223,-1.10559818
oe:player:43b4189712f5ac66bbef0414a8ed2db,Lourlo,oe:team:2b688a6cc8da916b7b3aaf2bd615605,Echo Fox Academy,top,2019-03-08,1,276.62125341,364.97505405,-0.50848857
oe:player:43b4189712f5ac66bbef0414a8ed2db,Lourlo,oe:team:2b688a6cc8da916b7b3aaf2bd615605,Echo Fox Academy,top,2019-03-09,1,339.43675418,395.87995315,-0.32483856
oe:player:43b4189712f5ac66bbef0414a8ed2db,Lourlo,oe:team:2b688a6cc8da916b7b3aaf2bd615605,Echo Fox Academy,top,2019-03-14,1,294.34105263,329.44020673,-0.20200058
oe:player:43b4189712f5ac66bbef0414a8ed2db,Lourlo,oe:team:2b688a6cc8da916b7b3aaf2bd615605,Echo Fox Academy,top,2019-03-16,1,163.34375000,397.76365943,-1.34911962
oe:player:43b4189712f5ac66bbef0414a8ed2db,Lourlo,oe:team:2b688a6cc8da916b7b3aaf2bd615605,Echo Fox Academy,top,2019-03-21,3,559.25115461,407.65274387,0.87247022
oe:player:43b4189712f5ac66bbef0414a8ed2db,Lourlo,oe:team:2b688a6cc8da916b7b3aaf2bd615605,Echo Fox Academy,top,2019-03-22,2,522.05376940,409.13591170,0.64985819
oe:player:43b4189712f5ac66bbef0414a8ed2db,Lourlo,oe:team:2b688a6cc8da916b7b3aaf2bd615605,Echo Fox Academy,top,2019-03-28,3,379.22119324,355.04612503,0.13913092
oe:player:43b4189712f5ac66bbef0414a8ed2db,Lourlo,oe:team:2b688a6cc8da916b7b3aaf2bd615605,Echo Fox Academy,top,2019-05-31,2,582.18512203,360.05887032,1.25672349
oe:player:43b4189712f5ac66bbef0414a8ed2db,Lourlo,oe:team:2b688a6cc8da916b7b3aaf2bd615605,Echo Fox Academy,top,2019-06-07,1,470.68716963,448.21305973,0.12715175
oe:player:43b4189712f5ac66bbef0414a8ed2db,Lourlo,oe:team:2b688a6cc8da916b7b3aaf2bd615605,Echo Fox Academy,top,2019-06-10,1,343.52790250,418.19282809,-0.42243168
oe:player:43b4189712f5ac66bbef0414a8ed2db,Lourlo,oe:team:2b688a6cc8da916b7b3aaf2bd615605,Echo Fox Academy,top,2019-06-13,2,359.32131579,400.04744958,-0.23041621
oe:player:43b4189712f5ac66bbef0414a8ed2db,Lourlo,oe:team:2b688a6cc8da916b7b3aaf2bd615605,Echo Fox Academy,top,2019-06-14,1,420.36516854,475.18956180,-0.31017992
oe:player:43b4189712f5ac66bbef0414a8ed2db,Lourlo,oe:team:2b688a6cc8da916b7b3aaf2bd615605,Echo Fox Academy,top,2019-06-22,1,432.26252159,394.15638886,0.21995601
oe:player:43b4189712f5ac66bbef0414a8ed2db,Lourlo,oe:team:2b688a6cc8da916b7b3aaf2bd615605,Echo Fox Academy,top,2019-06-24,1,516.18374558,524.00893849,-0.04516854
oe:player:43b4189712f5ac66bbef0414a8ed2db,Lourlo,oe:team:2b688a6cc8da916b7b3aaf2bd615605,Echo Fox Academy,top,2019-07-04,1,407.26315789,445.78322363,-0.22234531
oe:player:43b4189712f5ac66bbef0414a8ed2db,Lourlo,oe:team:2b688a6cc8da916b7b3aaf2bd615605,Echo Fox Academy,top,2019-07-06,1,729.09336942,460.86451326,1.54826915
oe:player:43b4189712f5ac66bbef0414a8ed2db,Lourlo,oe:team:2b688a6cc8da916b7b3aaf2bd615605,Echo Fox Academy,top,2019-07-11,1,80.95286366,375.20393321,-1.69847443
oe:player:43b4189712f5ac66bbef0414a8ed2db,Lourlo,oe:team:2b688a6cc8da916b7b3aaf2bd615605,Echo Fox Academy,top,2019-07-12,1,379.33767002,405.66122415,-0.15194468
oe:player:43b4189712f5ac66bbef0414a8ed2db,Lourlo,oe:team:2b688a6cc8da916b7b3aaf2bd615605,Echo Fox Academy,top,2019-07-17,1,391.05431310,380.69091785,0.05981953
oe:player:43b4189712f5ac66bbef0414a8ed2db,Lourlo,oe:team:2b688a6cc8da916b7b3aaf2bd615605,Echo Fox Academy,top,2019-07-18,1,738.88268156,484.48793126,1.48808773
oe:player:43b4189712f5ac66bbef0414a8ed2db,Lourlo,oe:team:2b688a6cc8da916b7b3aaf2bd615605,Echo Fox Academy,top,2019-07-20,1,488.61605206,443.35651097,0.26474669
oe:player:43b4189712f5ac66bbef0414a8ed2db,Lourlo,oe:team:2b688a6cc8da916b7b3aaf2bd615605,Echo Fox Academy,top,2019-08-01,3,365.36410059,427.94041926,-0.36604156
oe:player:43b4189712f5ac66bbef0414a8ed2db,Lourlo,oe:team:2b688a6cc8da916b7b3aaf2bd615605,Echo Fox Academy,top,2019-08-02,2,341.47568209,396.16087632,-0.31988226
oe:player:43e2c87dea1fbecd5a5f29ded6c4faf,Solo,oe:team:2b688a6cc8da916b7b3aaf2bd615605,Echo Fox Academy,top,2019-07-25,1,657.28690229,456.13504606,1.17664224
oe:player:43e2c87dea1fbecd5a5f29ded6c4faf,Solo,oe:team:2b688a6cc8da916b7b3aaf2bd615605,Echo Fox Academy,top,2019-07-27,1,526.42466435,468.14202625,0.34092558
oe:player:49311bd7f1e5550f578fbd1c2a1d21b,Wadid,oe:team:92a5dd0b813a9eea72ba22adf5fe78e,FlyQuest Academy,sup,2019-05-30,1,304.23566879,240.38992680,1.03197888
oe:player:49311bd7f1e5550f578fbd1c2a1d21b,Wadid,oe:team:92a5dd0b813a9eea72ba22adf5fe78e,FlyQuest Academy,sup,2019-05-31,1,19.90123457,227.63242062,-3.35768981
oe:player:49311bd7f1e5550f578fbd1c2a1d21b,Wadid,oe:team:92a5dd0b813a9eea72ba22adf5fe78e,FlyQuest Academy,sup,2019-06-06,1,105.85170341,198.11330848,-1.49128235
oe:player:49311bd7f1e5550f578fbd1c2a1d21b,Wadid,oe:team:92a5dd0b813a9eea72ba22adf5fe78e,FlyQuest Academy,sup,2019-06-08,1,26.98445596,234.48959456,-3.35403606
oe:player:49311bd7f1e5550f578fbd1c2a1d21b,Wadid,oe:team:92a5dd0b813a9eea72ba22adf5fe78e,FlyQuest Academy,sup,2019-06-12,1,74.84787018,168.65529356,-1.51626838
oe:player:49311bd7f1e5550f578fbd1c2a1d21b,Wadid,oe:team:92a5dd0b813a9eea72ba22adf5fe78e,FlyQuest Academy,sup,2019-06-13,1,428.48837209,219.12646623,3.38404816
oe:player:49311bd7f1e5550f578fbd1c2a1d21b,Wadid,oe:team:92a5dd0b813a9eea72ba22adf5fe78e,FlyQuest Academy,sup,2019-06-15,1,157.77972795,190.06684049,-0.41354862
oe:player:4c71efc0f51920935776e56e267d9fe,Jukes,oe:team:4e28e7839cbb263369dfcb1794a25e2,Cloud9 Academy,top,2019-05-30,1,414.77707006,439.06076630,-0.13738985
oe:player:4c71efc0f51920935776e56e267d9fe,Jukes,oe:team:4e28e7839cbb263369dfcb1794a25e2,Cloud9 Academy,top,2019-05-31,1,465.35735038,458.30150525,0.03991985
oe:player:4c71efc0f51920935776e56e267d9fe,Jukes,oe:team:4e28e7839cbb263369dfcb1794a25e2,Cloud9 Academy,top,2019-06-08,1,544.81075697,455.68368287,0.50425416
oe:player:4c71efc0f51920935776e56e267d9fe,Jukes,oe:team:4e28e7839cbb263369dfcb1794a25e2,Cloud9 Academy,top,2019-06-10,1,303.19435536,400.04923502,-0.54797576
oe:player:4c71efc0f51920935776e56e267d9fe,Jukes,oe:team:4e28e7839cbb263369dfcb1794a25e2,Cloud9 Academy,top,2019-06-12,1,419.73667712,435.08757648,-0.08685077
oe:player:4c71efc0f51920935776e56e267d9fe,Jukes,oe:team:4e28e7839cbb263369dfcb1794a25e2,Cloud9 Academy,top,2019-06-13,1,367.94244604,396.68004015,-0.16258866
oe:player:4c71efc0f51920935776e56e267d9fe,Jukes,oe:team:4e28e7839cbb263369dfcb1794a25e2,Cloud9 Academy,top,2019-06-20,1,564.29864253,470.16452038,0.54336047
oe:player:4c71efc0f51920935776e56e267d9fe,Jukes,oe:team:4e28e7839cbb263369dfcb1794a25e2,Cloud9 Academy,top,2019-06-21,1,213.80336352,492.38152988,-1.60800738
oe:player:4c71efc0f51920935776e56e267d9fe,Jukes,oe:team:4e28e7839cbb263369dfcb1794a25e2,Cloud9 Academy,top,2019-07-04,1,616.24499141,510.11072141,0.61262766
oe:player:4c71efc0f51920935776e56e267d9fe,Jukes,oe:team:4e28e7839cbb263369dfcb1794a25e2,Cloud9 Academy,top,2019-07-05,1,426.21276596,407.19037313,0.10980095
oe:player:4c71efc0f51920935776e56e267d9fe,Jukes,oe:team:4e28e7839cbb263369dfcb1794a25e2,Cloud9 Academy,top,2019-07-12,1,367.02542874,465.63999664,-0.56922247
oe:player:4c71efc0f51920935776e56e267d9fe,Jukes,oe:team:4e28e7839cbb263369dfcb1794a25e2,Cloud9 Academy,top,2019-07-14,1,696.12820513,429.05925701,1.54157393
oe:player:4d37c966e565a988f405b6bb4291d20,Erry,oe:team:92a5dd0b813a9eea72ba22adf5fe78e,FlyQuest Academy,bot,2019-02-22,2,290.35729599,555.02615460,-1.12708599
oe:player:4d37c966e565a988f405b6bb4291d20,Erry,oe:team:92a5dd0b813a9eea72ba22adf5fe78e,FlyQuest Academy,bot,2019-03-01,1,601.64511123,552.02857483,0.21129083
oe:player:4d37c966e565a988f405b6bb4291d20,Erry,oe:team:92a5dd0b813a9eea72ba22adf5fe78e,FlyQuest Academy,bot,2019-03-02,1,525.36217304,533.38140089,-0.03414969
oe:player:4d37c966e565a988f405b6bb4291d20,Erry,oe:team:92a5dd0b813a9eea72ba22adf5fe78e,FlyQuest Academy,bot,2019-03-08,1,685.40726202,549.72612507,0.57779487
oe:player:4d37c966e565a988f405b6bb4291d20,Erry,oe:team:92a5dd0b813a9eea72ba22adf5fe78e,FlyQuest Academy,bot,2019-03-09,1,726.94394213,489.75331853,1.01007058
oe:player:4d37c966e565a988f405b6bb4291d20,Erry,oe:team:92a5dd0b813a9eea72ba22adf5fe78e,FlyQuest Academy,bot,2019-03-14,1,498.47938144,537.32697143,-0.16543153
oe:player:4d37c966e565a988f405b6bb4291d20,Erry,oe:team:92a5dd0b813a9eea72ba22adf5fe78e,FlyQuest Academy,bot,2019-03-16,1,638.48731450,554.63738037,0.35707293
oe:player:4d37c966e565a988f405b6bb4291d20,Erry,oe:team:92a5dd0b813a9eea72ba22adf5fe78e,FlyQuest Academy,bot,2019-05-30,1,604.80891720,520.48938067,0.36938414
oe:player:4d37c966e565a988f405b6bb4291d20,Erry,oe:team:92a5dd0b813a9eea72ba22adf5fe78e,FlyQuest Academy,bot,2019-05-31,1,183.01234568,493.68973152,-1.36100486
oe:player:4d37c966e565a988f405b6bb4291d20,Erry,oe:team:92a5dd0b813a9eea72ba22adf5fe78e,FlyQuest Academy,bot,2019-06-06,1,274.38877756,500.50032499,-0.99054173
oe:player:4d37c966e565a988f405b6bb4291d20,Erry,oe:team:92a5dd0b813a9eea72ba22adf5fe78e,FlyQuest Academy,bot,2019-06-08,1,330.99481865,723.89643261,-1.72120995
oe:player:4d37c966e565a988f405b6bb4291d20,Erry,oe:team:92a5dd0b813a9eea72ba22adf5fe78e,FlyQuest Academy,bot,2019-06-12,1,350.05070994,486.15552336,-0.59624331
oe:player:4d37c966e565a988f405b6bb4291d20,Erry,oe:team:92a5dd0b813a9eea72ba22adf5fe78e,FlyQuest Academy,bot,2019-06-13,1,731.24031008,638.77914673,0.40505070
oe:player:4d37c966e565a988f405b6bb4291d20,Erry,oe:team:92a5dd0b813a9eea72ba22adf5fe78e,FlyQuest Academy,bot,2019-06-15,1,1129.46906538,504.27913588,2.73717721
oe:player:4d37c966e565a988f405b6bb4291d20,Erry,oe:team:92a5dd0b813a9eea72ba22adf5fe78e,FlyQuest Academy,bot,2019-06-20,1,278.44594595,509.94690898,-1.01354665
oe:player:4d37c966e565a988f405b6bb4291d20,Erry,oe:team:92a5dd0b813a9eea72ba22adf5fe78e,FlyQuest Academy,bot,2019-06-21,1,217.72020725,491.13180549,-1.19703783
oe:player:4d37c966e565a988f405b6bb4291d20,Erry,oe:team:92a5dd0b813a9eea72ba22adf5fe78e,FlyQuest Academy,bot,2019-07-05,1,395.52870091,433.34700209,-0.16557431
oe:player:4d37c966e565a988f405b6bb4291d20,Erry,oe:team:92a5dd0b813a9eea72ba22adf5fe78e,FlyQuest Academy,bot,2019-07-06,1,1312.34776725,630.97593232,2.98315020
oe:player:4d37c966e565a988f405b6bb4291d20,Erry,oe:team:92a5dd0b813a9eea72ba22adf5fe78e,FlyQuest Academy,bot,2019-07-11,1,131.78571429,424.64751511,-1.28219379
oe:player:4d37c966e565a988f405b6bb4291d20,Erry,oe:team:92a5dd0b813a9eea72ba22adf5fe78e,FlyQuest Academy,bot,2019-07-12,1,304.49511401,480.02712301,-0.76850601
oe:player:4d37c966e565a988f405b6bb4291d20,Erry,oe:team:92a5dd0b813a9eea72ba22adf5fe78e,FlyQuest Academy,bot,2019-07-17,1,543.03514377,477.62869153,0.28635946
oe:player:4d37c966e565a988f405b6bb4291d20,Erry,oe:team:92a5dd0b813a9eea72ba22adf5fe78e,FlyQuest Academy,bot,2019-07-19,1,320.87467363,439.82157805,-0.50540158
oe:player:4d37c966e565a988f405b6bb4291d20,Erry,oe:team:92a5dd0b813a9eea72ba22adf5fe78e,FlyQuest Academy,bot,2019-07-21,1,459.14179104,694.60811037,-1.00048883
oe:player:4d37c966e565a988f405b6bb4291d20,Erry,oe:team:92a5dd0b813a9eea72ba22adf5fe78e,FlyQuest Academy,bot,2019-07-25,1,417.65462642,487.34578119,-0.29611548
oe:player:4d37c966e565a988f405b6bb4291d20,Erry,oe:team:92a5dd0b813a9eea72ba22adf5fe78e,FlyQuest Academy,bot,2019-07-27,1,351.14754098,550.09232745,-0.84531001
oe:player:4d38e91e966ad67aead69648253640e,Stunt,oe:team:acbc961cec36a59ede6695669ad7a19,100 Thieves Academy,sup,2019-02-22,1,340.76683938,301.89748835,0.60708205
oe:player:4d38e91e966ad67aead69648253640e,Stunt,oe:team:acbc961cec36a59ede6695669ad7a19,100 Thieves Academy,sup,2019-02-23,1,116.31268437,215.18069628,-1.54417281
oe:player:4d38e91e966ad67aead69648253640e,Stunt,oe:team:acbc961cec36a59ede6695669ad7a19,100 Thieves Academy,sup,2019-03-01,1,219.46777547,176.07070635,0.67779834
oe:player:4d38e91e966ad67aead69648253640e,Stunt,oe:team:acbc961cec36a59ede6695669ad7a19,100 Thieves Academy,sup,2019-03-02,1,182.30145867,209.60347196,-0.42641726
oe:player:4d38e91e966ad67aead69648253640e,Stunt,oe:team:acbc961cec36a59ede6695669ad7a19,100 Thieves Academy,sup,2019-03-08,1,188.33169774,204.89414531,-0.25868105
oe:player:4d38e91e966ad67aead69648253640e,Stunt,oe:team:acbc961cec36a59ede6695669ad7a19,100 Thieves Academy,sup,2019-03-09,1,94.25298329,227.07140086,-2.07442817
oe:player:4d38e91e966ad67aead69648253640e,Stunt,oe:team:acbc961cec36a59ede6695669ad7a19,100 Thieves Academy,sup,2019-03-15,1,337.13438735,269.46160575,1.05694923
oe:player:4d38e91e966ad67aead69648253640e,Stunt,oe:team:acbc961cec36a59ede6695669ad7a19,100 Thieves Academy,sup,2019-03-16,1,356.07550483,265.11442889,1.42067811
oe:player:4d38e91e966ad67aead69648253640e,Stunt,oe:team:acbc961cec36a59ede6695669ad7a19,100 Thieves Academy,sup,2019-03-21,3,176.82679465,231.83114020,-0.85908691
oe:player:4d38e91e966ad67aead69648253640e,Stunt,oe:team:acbc961cec36a59ede6695669ad7a19,100 Thieves Academy,sup,2019-03-22,2,153.03675859,231.75560301,-1.22947247
oe:player:4d38e91e966ad67aead69648253640e,Stunt,oe:team:acbc961cec36a59ede6695669ad7a19,100 Thieves Academy,sup,2019-05-30,1,391.99157007,278.81841941,1.82928881
oe:player:4d38e91e966ad67aead69648253640e,Stunt,oe:team:acbc961cec36a59ede6695669ad7a19,100 Thieves Academy,sup,2019-06-01,1,104.19657648,212.63914455,-1.75282543
oe:player:4d38e91e966ad67aead69648253640e,Stunt,oe:team:acbc961cec36a59ede6695669ad7a19,100 Thieves Academy,sup,2019-06-06,1,79.06147349,169.47976006,-1.46148763
oe:player:4d38e91e966ad67aead69648253640e,Stunt,oe:team:acbc961cec36a59ede6695669ad7a19,100 Thieves Academy,sup,2019-06-07,1,133.20182094,237.23967831,-1.68162932
oe:player:4d38e91e966ad67aead69648253640e,Stunt,oe:team:acbc961cec36a59ede6695669ad7a19,100 Thieves Academy,sup,2019-06-13,1,240.00000000,234.07515593,0.09576698
oe:player:4d38e91e966ad67aead69648253640e,Stunt,oe:team:acbc961cec36a59ede6695669ad7a19,100 Thieves Academy,sup,2019-06-14,1,432.97752809,251.49819798,2.93336455
oe:player:4d38e91e966ad67aead69648253640e,Stunt,oe:team:acbc961cec36a59ede6695669ad7a19,100 Thieves Academy,sup,2019-06-20,1,192.65158371,195.61309014,-0.03793238
oe:player:4d38e91e966ad67aead69648253640e,Stunt,oe:team:acbc961cec36a59ede6695669ad7a19,100 Thieves Academy,sup,2019-06-21,1,229.63730570,264.13645420,-0.44188142
oe:player:4d38e91e966ad67aead69648253640e,Stunt,oe:team:acbc961cec36a59ede6695669ad7a19,100 Thieves Academy,sup,2019-07-05,1,152.14517876,134.10969803,0.23100697
oe:player:4d38e91e966ad67aead69648253640e,Stunt,oe:team:acbc961cec36a59ede6695669ad7a19,100 Thieves Academy,sup,2019-07-07,1,150.14177694,157.78217749,-0.09786187
oe:player:4d38e91e966ad67aead69648253640e,Stunt,oe:team:acbc961cec36a59ede6695669ad7a19,100 Thieves Academy,sup,2019-07-11,1,206.30511911,247.42793243,-0.52672046
oe:player:4d38e91e966ad67aead69648253640e,Stunt,oe:team:acbc961cec36a59ede6695669ad7a19,100 Thieves Academy,sup,2019-07-13,1,275.05967826,232.19260604,0.54906175
oe:player:4d38e91e966ad67aead69648253640e,Stunt,oe:team:acbc961cec36a59ede6695669ad7a19,100 Thieves Academy,sup,2019-07-17,1,191.45089286,291.25173027,-1.27829636
oe:player:4d38e91e966ad67aead69648253640e,Stunt,oe:team:acbc961cec36a59ede6695669ad7a19,100 Thieves Academy,sup,2019-07-19,2,162.18273199,207.73859019,-0.53325081
oe:player:4d38e91e966ad67aead69648253640e,Stunt,oe:team:acbc961cec36a59ede6695669ad7a19,100 Thieves Academy,sup,2019-07-26,1,118.56115108,221.64972454,-1.20669586
oe:player:4d38e91e966ad67aead69648253640e,Stunt,oe:team:acbc961cec36a59ede6695669ad7a19,100 Thieves Academy,sup,2019-07-28,1,96.45118734,200.33736385,-1.21603215
oe:player:4d38e91e966ad67aead69648253640e,Stunt,oe:team:acbc961cec36a59ede6695669ad7a19,100 Thieves Academy,sup,2019-08-01,3,238.28560728,233.10974648,0.06058567
oe:player:4d38e91e966ad67aead69648253640e,Stunt,oe:team:acbc961cec36a59ede6695669ad7a19,100 Thieves Academy,sup,2019-08-02,2,204.15033206,218.53028517,-0.16832350
oe:player:4d38e91e966ad67aead69648253640e,Stunt,oe:team:acbc961cec36a59ede6695669ad7a19,100 Thieves Academy,sup,2019-08-09,3,164.14578047,207.71370818,-0.50998124
oe:player:4d38e91e966ad67aead69648253640e,Stunt,oe:team:acbc961cec36a59ede6695669ad7a19,100 Thieves Academy,sup,2019-08-10,1,163.91602745,212.11656311,-0.56420789
oe:player:4d38e91e966ad67aead69648253640e,Stunt,oe:team:acbc961cec36a59ede6695669ad7a19,100 Thieves Academy,sup,2019-08-16,3,153.59089570,188.73078493,-0.41132744
oe:player:4d38e91e966ad67aead69648253640e,Stunt,oe:team:acbc961cec36a59ede6695669ad7a19,100 Thieves Academy,sup,2019-08-17,1,176.64057797,191.52208955,-0.17419446
oe:player:4e0619e57cb50c4ab1230c2dd72df1b,Tactical,oe:team:b2840811ed80a85fcf6f023d4b73f8d,TSM Academy,bot,2019-02-21,1,301.31697870,639.22694438,-1.43898148
oe:player:4e0619e57cb50c4ab1230c2dd72df1b,Tactical,oe:team:b2840811ed80a85fcf6f023d4b73f8d,TSM Academy,bot,2019-02-23,1,811.75781250,662.67289203,0.63487456
oe:player:4e0619e57cb50c4ab1230c2dd72df1b,Tactical,oe:team:b2840811ed80a85fcf6f023d4b73f8d,TSM Academy,bot,2019-03-01,2,414.91614357,577.14311703,-0.69083968
oe:player:4e0619e57cb50c4ab1230c2dd72df1b,Tactical,oe:team:b2840811ed80a85fcf6f023d4b73f8d,TSM Academy,bot,2019-03-08,2,848.92606413,740.57151638,0.46142524
oe:player:4e0619e57cb50c4ab1230c2dd72df1b,Tactical,oe:team:b2840811ed80a85fcf6f023d4b73f8d,TSM Academy,bot,2019-03-15,2,520.80136635,596.59643999,-0.32277150
oe:player:4e0619e57cb50c4ab1230c2dd72df1b,Tactical,oe:team:b2840811ed80a85fcf6f023d4b73f8d,TSM Academy,bot,2019-03-28,3,344.18036679,544.34001420,-0.85237506
oe:player:4e0619e57cb50c4ab1230c2dd72df1b,Tactical,oe:team:b2840811ed80a85fcf6f023d4b73f8d,TSM Academy,bot,2019-04-05,3,484.63696431,503.78996120,-0.08390479
oe:player:4e0619e57cb50c4ab1230c2dd72df1b,Tactical,oe:team:b2840811ed80a85fcf6f023d4b73f8d,TSM Academy,bot,2019-04-06,1,787.98824024,579.04958814,0.91531130
oe:player:4e0619e57cb50c4ab1230c2dd72df1b,Tactical,oe:team:b2840811ed80a85fcf6f023d4b73f8d,TSM Academy,bot,2019-05-31,1,596.81496461,583.64037615,0.05771479
oe:player:4e0619e57cb50c4ab1230c2dd72df1b,Tactical,oe:team:b2840811ed80a85fcf6f023d4b73f8d,TSM Academy,bot,2019-06-02,1,607.88218794,545.34883212,0.27394399
oe:player:4e0619e57cb50c4ab1230c2dd72df1b,Tactical,oe:team:b2840811ed80a85fcf6f023d4b73f8d,TSM Academy,bot,2019-06-06,1,502.32464930,738.05274700,-1.03266958
oe:player:4e0619e57cb50c4ab1230c2dd72df1b,Tactical,oe:team:b2840811ed80a85fcf6f023d4b73f8d,TSM Academy,bot,2019-06-07,1,945.38202787,577.72824497,1.61060511
oe:player:4e0619e57cb50c4ab1230c2dd72df1b,Tactical,oe:team:b2840811ed80a85fcf6f023d4b73f8d,TSM Academy,bot,2019-06-12,1,413.89244558,642.34961689,-1.00081736
oe:player:4e0619e57cb50c4ab1230c2dd72df1b,Tactical,oe:team:b2840811ed80a85fcf6f023d4b73f8d,TSM Academy,bot,2019-06-13,1,345.96899225,541.09296631,-0.85479243
oe:player:4e0619e57cb50c4ab1230c2dd72df1b,Tactical,oe:team:b2840811ed80a85fcf6f023d4b73f8d,TSM Academy,bot,2019-06-14,1,869.70905172,633.33310141,1.03550767
oe:player:4e0619e57cb50c4ab1230c2dd72df1b,Tactical,oe:team:b2840811ed80a85fcf6f023d4b73f8d,TSM Academy,bot,2019-06-21,1,627.78617083,492.42138220,0.59264777
oe:player:4e0619e57cb50c4ab1230c2dd72df1b,Tactical,oe:team:b2840811ed80a85fcf6f023d4b73f8d,TSM Academy,bot,2019-06-22,1,170.75050710,491.11292131,-1.40259569
oe:player:4e0619e57cb50c4ab1230c2dd72df1b,Tactical,oe:team:b2840811ed80a85fcf6f023d4b73f8d,TSM Academy,bot,2019-07-04,1,476.57448707,569.31834400,-0.40604680
oe:player:4e0619e57cb50c4ab1230c2dd72df1b,Tactical,oe:team:b2840811ed80a85fcf6f023d4b73f8d,TSM Academy,bot,2019-07-05,1,798.00650054,620.98904470,0.77500952
oe:player:4e0619e57cb50c4ab1230c2dd72df1b,Tactical,oe:team:b2840811ed80a85fcf6f023d4b73f8d,TSM Academy,bot,2019-07-14,1,996.07692308,537.94460341,2.00577343
oe:player:4e0619e57cb50c4ab1230c2dd72df1b,Tactical,oe:team:b2840811ed80a85fcf6f023d4b73f8d,TSM Academy,bot,2019-07-17,1,381.44537815,489.72733201,-0.47407497
oe:player:4e0619e57cb50c4ab1230c2dd72df1b,Tactical,oe:team:b2840811ed80a85fcf6f023d4b73f8d,TSM Academy,bot,2019-07-18,1,584.83985765,446.53507486,0.58765258
oe:player:4e0619e57cb50c4ab1230c2dd72df1b,Tactical,oe:team:b2840811ed80a85fcf6f023d4b73f8d,TSM Academy,bot,2019-08-02,3,671.45700233,631.17917835,0.17113918
oe:player:4e0619e57cb50c4ab1230c2dd72df1b,Tactical,oe:team:b2840811ed80a85fcf6f023d4b73f8d,TSM Academy,bot,2019-08-08,3,679.10793882,606.07001562,0.31033579
oe:player:4e0619e57cb50c4ab1230c2dd72df1b,Tactical,oe:team:b2840811ed80a85fcf6f023d4b73f8d,TSM Academy,bot,2019-08-09,1,375.84832905,590.88591263,-0.91368779
oe:player:51d421a31ce72460198ef946995fb11,Stixxay,oe:team:fe409cbd7c72eb621d9c4e7eac75936,CLG Academy,bot,2019-03-07,1,907.87982833,613.75368204,1.25252914
oe:player:51d421a31ce72460198ef946995fb11,Stixxay,oe:team:fe409cbd7c72eb621d9c4e7eac75936,CLG Academy,bot,2019-03-08,1,527.24226804,446.00977890,0.34592661
oe:player:51d421a31ce72460198ef946995fb11,Stixxay,oe:team:fe409cbd7c72eb621d9c4e7eac75936,CLG Academy,bot,2019-03-15,1,957.03557312,642.60645143,1.33898887
oe:player:51d421a31ce72460198ef946995fb11,Stixxay,oe:team:fe409cbd7c72eb621d9c4e7eac75936,CLG Academy,bot,2019-03-16,1,537.62500000,602.24261689,-0.27517257
oe:player:526e67744f0b90739ec17c191c62d24,Bang,oe:team:acbc961cec36a59ede6695669ad7a19,100 Thieves Academy,bot,2019-06-13,1,873.50149637,580.20058503,1.28488260
oe:player:53f13bd904bd3958d671db61877de7e,Abou222,oe:team:92a5dd0b813a9eea72ba22adf5fe78e,FlyQuest Academy,sup,2019-03-08,1,172.87536801,218.01907068,-0.70507818
oe:player:53f13bd904bd3958d671db61877de7e,Abou222,oe:team:92a5dd0b813a9eea72ba22adf5fe78e,FlyQuest Academy,sup,2019-03-09,1,144.95479204,174.34569533,-0.45904264
oe:player:53f13bd904bd3958d671db61877de7e,Abou222,oe:team:92a5dd0b813a9eea72ba22adf5fe78e,FlyQuest Academy,sup,2019-03-14,1,193.02835052,206.34181994,-0.20793679
oe:player:53f13bd904bd3958d671db61877de7e,Abou222,oe:team:92a5dd0b813a9eea72ba22adf5fe78e,FlyQuest Academy,sup,2019-03-16,1,116.17999043,200.90049731,-1.32320961
oe:player:572b2541c97aec9d07ca45dad125559,Sheep,oe:team:d1f833765bf7a9a8109d96a1b61afd7,Golden Guardians Academy,sup,2019-02-22,1,87.98586572,156.92525697,-1.07673181
oe:player:572b2541c97aec9d07ca45dad125559,Sheep,oe:team:d1f833765bf7a9a8109d96a1b61afd7,Golden Guardians Academy,sup,2019-02-23,1,140.47197640,167.94968445,-0.42916135
oe:player:572b2541c97aec9d07ca45dad125559,Sheep,oe:team:d1f833765bf7a9a8109d96a1b61afd7,Golden Guardians Academy,sup,2019-03-01,1,285.13863216,220.94409296,1.00262421
oe:player:572b2541c97aec9d07ca45dad125559,Sheep,oe:team:d1f833765bf7a9a8109d96a1b61afd7,Golden Guardians Academy,sup,2019-03-02,1,127.66454352,110.89511064,0.26191386
oe:player:572b2541c97aec9d07ca45dad125559,Sheep,oe:team:d1f833765bf7a9a8109d96a1b61afd7,Golden Guardians Academy,sup,2019-03-08,1,89.14110429,118.91615748,-0.46504250
oe:player:572b2541c97aec9d07ca45dad125559,Sheep,oe:team:d1f833765bf7a9a8109d96a1b61afd7,Golden Guardians Academy,sup,2019-03-09,1,108.89946460,178.31748800,-1.08420734
oe:player:572b2541c97aec9d07ca45dad125559,Sheep,oe:team:d1f833765bf7a9a8109d96a1b61afd7,Golden Guardians Academy,sup,2019-03-15,1,177.97164667,165.06296103,0.20161467
oe:player:572b2541c97aec9d07ca45dad125559,Sheep,oe:team:d1f833765bf7a9a8109d96a1b61afd7,Golden Guardians Academy,sup,2019-03-16,1,188.84633796,189.48526193,-0.00997905
oe:player:574ca24646bea0e378813db54092903,Ruin,oe:team:fe409cbd7c72eb621d9c4e7eac75936,CLG Academy,top,2019-07-20,1,557.40347490,458.77780288,0.57691305
oe:player:574ca24646bea0e378813db54092903,Ruin,oe:team:fe409cbd7c72eb621d9c4e7eac75936,CLG Academy,top,2019-07-21,1,439.21641791,418.86804676,0.11902825
oe:player:5a4ed34a7baf1d14942def4ab49ce38,Diamond,oe:team:4e28e7839cbb263369dfcb1794a25e2,Cloud9 Academy,sup,2019-02-22,1,112.24634023,217.40002239,-1.64234573
oe:player:5a4ed34a7baf1d14942def4ab49ce38,Diamond,oe:team:4e28e7839cbb263369dfcb1794a25e2,Cloud9 Academy,sup,2019-02-23,1,201.77343750,184.96551439,0.26251502
oe:player:5a4ed34a7baf1d14942def4ab49ce38,Diamond,oe:team:4e28e7839cbb263369dfcb1794a25e2,Cloud9 Academy,sup,2019-02-28,1,180.20833333,185.91559353,-0.08913900
oe:player:5a4ed34a7baf1d14942def4ab49ce38,Diamond,oe:team:4e28e7839cbb263369dfcb1794a25e2,Cloud9 Academy,sup,2019-03-02,1,167.13128039,211.35821815,-0.69075966
oe:player:5a4ed34a7baf1d14942def4ab49ce38,Diamond,oe:team:4e28e7839cbb263369dfcb1794a25e2,Cloud9 Academy,sup,2019-03-08,1,91.79836512,229.29072697,-2.14742830
oe:player:5a4ed34a7baf1d14942def4ab49ce38,Diamond,oe:team:4e28e7839cbb263369dfcb1794a25e2,Cloud9 Academy,sup,2019-03-09,1,199.34529148,214.08997170,-0.23029020
oe:player:5a4ed34a7baf1d14942def4ab49ce38,Diamond,oe:team:4e28e7839cbb263369dfcb1794a25e2,Cloud9 Academy,sup,2019-03-14,1,248.11855670,208.34443357,0.62121325
oe:player:5a4ed34a7baf1d14942def4ab49ce38,Diamond,oe:team:4e28e7839cbb263369dfcb1794a25e2,Cloud9 Academy,sup,2019-03-15,1,89.44846797,217.00263945,-1.99220839
oe:player:5a4ed34a7baf1d14942def4ab49ce38,Diamond,oe:team:4e28e7839cbb263369dfcb1794a25e2,Cloud9 Academy,sup,2019-03-29,3,116.11577988,118.60323124,-0.04020624
oe:player:5a4ed34a7baf1d14942def4ab49ce38,Diamond,oe:team:4e28e7839cbb263369dfcb1794a25e2,Cloud9 Academy,sup,2019-03-30,1,166.44023514,129.08740379,0.60375730
oe:player:5a4ed34a7baf1d14942def4ab49ce38,Diamond,oe:team:4e28e7839cbb263369dfcb1794a25e2,Cloud9 Academy,sup,2019-04-05,3,137.60191299,151.58927846,-0.22608658
oe:player:5a4ed34a7baf1d14942def4ab49ce38,Diamond,oe:team:4e28e7839cbb263369dfcb1794a25e2,Cloud9 Academy,sup,2019-04-06,1,224.60310794,196.39463294,0.45595132
oe:player:5a4ed34a7baf1d14942def4ab49ce38,Diamond,oe:team:4e28e7839cbb263369dfcb1794a25e2,Cloud9 Academy,sup,2019-05-30,1,201.62420382,264.44801134,-1.01546071
oe:player:5a4ed34a7baf1d14942def4ab49ce38,Diamond,oe:team:4e28e7839cbb263369dfcb1794a25e2,Cloud9 Academy,sup,2019-05-31,1,245.54328879,249.55794107,-0.06489135
oe:player:5a4ed34a7baf1d14942def4ab49ce38,Diamond,oe:team:4e28e7839cbb263369dfcb1794a25e2,Cloud9 Academy,sup,2019-06-08,1,144.65139442,236.87311979,-1.49063775
oe:player:5a4ed34a7baf1d14942def4ab49ce38,Diamond,oe:team:4e28e7839cbb263369dfcb1794a25e2,Cloud9 Academy,sup,2019-06-10,1,222.52726106,242.48780635,-0.32263485
oe:player:5a4ed34a7baf1d14942def4ab49ce38,Diamond,oe:team:4e28e7839cbb263369dfcb1794a25e2,Cloud9 Academy,sup,2019-06-12,1,191.51097179,241.35672122,-0.80568820
oe:player:5a4ed34a7baf1d14942def4ab49ce38,Diamond,oe:team:4e28e7839cbb263369dfcb1794a25e2,Cloud9 Academy,sup,2019-06-13,1,184.63309353,234.49954728,-0.80602285
oe:player:5a4ed34a7baf1d14942def4ab49ce38,Diamond,oe:team:4e28e7839cbb263369dfcb1794a25e2,Cloud9 Academy,sup,2019-06-14,1,204.43965517,149.79640341,0.88323324
oe:player:5a4ed34a7baf1d14942def4ab49ce38,Diamond,oe:team:4e28e7839cbb263369dfcb1794a25e2,Cloud9 Academy,sup,2019-06-20,1,160.15384615,199.79721936,-0.50777109
oe:player:5a4ed34a7baf1d14942def4ab49ce38,Diamond,oe:team:4e28e7839cbb263369dfcb1794a25e2,Cloud9 Academy,sup,2019-06-21,1,209.37904269,256.59966697,-0.60482410
oe:player:5a4ed34a7baf1d14942def4ab49ce38,Diamond,oe:team:4e28e7839cbb263369dfcb1794a25e2,Cloud9 Academy,sup,2019-07-04,1,649.07842015,317.96608353,4.24104351
oe:player:5a4ed34a7baf1d14942def4ab49ce38,Diamond,oe:team:4e28e7839cbb263369dfcb1794a25e2,Cloud9 Academy,sup,2019-07-05,1,344.85106383,239.19707528,1.35326629
oe:player:5a4ed34a7baf1d14942def4ab49ce38,Diamond,oe:team:4e28e7839cbb263369dfcb1794a25e2,Cloud9 Academy,sup,2019-07-12,1,199.58604376,297.88977647,-1.25912073
oe:player:5a4ed34a7baf1d14942def4ab49ce38,Diamond,oe:team:4e28e7839cbb263369dfcb1794a25e2,Cloud9 Academy,sup,2019-07-14,1,269.76923077,272.83802737,-0.03930660
oe:player:5a4ed34a7baf1d14942def4ab49ce38,Diamond,oe:team:4e28e7839cbb263369dfcb1794a25e2,Cloud9 Academy,sup,2019-07-18,1,277.58503401,230.04548457,0.55647077
oe:player:5a4ed34a7baf1d14942def4ab49ce38,Diamond,oe:team:4e28e7839cbb263369dfcb1794a25e2,Cloud9 Academy,sup,2019-07-19,1,274.83870968,249.97532709,0.29103653
oe:player:5a4ed34a7baf1d14942def4ab49ce38,Diamond,oe:team:4e28e7839cbb263369dfcb1794a25e2,Cloud9 Academy,sup,2019-07-20,1,273.24324324,252.03241948,0.24828177
oe:player:5a4ed34a7baf1d14942def4ab49ce38,Diamond,oe:team:4e28e7839cbb263369dfcb1794a25e2,Cloud9 Academy,sup,2019-07-25,1,348.27313211,241.65192608,1.24804684
oe:player:5a4ed34a7baf1d14942def4ab49ce38,Diamond,oe:team:4e28e7839cbb263369dfcb1794a25e2,Cloud9 Academy,sup,2019-07-26,1,175.95918367,198.89854954,-0.26851509
oe:player:5a4ed34a7baf1d14942def4ab49ce38,Diamond,oe:team:4e28e7839cbb263369dfcb1794a25e2,Cloud9 Academy,sup,2019-08-09,3,210.26442773,223.65722879,-0.15676847
oe:player:5a4ed34a7baf1d14942def4ab49ce38,Diamond,oe:team:4e28e7839cbb263369dfcb1794a25e2,Cloud9 Academy,sup,2019-08-10,1,198.36092047,250.05120109,-0.60505685
oe:player:5e79b66b78498aa1aec126b0b4ca1a1,Darshan,oe:team:d1f833765bf7a9a8109d96a1b61afd7,Golden Guardians Academy,top,2019-05-31,2,334.56860005,368.49043880,-0.19191956
oe:player:5e79b66b78498aa1aec126b0b4ca1a1,Darshan,oe:team:d1f833765bf7a9a8109d96a1b61afd7,Golden Guardians Academy,top,2019-06-07,1,606.85873606,384.14788966,1.26003095
oe:player:5e79b66b78498aa1aec126b0b4ca1a1,Darshan,oe:team:d1f833765bf7a9a8109d96a1b61afd7,Golden Guardians Academy,top,2019-06-08,1,484.63147410,354.57886149,0.73579855
oe:player:5e79b66b78498aa1aec126b0b4ca1a1,Darshan,oe:team:d1f833765bf7a9a8109d96a1b61afd7,Golden Guardians Academy,top,2019-06-13,2,548.26753117,392.60695683,0.88068069
oe:player:5e79b66b78498aa1aec126b0b4ca1a1,Darshan,oe:team:d1f833765bf7a9a8109d96a1b61afd7,Golden Guardians Academy,top,2019-06-15,1,518.83864826,438.93047629,0.46124552
oe:player:5e79b66b78498aa1aec126b0b4ca1a1,Darshan,oe:team:d1f833765bf7a9a8109d96a1b61afd7,Golden Guardians Academy,top,2019-06-20,1,335.25155925,347.95556424,-0.07332999
oe:player:5e79b66b78498aa1aec126b0b4ca1a1,Darshan,oe:team:d1f833765bf7a9a8109d96a1b61afd7,Golden Guardians Academy,top,2019-06-22,1,426.35902637,462.53217969,-0.20879848
oe:player:5e79b66b78498aa1aec126b0b4ca1a1,Darshan,oe:team:d1f833765bf7a9a8109d96a1b61afd7,Golden Guardians Academy,top,2019-07-04,1,532.70175439,479.04769623,0.30970166
oe:player:5e79b66b78498aa1aec126b0b4ca1a1,Darshan,oe:team:d1f833765bf7a9a8109d96a1b61afd7,Golden Guardians Academy,top,2019-07-05,1,303.32704640,361.04435149,-0.33315552
oe:player:5e79b66b78498aa1aec126b0b4ca1a1,Darshan,oe:team:d1f833765bf7a9a8109d96a1b61afd7,Golden Guardians Academy,top,2019-07-11,1,516.90831557,465.48815852,0.29680715
oe:player:5e79b66b78498aa1aec126b0b4ca1a1,Darshan,oe:team:d1f833765bf7a9a8109d96a1b61afd7,Golden Guardians Academy,top,2019-07-12,1,575.27687296,400.04379472,1.01147942
oe:player:5e79b66b78498aa1aec126b0b4ca1a1,Darshan,oe:team:d1f833765bf7a9a8109d96a1b61afd7,Golden Guardians Academy,top,2019-07-18,2,515.92816635,437.62586626,0.45803104
oe:player:5e79b66b78498aa1aec126b0b4ca1a1,Darshan,oe:team:d1f833765bf7a9a8109d96a1b61afd7,Golden Guardians Academy,top,2019-07-19,1,721.15942029,522.81738222,1.16020615
oe:player:5e79b66b78498aa1aec126b0b4ca1a1,Darshan,oe:team:d1f833765bf7a9a8109d96a1b61afd7,Golden Guardians Academy,top,2019-07-26,1,560.46484602,430.15806152,0.76223242
oe:player:5e79b66b78498aa1aec126b0b4ca1a1,Darshan,oe:team:d1f833765bf7a9a8109d96a1b61afd7,Golden Guardians Academy,top,2019-07-28,1,485.85751979,514.54392928,-0.16780179
oe:player:5e79b66b78498aa1aec126b0b4ca1a1,Darshan,oe:team:d1f833765bf7a9a8109d96a1b61afd7,Golden Guardians Academy,top,2019-08-08,3,417.21075981,406.35165605,0.06352057
oe:player:5e79b66b78498aa1aec126b0b4ca1a1,Darshan,oe:team:d1f833765bf7a9a8109d96a1b61afd7,Golden Guardians Academy,top,2019-08-09,1,285.07712082,378.50773605,-0.54652445
oe:player:5e79b66b78498aa1aec126b0b4ca1a1,Darshan,oe:team:d1f833765bf7a9a8109d96a1b61afd7,Golden Guardians Academy,top,2019-08-16,3,462.66620230,491.60546948,-0.16928088
oe:player:5e79b66b78498aa1aec126b0b4ca1a1,Darshan,oe:team:d1f833765bf7a9a8109d96a1b61afd7,Golden Guardians Academy,top,2019-08-17,1,257.80854907,435.53526107,-1.03961634
oe:player:61f2c08eb43e1b4fc0bdd988013ee49,Kumo,oe:team:4e28e7839cbb263369dfcb1794a25e2,Cloud9 Academy,top,2019-02-22,1,311.26703685,355.55559003,-0.25488687
oe:player:61f2c08eb43e1b4fc0bdd988013ee49,Kumo,oe:team:4e28e7839cbb263369dfcb1794a25e2,Cloud9 Academy,top,2019-02-23,1,445.82812500,401.38588702,0.25577134
oe:player:61f2c08eb43e1b4fc0bdd988013ee49,Kumo,oe:team:4e28e7839cbb263369dfcb1794a25e2,Cloud9 Academy,top,2019-02-28,1,261.33333333,384.49063016,-0.70878760
oe:player:61f2c08eb43e1b4fc0bdd988013ee49,Kumo,oe:team:4e28e7839cbb263369dfcb1794a25e2,Cloud9 Academy,top,2019-03-02,1,601.19935170,444.64839907,0.90097280
oe:player:61f2c08eb43e1b4fc0bdd988013ee49,Kumo,oe:team:4e28e7839cbb263369dfcb1794a25e2,Cloud9 Academy,top,2019-03-08,1,399.80926431,440.42637243,-0.23375718
oe:player:61f2c08eb43e1b4fc0bdd988013ee49,Kumo,oe:team:4e28e7839cbb263369dfcb1794a25e2,Cloud9 Academy,top,2019-03-09,1,289.13004484,444.80613241,-0.89593782
oe:player:61f2c08eb43e1b4fc0bdd988013ee49,Kumo,oe:team:4e28e7839cbb263369dfcb1794a25e2,Cloud9 Academy,top,2019-03-14,1,423.17010309,440.40365234,-0.09918150
oe:player:61f2c08eb43e1b4fc0bdd988013ee49,Kumo,oe:team:4e28e7839cbb263369dfcb1794a25e2,Cloud9 Academy,top,2019-03-15,1,496.98050139,471.34209093,0.14755267
oe:player:61f2c08eb43e1b4fc0bdd988013ee49,Kumo,oe:team:4e28e7839cbb263369dfcb1794a25e2,Cloud9 Academy,top,2019-03-29,3,361.28605672,368.95907073,-0.04341160
oe:player:61f2c08eb43e1b4fc0bdd988013ee49,Kumo,oe:team:4e28e7839cbb263369dfcb1794a25e2,Cloud9 Academy,top,2019-03-30,1,468.24297845,383.00112332,0.48227276
oe:player:61f2c08eb43e1b4fc0bdd988013ee49,Kumo,oe:team:4e28e7839cbb263369dfcb1794a25e2,Cloud9 Academy,top,2019-04-05,3,344.69424637,373.68237890,-0.16400613
oe:player:61f2c08eb43e1b4fc0bdd988013ee49,Kumo,oe:team:4e28e7839cbb263369dfcb1794a25e2,Cloud9 Academy,top,2019-04-06,1,380.83998320,390.71574268,-0.05587408
oe:player:61f2c08eb43e1b4fc0bdd988013ee49,Kumo,oe:team:4e28e7839cbb263369dfcb1794a25e2,Cloud9 Academy,top,2019-06-14,1,496.39008621,419.65241648,0.43415864
oe:player:61f2c08eb43e1b4fc0bdd988013ee49,Kumo,oe:team:4e28e7839cbb263369dfcb1794a25e2,Cloud9 Academy,top,2019-07-19,1,463.58560794,482.12825834,-0.10846564
oe:player:61f2c08eb43e1b4fc0bdd988013ee49,Kumo,oe:team:4e28e7839cbb263369dfcb1794a25e2,Cloud9 Academy,top,2019-07-20,1,504.61389961,450.39204303,0.31717195
oe:player:61f2c08eb43e1b4fc0bdd988013ee49,Kumo,oe:team:4e28e7839cbb263369dfcb1794a25e2,Cloud9 Academy,top,2019-07-25,1,491.69717961,435.59914277,0.32814671
oe:player:61f2c08eb43e1b4fc0bdd988013ee49,Kumo,oe:team:4e28e7839cbb263369dfcb1794a25e2,Cloud9 Academy,top,2019-07-26,1,597.70408163,486.42670239,0.65091950
oe:player:61f2c08eb43e1b4fc0bdd988013ee49,Kumo,oe:team:4e28e7839cbb263369dfcb1794a25e2,Cloud9 Academy,top,2019-08-09,3,400.98182245,492.75240933,-0.53681408
oe:player:61f2c08eb43e1b4fc0bdd988013ee49,Kumo,oe:team:4e28e7839cbb263369dfcb1794a25e2,Cloud9 Academy,top,2019-08-10,1,370.24626564,462.23702803,-0.53810200
oe:player:650f5da2c2068fff2937c3530393c97,JayJ,oe:team:92a5dd0b813a9eea72ba22adf5fe78e,FlyQuest Academy,sup,2019-03-01,1,229.72581480,254.28329985,-0.38355177
oe:player:650f5da2c2068fff2937c3530393c97,JayJ,oe:team:92a5dd0b813a9eea72ba22adf5fe78e,FlyQuest Academy,sup,2019-03-02,1,131.40845070,216.41518224,-1.32768001
oe:player:650f5da2c2068fff2937c3530393c97,JayJ,oe:team:92a5dd0b813a9eea72ba22adf5fe78e,FlyQuest Academy,sup,2019-06-20,1,104.66216216,263.75940438,-2.03779277
oe:player:650f5da2c2068fff2937c3530393c97,JayJ,oe:team:92a5dd0b813a9eea72ba22adf5fe78e,FlyQuest Academy,sup,2019-06-21,1,258.92918826,264.33085421,-0.06918709
oe:player:650f5da2c2068fff2937c3530393c97,JayJ,oe:team:92a5dd0b813a9eea72ba22adf5fe78e,FlyQuest Academy,sup,2019-07-05,1,140.59214502,195.64672381,-0.70516510
oe:player:650f5da2c2068fff2937c3530393c97,JayJ,oe:team:92a5dd0b813a9eea72ba22adf5fe78e,FlyQuest Academy,sup,2019-07-06,1,266.81326116,171.15268510,1.22526593
oe:player:650f5da2c2068fff2937c3530393c97,JayJ,oe:team:92a5dd0b813a9eea72ba22adf5fe78e,FlyQuest Academy,sup,2019-07-11,1,38.91964286,146.81413341,-1.38196370
oe:player:650f5da2c2068fff2937c3530393c97,JayJ,oe:team:92a5dd0b813a9eea72ba22adf5fe78e,FlyQuest Academy,sup,2019-07-12,1,139.34853420,151.19369835,-0.15171847
oe:player:650f5da2c2068fff2937c3530393c97,JayJ,oe:team:92a5dd0b813a9eea72ba22adf5fe78e,FlyQuest Academy,sup,2019-07-17,1,330.09584665,195.73153655,1.72100167
oe:player:650f5da2c2068fff2937c3530393c97,JayJ,oe:team:92a5dd0b813a9eea72ba22adf5fe78e,FlyQuest Academy,sup,2019-07-19,1,351.18798956,237.23186587,1.33390519
oe:player:650f5da2c2068fff2937c3530393c97,JayJ,oe:team:92a5dd0b813a9eea72ba22adf5fe78e,FlyQuest Academy,sup,2019-07-21,1,161.90298507,211.19376627,-0.57696968
oe:player:650f5da2c2068fff2937c3530393c97,JayJ,oe:team:92a5dd0b813a9eea72ba22adf5fe78e,FlyQuest Academy,sup,2019-07-25,1,485.99703117,226.86287074,3.03327622
oe:player:650f5da2c2068fff2937c3530393c97,JayJ,oe:team:92a5dd0b813a9eea72ba22adf5fe78e,FlyQuest Academy,sup,2019-07-27,1,287.33606557,196.14253467,1.06745930
oe:player:68cc2f153c9e91dcf24c6a18d1120c5,dshao,oe:team:d1f833765bf7a9a8109d96a1b61afd7,Golden Guardians Academy,top,2019-02-22,1,854.20494700,449.77742134,2.32753741
oe:player:68cc2f153c9e91dcf24c6a18d1120c5,dshao,oe:team:d1f833765bf7a9a8109d96a1b61afd7,Golden Guardians Academy,top,2019-02-23,1,613.83480826,453.45145824,0.92302878
oe:player:68cc2f153c9e91dcf24c6a18d1120c5,dshao,oe:team:d1f833765bf7a9a8109d96a1b61afd7,Golden Guardians Academy,top,2019-03-01,1,600.44362292,471.54022394,0.74185723
oe:player:68cc2f153c9e91dcf24c6a18d1120c5,dshao,oe:team:d1f833765bf7a9a8109d96a1b61afd7,Golden Guardians Academy,top,2019-03-02,1,287.89808917,312.82254366,-0.14344375
oe:player:68cc2f153c9e91dcf24c6a18d1120c5,dshao,oe:team:d1f833765bf7a9a8109d96a1b61afd7,Golden Guardians Academy,top,2019-03-08,1,618.80368098,343.67975132,1.58337699
oe:player:68cc2f153c9e91dcf24c6a18d1120c5,dshao,oe:team:d1f833765bf7a9a8109d96a1b61afd7,Golden Guardians Academy,top,2019-03-09,1,188.42355741,403.08108184,-1.23538431
oe:player:68cc2f153c9e91dcf24c6a18d1120c5,dshao,oe:team:d1f833765bf7a9a8109d96a1b61afd7,Golden Guardians Academy,top,2019-03-15,1,417.54634678,358.16395032,0.34175406
oe:player:68cc2f153c9e91dcf24c6a18d1120c5,dshao,oe:team:d1f833765bf7a9a8109d96a1b61afd7,Golden Guardians Academy,top,2019-03-16,1,154.92580182,396.63314419,-1.39105982
oe:player:6dd6c65f233361c424b431921d60ff6,Revenge,oe:team:92a5dd0b813a9eea72ba22adf5fe78e,FlyQuest Academy,top,2019-07-11,1,521.38392857,438.81014540,0.47663194
oe:player:6dd6c65f233361c424b431921d60ff6,Revenge,oe:team:92a5dd0b813a9eea72ba22adf5fe78e,FlyQuest Academy,top,2019-07-12,1,449.57654723,431.21740984,0.10597251
oe:player:6dd6c65f233361c424b431921d60ff6,Revenge,oe:team:92a5dd0b813a9eea72ba22adf5fe78e,FlyQuest Academy,top,2019-07-17,1,709.55271565,440.75662802,1.55154332
oe:player:6dd6c65f233361c424b431921d60ff6,Revenge,oe:team:92a5dd0b813a9eea72ba22adf5fe78e,FlyQuest Academy,top,2019-07-19,1,398.42036554,425.39602917,-0.15779474
oe:player:6dd6c65f233361c424b431921d60ff6,Revenge,oe:team:92a5dd0b813a9eea72ba22adf5fe78e,FlyQuest Academy,top,2019-07-21,1,254.85074627,411.31342812,-0.91523192
oe:player:6dd6c65f233361c424b431921d60ff6,Revenge,oe:team:92a5dd0b813a9eea72ba22adf5fe78e,FlyQuest Academy,top,2019-07-25,1,994.31964374,431.64654681,3.29136875
oe:player:6dd6c65f233361c424b431921d60ff6,Revenge,oe:team:92a5dd0b813a9eea72ba22adf5fe78e,FlyQuest Academy,top,2019-07-27,1,506.95696721,433.47105089,0.42985750
oe:player:6fbe74bc32e0f74e6324b8288ae0c19,Duoking1,oe:team:92a5dd0b813a9eea72ba22adf5fe78e,FlyQuest Academy,sup,2019-02-22,2,176.67664418,251.75441318,-1.17260423
oe:player:73d2b65353d7b00e0f198ffdc085edc,FBI,oe:team:d1f833765bf7a9a8109d96a1b61afd7,Golden Guardians Academy,bot,2019-06-20,1,1081.34719335,620.29494056,2.01855734
oe:player:73d2b65353d7b00e0f198ffdc085edc,FBI,oe:team:d1f833765bf7a9a8109d96a1b61afd7,Golden Guardians Academy,bot,2019-06-22,1,442.54563895,468.48843278,-0.11358152
oe:player:73d2b65353d7b00e0f198ffdc085edc,FBI,oe:team:d1f833765bf7a9a8109d96a1b61afd7,Golden Guardians Academy,bot,2019-07-04,1,315.68421053,491.00739504,-0.76759174
oe:player:74c97a5b51b2f1900328154b5a58a44,OddOrange,oe:team:3406c21f701022dbe9d9bf397b41465,Team Liquid Academy,jng,2019-07-05,1,195.40425532,209.40293054,-0.12274056
oe:player:74c97a5b51b2f1900328154b5a58a44,OddOrange,oe:team:3406c21f701022dbe9d9bf397b41465,Team Liquid Academy,jng,2019-07-07,1,114.47069943,235.13925336,-1.05802340
oe:player:74c97a5b51b2f1900328154b5a58a44,OddOrange,oe:team:3406c21f701022dbe9d9bf397b41465,Team Liquid Academy,jng,2019-07-11,1,79.76785714,295.46020846,-1.89119326
oe:player:74c97a5b51b2f1900328154b5a58a44,OddOrange,oe:team:3406c21f701022dbe9d9bf397b41465,Team Liquid Academy,jng,2019-07-13,1,71.55043228,276.00550261,-1.79266464
oe:player:74c97a5b51b2f1900328154b5a58a44,OddOrange,oe:team:3406c21f701022dbe9d9bf397b41465,Team Liquid Academy,jng,2019-07-17,1,177.78151261,195.86751576,-0.15857830
oe:player:74c97a5b51b2f1900328154b5a58a44,OddOrange,oe:team:3406c21f701022dbe9d9bf397b41465,Team Liquid Academy,jng,2019-07-18,1,194.71698113,221.02477482,-0.21909121
oe:player:74c97a5b51b2f1900328154b5a58a44,OddOrange,oe:team:3406c21f701022dbe9d9bf397b41465,Team Liquid Academy,jng,2019-07-19,1,213.58178054,198.17145875,0.12833711
oe:player:74c97a5b51b2f1900328154b5a58a44,OddOrange,oe:team:3406c21f701022dbe9d9bf397b41465,Team Liquid Academy,jng,2019-07-25,1,174.50561798,229.64368296,-0.45918961
oe:player:74c97a5b51b2f1900328154b5a58a44,OddOrange,oe:team:3406c21f701022dbe9d9bf397b41465,Team Liquid Academy,jng,2019-07-26,1,373.46938776,298.33280007,0.62573724
oe:player:74c97a5b51b2f1900328154b5a58a44,OddOrange,oe:team:3406c21f701022dbe9d9bf397b41465,Team Liquid Academy,jng,2019-08-02,3,117.83033351,197.13920827,-0.66048403
oe:player:7796fc7fdbef88620e2a9fd1df026a7,Fenix,oe:team:2b688a6cc8da916b7b3aaf2bd615605,Echo Fox Academy,mid,2019-05-31,2,479.43955480,477.88695430,0.00807556
oe:player:7796fc7fdbef88620e2a9fd1df026a7,Fenix,oe:team:2b688a6cc8da916b7b3aaf2bd615605,Echo Fox Academy,mid,2019-06-07,1,633.61845267,507.82826322,0.65427412
oe:player:7796fc7fdbef88620e2a9fd1df026a7,Fenix,oe:team:2b688a6cc8da916b7b3aaf2bd615605,Echo Fox Academy,mid,2019-06-10,1,234.53495831,449.22010597,-1.11664459
oe:player:840cb670271249908dc449829a692c2,Scarlet,oe:team:8ec1d9b925364a4f40c174a30023afc,OpTic Gaming Academy,mid,2019-02-22,2,516.93091848,473.95589979,0.23178768
oe:player:840cb670271249908dc449829a692c2,Scarlet,oe:team:8ec1d9b925364a4f40c174a30023afc,OpTic Gaming Academy,mid,2019-03-01,2,405.10623111,435.48656970,-0.16385771
oe:player:840cb670271249908dc449829a692c2,Scarlet,oe:team:8ec1d9b925364a4f40c174a30023afc,OpTic Gaming Academy,mid,2019-03-07,1,550.91845494,551.37224013,-0.00244751
oe:player:840cb670271249908dc449829a692c2,Scarlet,oe:team:8ec1d9b925364a4f40c174a30023afc,OpTic Gaming Academy,mid,2019-03-09,1,587.56950673,478.18166229,0.58998821
oe:player:840cb670271249908dc449829a692c2,Scarlet,oe:team:8ec1d9b925364a4f40c174a30023afc,OpTic Gaming Academy,mid,2019-03-15,1,949.04034896,440.48227232,2.74293064
oe:player:840cb670271249908dc449829a692c2,Scarlet,oe:team:8ec1d9b925364a4f40c174a30023afc,OpTic Gaming Academy,mid,2019-03-16,1,457.95434592,459.29658965,-0.00723945
oe:player:840cb670271249908dc449829a692c2,Scarlet,oe:team:8ec1d9b925364a4f40c174a30023afc,OpTic Gaming Academy,mid,2019-06-08,1,385.89637306,466.56065480,-0.41956016
oe:player:840cb670271249908dc449829a692c2,Scarlet,oe:team:8ec1d9b925364a4f40c174a30023afc,OpTic Gaming Academy,mid,2019-06-12,1,272.91536050,475.40843143,-1.05322979
oe:player:840cb670271249908dc449829a692c2,Scarlet,oe:team:8ec1d9b925364a4f40c174a30023afc,OpTic Gaming Academy,mid,2019-06-14,1,804.11097100,394.34480091,2.13132200
oe:player:840cb670271249908dc449829a692c2,Scarlet,oe:team:8ec1d9b925364a4f40c174a30023afc,OpTic Gaming Academy,mid,2019-06-17,1,369.18951132,483.74192885,-0.60445323
oe:player:840cb670271249908dc449829a692c2,Scarlet,oe:team:8ec1d9b925364a4f40c174a30023afc,OpTic Gaming Academy,mid,2019-07-05,2,529.05445018,493.34053123,0.18844992
oe:player:840cb670271249908dc449829a692c2,Scarlet,oe:team:8ec1d9b925364a4f40c174a30023afc,OpTic Gaming Academy,mid,2019-07-12,1,350.60989643,560.77721957,-1.10897979
oe:player:840cb670271249908dc449829a692c2,Scarlet,oe:team:8ec1d9b925364a4f40c174a30023afc,OpTic Gaming Academy,mid,2019-07-13,1,816.99014011,542.85663975,1.44650704
oe:player:840cb670271249908dc449829a692c2,Scarlet,oe:team:8ec1d9b925364a4f40c174a30023afc,OpTic Gaming Academy,mid,2019-07-18,2,422.82255919,467.88210955,-0.23362684
oe:player:840cb670271249908dc449829a692c2,Scarlet,oe:team:8ec1d9b925364a4f40c174a30023afc,OpTic Gaming Academy,mid,2019-07-19,1,930.30729834,582.43741937,1.80365183
oe:player:840cb670271249908dc449829a692c2,Scarlet,oe:team:8ec1d9b925364a4f40c174a30023afc,OpTic Gaming Academy,mid,2019-07-25,1,833.76404494,423.40950783,2.12762517
oe:player:840cb670271249908dc449829a692c2,Scarlet,oe:team:8ec1d9b925364a4f40c174a30023afc,OpTic Gaming Academy,mid,2019-07-26,1,608.50668216,420.39839760,0.97531253
oe:player:88b2fc44169f986bdffd0ffdb0b534a,Goldenglue,oe:team:4e28e7839cbb263369dfcb1794a25e2,Cloud9 Academy,mid,2019-02-22,1,521.25189298,509.07717775,0.06566487
oe:player:88b2fc44169f986bdffd0ffdb0b534a,Goldenglue,oe:team:4e28e7839cbb263369dfcb1794a25e2,Cloud9 Academy,mid,2019-02-23,1,1011.51562500,483.23112869,2.84932596
oe:player:88b2fc44169f986bdffd0ffdb0b534a,Goldenglue,oe:team:4e28e7839cbb263369dfcb1794a25e2,Cloud9 Academy,mid,2019-02-28,1,436.54166667,510.02658461,-0.39634418
oe:player:88b2fc44169f986bdffd0ffdb0b534a,Goldenglue,oe:team:4e28e7839cbb263369dfcb1794a25e2,Cloud9 Academy,mid,2019-03-02,1,460.94003241,508.07137799,-0.25420501
oe:player:88b2fc44169f986bdffd0ffdb0b534a,Goldenglue,oe:team:4e28e7839cbb263369dfcb1794a25e2,Cloud9 Academy,mid,2019-03-08,1,308.46049046,526.87848016,-1.17804716
oe:player:88b2fc44169f986bdffd0ffdb0b534a,Goldenglue,oe:team:4e28e7839cbb263369dfcb1794a25e2,Cloud9 Academy,mid,2019-03-09,1,716.01793722,505.76712706,1.13399711
oe:player:88b2fc44169f986bdffd0ffdb0b534a,Goldenglue,oe:team:4e28e7839cbb263369dfcb1794a25e2,Cloud9 Academy,mid,2019-03-14,1,560.41237113,582.08674662,-0.11690171
oe:player:88b2fc44169f986bdffd0ffdb0b534a,Goldenglue,oe:team:4e28e7839cbb263369dfcb1794a25e2,Cloud9 Academy,mid,2019-03-15,1,312.03342618,496.35976874,-0.99417234
oe:player:88b2fc44169f986bdffd0ffdb0b534a,Goldenglue,oe:team:4e28e7839cbb263369dfcb1794a25e2,Cloud9 Academy,mid,2019-03-29,3,398.60661281,444.77493273,-0.24013587
oe:player:88b2fc44169f986bdffd0ffdb0b534a,Goldenglue,oe:team:4e28e7839cbb263369dfcb1794a25e2,Cloud9 Academy,mid,2019-03-30,1,573.78184193,437.08872540,0.71098365
oe:player:88b2fc44169f986bdffd0ffdb0b534a,Goldenglue,oe:team:4e28e7839cbb263369dfcb1794a25e2,Cloud9 Academy,mid,2019-04-05,3,538.43070788,475.43481566,0.32766134
oe:player:88b2fc44169f986bdffd0ffdb0b534a,Goldenglue,oe:team:4e28e7839cbb263369dfcb1794a25e2,Cloud9 Academy,mid,2019-04-06,1,956.85006300,542.91247886,2.15301883
oe:player:88b2fc44169f986bdffd0ffdb0b534a,Goldenglue,oe:team:4e28e7839cbb263369dfcb1794a25e2,Cloud9 Academy,mid,2019-05-30,1,545.95541401,570.13970243,-0.12579005
oe:player:88b2fc44169f986bdffd0ffdb0b534a,Goldenglue,oe:team:4e28e7839cbb263369dfcb1794a25e2,Cloud9 Academy,mid,2019-05-31,1,487.63509587,562.42199226,-0.38899004
oe:player:88b2fc44169f986bdffd0ffdb0b534a,Goldenglue,oe:team:4e28e7839cbb263369dfcb1794a25e2,Cloud9 Academy,mid,2019-06-08,1,487.79880478,479.85815518,0.04130180
oe:player:88b2fc44169f986bdffd0ffdb0b534a,Goldenglue,oe:team:4e28e7839cbb263369dfcb1794a25e2,Cloud9 Academy,mid,2019-06-10,1,374.08595253,467.05577252,-0.48356511
oe:player:88b2fc44169f986bdffd0ffdb0b534a,Goldenglue,oe:team:4e28e7839cbb263369dfcb1794a25e2,Cloud9 Academy,mid,2019-06-12,1,305.68025078,485.88497594,-0.93730113
oe:player:88b2fc44169f986bdffd0ffdb0b534a,Goldenglue,oe:team:4e28e7839cbb263369dfcb1794a25e2,Cloud9 Academy,mid,2019-06-13,1,548.57553957,533.08722280,0.08055958
oe:player:88b2fc44169f986bdffd0ffdb0b534a,Goldenglue,oe:team:4e28e7839cbb263369dfcb1794a25e2,Cloud9 Academy,mid,2019-06-14,1,684.40732759,526.67187005,0.82043144
oe:player:88b2fc44169f986bdffd0ffdb0b534a,Goldenglue,oe:team:4e28e7839cbb263369dfcb1794a25e2,Cloud9 Academy,mid,2019-06-20,1,459.28506787,583.76683450,-0.65684694
oe:player:88b2fc44169f986bdffd0ffdb0b534a,Goldenglue,oe:team:4e28e7839cbb263369dfcb1794a25e2,Cloud9 Academy,mid,2019-06-21,1,389.02975420,536.14417220,-0.77627157
oe:player:88b2fc44169f986bdffd0ffdb0b534a,Goldenglue,oe:team:4e28e7839cbb263369dfcb1794a25e2,Cloud9 Academy,mid,2019-07-04,1,871.90612479,547.14336084,1.71366004
oe:player:88b2fc44169f986bdffd0ffdb0b534a,Goldenglue,oe:team:4e28e7839cbb263369dfcb1794a25e2,Cloud9 Academy,mid,2019-07-05,1,882.46808511,516.11091797,1.93313922
oe:player:88b2fc44169f986bdffd0ffdb0b534a,Goldenglue,oe:team:4e28e7839cbb263369dfcb1794a25e2,Cloud9 Academy,mid,2019-07-12,1,892.01655825,670.37616037,1.16951922
oe:player:88b2fc44169f986bdffd0ffdb0b534a,Goldenglue,oe:team:4e28e7839cbb263369dfcb1794a25e2,Cloud9 Academy,mid,2019-07-14,1,894.84615385,576.20134843,1.68137770
oe:player:88b2fc44169f986bdffd0ffdb0b534a,Goldenglue,oe:team:4e28e7839cbb263369dfcb1794a25e2,Cloud9 Academy,mid,2019-07-18,1,612.82312925,539.02654716,0.38262393
oe:player:88b2fc44169f986bdffd0ffdb0b534a,Goldenglue,oe:team:4e28e7839cbb263369dfcb1794a25e2,Cloud9 Academy,mid,2019-07-19,1,338.52357320,540.05627677,-1.04491608
oe:player:88b2fc44169f986bdffd0ffdb0b534a,Goldenglue,oe:team:4e28e7839cbb263369dfcb1794a25e2,Cloud9 Academy,mid,2019-07-20,1,936.13899614,614.62227854,1.66701474
oe:player:88b2fc44169f986bdffd0ffdb0b534a,Goldenglue,oe:team:4e28e7839cbb263369dfcb1794a25e2,Cloud9 Academy,mid,2019-07-25,1,467.56061356,500.88599687,-0.17278699
oe:player:88b2fc44169f986bdffd0ffdb0b534a,Goldenglue,oe:team:4e28e7839cbb263369dfcb1794a25e2,Cloud9 Academy,mid,2019-07-26,1,486.64285714,494.14003543,-0.03887172
oe:player:88b2fc44169f986bdffd0ffdb0b534a,Goldenglue,oe:team:4e28e7839cbb263369dfcb1794a25e2,Cloud9 Academy,mid,2019-08-09,3,638.48802341,568.77634171,0.36144435
oe:player:88b2fc44169f986bdffd0ffdb0b534a,Goldenglue,oe:team:4e28e7839cbb263369dfcb1794a25e2,Cloud9 Academy,mid,2019-08-10,1,861.19499394,657.06909973,1.05836137
oe:player:8b51c3fec81308adfbff3781fd0aadd,Rikara,oe:team:6c12501a3ea9d19dbbd5619f3f938e9,Clutch Gaming Academy,bot,2019-06-07,2,532.95756215,470.18784245,0.27497944
oe:player:8b51c3fec81308adfbff3781fd0aadd,Rikara,oe:team:6c12501a3ea9d19dbbd5619f3f938e9,Clutch Gaming Academy,bot,2019-06-12,1,211.19078105,420.26717358,-0.91591471
oe:player:8b51c3fec81308adfbff3781fd0aadd,Rikara,oe:team:6c12501a3ea9d19dbbd5619f3f938e9,Clutch Gaming Academy,bot,2019-06-14,1,411.82735426,486.00194652,-0.32494152
oe:player:8b51c3fec81308adfbff3781fd0aadd,Rikara,oe:team:6c12501a3ea9d19dbbd5619f3f938e9,Clutch Gaming Academy,bot,2019-06-15,1,759.14874945,509.98145431,1.09089256
oe:player:8b51c3fec81308adfbff3781fd0aadd,Rikara,oe:team:6c12501a3ea9d19dbbd5619f3f938e9,Clutch Gaming Academy,bot,2019-06-21,1,451.88203753,455.93746170,-0.01775527
oe:player:8b51c3fec81308adfbff3781fd0aadd,Rikara,oe:team:6c12501a3ea9d19dbbd5619f3f938e9,Clutch Gaming Academy,bot,2019-06-24,1,341.20141343,451.23003807,-0.48172216
oe:player:8b51c3fec81308adfbff3781fd0aadd,Rikara,oe:team:6c12501a3ea9d19dbbd5619f3f938e9,Clutch Gaming Academy,bot,2019-07-04,1,384.89982828,434.33825939,-0.21644902
oe:player:8b51c3fec81308adfbff3781fd0aadd,Rikara,oe:team:6c12501a3ea9d19dbbd5619f3f938e9,Clutch Gaming Academy,bot,2019-07-06,1,402.14559387,551.56827712,-0.65419538
oe:player:8b51c3fec81308adfbff3781fd0aadd,Rikara,oe:team:6c12501a3ea9d19dbbd5619f3f938e9,Clutch Gaming Academy,bot,2019-07-12,2,395.81809787,420.57511665,-0.10839002
oe:player:8b51c3fec81308adfbff3781fd0aadd,Rikara,oe:team:6c12501a3ea9d19dbbd5619f3f938e9,Clutch Gaming Academy,bot,2019-07-18,2,227.77761926,396.42249199,-0.71656665
oe:player:8b51c3fec81308adfbff3781fd0aadd,Rikara,oe:team:6c12501a3ea9d19dbbd5619f3f938e9,Clutch Gaming Academy,bot,2019-07-20,1,553.19739696,483.57504978,0.29582312
oe:player:8b51c3fec81308adfbff3781fd0aadd,Rikara,oe:team:6c12501a3ea9d19dbbd5619f3f938e9,Clutch Gaming Academy,bot,2019-07-26,1,501.07187894,443.72019531,0.24368546
oe:player:8b51c3fec81308adfbff3781fd0aadd,Rikara,oe:team:6c12501a3ea9d19dbbd5619f3f938e9,Clutch Gaming Academy,bot,2019-07-27,1,658.92418033,649.27882740,0.04098279
oe:player:8f7b1c81a23c62a54a6b663cf6badaa,Treatz,oe:team:b2840811ed80a85fcf6f023d4b73f8d,TSM Academy,sup,2019-02-21,1,252.66623628,251.32071718,0.02101503
oe:player:8f7b1c81a23c62a54a6b663cf6badaa,Treatz,oe:team:b2840811ed80a85fcf6f023d4b73f8d,TSM Academy,sup,2019-02-23,1,179.97656250,221.83438962,-0.65375764
oe:player:8f7b1c81a23c62a54a6b663cf6badaa,Treatz,oe:team:b2840811ed80a85fcf6f023d4b73f8d,TSM Academy,sup,2019-03-01,2,169.30511692,201.16661667,-0.49762972
oe:player:8f7b1c81a23c62a54a6b663cf6badaa,Treatz,oe:team:b2840811ed80a85fcf6f023d4b73f8d,TSM Academy,sup,2019-03-08,2,154.08694896,240.05735109,-1.34273113
oe:player:8f7b1c81a23c62a54a6b663cf6badaa,Treatz,oe:team:b2840811ed80a85fcf6f023d4b73f8d,TSM Academy,sup,2019-03-15,2,147.51297710,188.59614489,-0.64165860
oe:player:8f7b1c81a23c62a54a6b663cf6badaa,Treatz,oe:team:b2840811ed80a85fcf6f023d4b73f8d,TSM Academy,sup,2019-03-28,3,142.04630671,222.98620292,-1.26416203
oe:player:8f7b1c81a23c62a54a6b663cf6badaa,Treatz,oe:team:b2840811ed80a85fcf6f023d4b73f8d,TSM Academy,sup,2019-04-05,3,193.03885872,159.68201025,0.53916772
oe:player:8f7b1c81a23c62a54a6b663cf6badaa,Treatz,oe:team:b2840811ed80a85fcf6f023d4b73f8d,TSM Academy,sup,2019-04-06,1,108.68542629,164.27075461,-0.89846062
oe:player:8f7b1c81a23c62a54a6b663cf6badaa,Treatz,oe:team:b2840811ed80a85fcf6f023d4b73f8d,TSM Academy,sup,2019-05-31,1,461.70879676,272.21374118,3.06292776
oe:player:8f7b1c81a23c62a54a6b663cf6badaa,Treatz,oe:team:b2840811ed80a85fcf6f023d4b73f8d,TSM Academy,sup,2019-06-02,1,163.33800842,122.75009451,0.65604798
oe:player:8f7b1c81a23c62a54a6b663cf6badaa,Treatz,oe:team:b2840811ed80a85fcf6f023d4b73f8d,TSM Academy,sup,2019-06-06,1,75.43086172,209.07099633,-2.16010954
oe:player:8f7b1c81a23c62a54a6b663cf6badaa,Treatz,oe:team:b2840811ed80a85fcf6f023d4b73f8d,TSM Academy,sup,2019-06-07,1,262.71984623,231.17677920,0.50985043
oe:player:8f7b1c81a23c62a54a6b663cf6badaa,Treatz,oe:team:b2840811ed80a85fcf6f023d4b73f8d,TSM Academy,sup,2019-06-12,1,404.55825864,270.30938127,2.16994904
oe:player:8f7b1c81a23c62a54a6b663cf6badaa,Treatz,oe:team:b2840811ed80a85fcf6f023d4b73f8d,TSM Academy,sup,2019-06-13,1,29.88372093,251.85968485,-3.58793711
oe:player:8f7b1c81a23c62a54a6b663cf6badaa,Treatz,oe:team:b2840811ed80a85fcf6f023d4b73f8d,TSM Academy,sup,2019-06-14,1,246.30387931,193.72698276,0.84983345
oe:player:8f7b1c81a23c62a54a6b663cf6badaa,Treatz,oe:team:b2840811ed80a85fcf6f023d4b73f8d,TSM Academy,sup,2019-06-21,1,257.64090645,176.75362359,1.03604260
oe:player:8f7b1c81a23c62a54a6b663cf6badaa,Treatz,oe:team:b2840811ed80a85fcf6f023d4b73f8d,TSM Academy,sup,2019-06-22,1,121.30831643,254.92216357,-1.71138939
oe:player:8f7b1c81a23c62a54a6b663cf6badaa,Treatz,oe:team:b2840811ed80a85fcf6f023d4b73f8d,TSM Academy,sup,2019-07-04,1,340.81177520,293.79170311,0.60225534
oe:player:8f7b1c81a23c62a54a6b663cf6badaa,Treatz,oe:team:b2840811ed80a85fcf6f023d4b73f8d,TSM Academy,sup,2019-07-05,1,141.71180932,214.43994557,-0.93153639
oe:player:8f7b1c81a23c62a54a6b663cf6badaa,Treatz,oe:team:b2840811ed80a85fcf6f023d4b73f8d,TSM Academy,sup,2019-07-12,1,136.89969605,273.78131272,-1.75324453
oe:player:8f7b1c81a23c62a54a6b663cf6badaa,Treatz,oe:team:b2840811ed80a85fcf6f023d4b73f8d,TSM Academy,sup,2019-07-14,1,188.61538462,222.50643776,-0.43409265
oe:player:8f7b1c81a23c62a54a6b663cf6badaa,Treatz,oe:team:b2840811ed80a85fcf6f023d4b73f8d,TSM Academy,sup,2019-07-17,1,159.79831933,190.19695817,-0.38936015
oe:player:8f7b1c81a23c62a54a6b663cf6badaa,Treatz,oe:team:b2840811ed80a85fcf6f023d4b73f8d,TSM Academy,sup,2019-07-18,1,258.25622776,200.35648058,0.67774131
oe:player:8f7b1c81a23c62a54a6b663cf6badaa,Treatz,oe:team:b2840811ed80a85fcf6f023d4b73f8d,TSM Academy,sup,2019-07-19,1,96.18437900,178.02463586,-0.95797522
oe:player:8f7b1c81a23c62a54a6b663cf6badaa,Treatz,oe:team:b2840811ed80a85fcf6f023d4b73f8d,TSM Academy,sup,2019-07-25,1,102.13097713,215.85503488,-1.33118875
oe:player:8f7b1c81a23c62a54a6b663cf6badaa,Treatz,oe:team:b2840811ed80a85fcf6f023d4b73f8d,TSM Academy,sup,2019-07-26,1,130.12949640,196.93011841,-0.78192986
oe:player:8f7b1c81a23c62a54a6b663cf6badaa,Treatz,oe:team:b2840811ed80a85fcf6f023d4b73f8d,TSM Academy,sup,2019-08-02,3,147.34754574,159.46156888,-0.14179982
oe:player:8f7b1c81a23c62a54a6b663cf6badaa,Treatz,oe:team:b2840811ed80a85fcf6f023d4b73f8d,TSM Academy,sup,2019-08-08,3,160.24460139,175.86244675,-0.18281356
oe:player:8f7b1c81a23c62a54a6b663cf6badaa,Treatz,oe:team:b2840811ed80a85fcf6f023d4b73f8d,TSM Academy,sup,2019-08-09,1,164.73007712,162.22744078,0.02929443
oe:player:9129215e2b3c4ffb00f2de34e68c7fb,Shoryu,oe:team:3406c21f701022dbe9d9bf397b41465,Team Liquid Academy,bot,2019-02-22,1,555.74271171,477.90009783,0.33149090
oe:player:9129215e2b3c4ffb00f2de34e68c7fb,Shoryu,oe:team:3406c21f701022dbe9d9bf397b41465,Team Liquid Academy,bot,2019-02-23,1,257.32292917,545.89127303,-1.22886137
oe:player:9129215e2b3c4ffb00f2de34e68c7fb,Shoryu,oe:team:3406c21f701022dbe9d9bf397b41465,Team Liquid Academy,bot,2019-02-28,1,543.45833333,584.73036116,-0.17575594
oe:player:9129215e2b3c4ffb00f2de34e68c7fb,Shoryu,oe:team:3406c21f701022dbe9d9bf397b41465,Team Liquid Academy,bot,2019-03-02,1,884.03397028,581.74417883,1.28729383
oe:player:9129215e2b3c4ffb00f2de34e68c7fb,Shoryu,oe:team:3406c21f701022dbe9d9bf397b41465,Team Liquid Academy,bot,2019-03-08,1,678.25130890,679.44573121,-0.00508642
oe:player:9129215e2b3c4ffb00f2de34e68c7fb,Shoryu,oe:team:3406c21f701022dbe9d9bf397b41465,Team Liquid Academy,bot,2019-03-09,1,888.06509946,571.32027910,1.34885022
oe:player:9129215e2b3c4ffb00f2de34e68c7fb,Shoryu,oe:team:3406c21f701022dbe9d9bf397b41465,Team Liquid Academy,bot,2019-03-14,1,414.16421053,484.01279074,-0.29744850
oe:player:9129215e2b3c4ffb00f2de34e68c7fb,Shoryu,oe:team:3406c21f701022dbe9d9bf397b41465,Team Liquid Academy,bot,2019-03-15,1,249.91764706,443.25863416,-0.82333796
oe:player:9129215e2b3c4ffb00f2de34e68c7fb,Shoryu,oe:team:3406c21f701022dbe9d9bf397b41465,Team Liquid Academy,bot,2019-03-22,3,397.30944530,506.46520739,-0.46483719
oe:player:9129215e2b3c4ffb00f2de34e68c7fb,Shoryu,oe:team:3406c21f701022dbe9d9bf397b41465,Team Liquid Academy,bot,2019-03-29,3,428.38007442,426.56847650,0.00793619
oe:player:9129215e2b3c4ffb00f2de34e68c7fb,Shoryu,oe:team:3406c21f701022dbe9d9bf397b41465,Team Liquid Academy,bot,2019-03-30,1,497.98824298,451.59195137,0.20325129
oe:player:9129215e2b3c4ffb00f2de34e68c7fb,Shoryu,oe:team:3406c21f701022dbe9d9bf397b41465,Team Liquid Academy,bot,2019-05-31,1,633.52769679,526.90308765,0.46709744
oe:player:9129215e2b3c4ffb00f2de34e68c7fb,Shoryu,oe:team:3406c21f701022dbe9d9bf397b41465,Team Liquid Academy,bot,2019-06-02,1,333.57643759,417.30723047,-0.36680499
oe:player:9129215e2b3c4ffb00f2de34e68c7fb,Shoryu,oe:team:3406c21f701022dbe9d9bf397b41465,Team Liquid Academy,bot,2019-06-06,1,578.26372595,464.89771969,0.49662992
oe:player:9129215e2b3c4ffb00f2de34e68c7fb,Shoryu,oe:team:3406c21f701022dbe9d9bf397b41465,Team Liquid Academy,bot,2019-06-07,1,775.29684601,506.40086011,1.17797033
oe:player:9129215e2b3c4ffb00f2de34e68c7fb,Shoryu,oe:team:3406c21f701022dbe9d9bf397b41465,Team Liquid Academy,bot,2019-06-12,1,411.05476673,525.68640094,-0.50217434
oe:player:9129215e2b3c4ffb00f2de34e68c7fb,Shoryu,oe:team:3406c21f701022dbe9d9bf397b41465,Team Liquid Academy,bot,2019-06-13,1,459.15789474,509.57705514,-0.22087453
oe:player:9129215e2b3c4ffb00f2de34e68c7fb,Shoryu,oe:team:3406c21f701022dbe9d9bf397b41465,Team Liquid Academy,bot,2019-06-14,1,478.33543506,491.60940724,-0.05815016
oe:player:9129215e2b3c4ffb00f2de34e68c7fb,Shoryu,oe:team:3406c21f701022dbe9d9bf397b41465,Team Liquid Academy,bot,2019-06-20,1,545.46361746,492.61186316,0.23139307
oe:player:9129215e2b3c4ffb00f2de34e68c7fb,Shoryu,oe:team:3406c21f701022dbe9d9bf397b41465,Team Liquid Academy,bot,2019-06-21,1,168.32171582,481.70966841,-1.37206043
oe:player:9129215e2b3c4ffb00f2de34e68c7fb,Shoryu,oe:team:3406c21f701022dbe9d9bf397b41465,Team Liquid Academy,bot,2019-07-05,1,480.29787234,527.22757758,-0.20546543
oe:player:9129215e2b3c4ffb00f2de34e68c7fb,Shoryu,oe:team:3406c21f701022dbe9d9bf397b41465,Team Liquid Academy,bot,2019-07-07,1,218.27977316,531.23714450,-1.37017528
oe:player:9129215e2b3c4ffb00f2de34e68c7fb,Shoryu,oe:team:3406c21f701022dbe9d9bf397b41465,Team Liquid Academy,bot,2019-07-11,1,604.47321429,491.12331856,0.49626319
oe:player:9129215e2b3c4ffb00f2de34e68c7fb,Shoryu,oe:team:3406c21f701022dbe9d9bf397b41465,Team Liquid Academy,bot,2019-07-13,1,284.02305476,498.75344548,-0.94012252
oe:player:9129215e2b3c4ffb00f2de34e68c7fb,Shoryu,oe:team:3406c21f701022dbe9d9bf397b41465,Team Liquid Academy,bot,2019-07-17,1,393.61344538,401.06931564,-0.03264294
oe:player:9129215e2b3c4ffb00f2de34e68c7fb,Shoryu,oe:team:3406c21f701022dbe9d9bf397b41465,Team Liquid Academy,bot,2019-07-18,1,452.66247379,527.16304674,-0.31655054
oe:player:9129215e2b3c4ffb00f2de34e68c7fb,Shoryu,oe:team:3406c21f701022dbe9d9bf397b41465,Team Liquid Academy,bot,2019-07-19,1,303.68530021,480.29298525,-0.75040038
oe:player:9129215e2b3c4ffb00f2de34e68c7fb,Shoryu,oe:team:3406c21f701022dbe9d9bf397b41465,Team Liquid Academy,bot,2019-07-25,1,552.74157303,692.12654923,-0.59224229
oe:player:9129215e2b3c4ffb00f2de34e68c7fb,Shoryu,oe:team:3406c21f701022dbe9d9bf397b41465,Team Liquid Academy,bot,2019-07-26,1,586.92857143,640.47499134,-0.22751702
oe:player:9129215e2b3c4ffb00f2de34e68c7fb,Shoryu,oe:team:3406c21f701022dbe9d9bf397b41465,Team Liquid Academy,bot,2019-08-02,3,326.67038788,427.47629813,-0.42832108
oe:player:9191e392e93a6ef011ef76b5b83ee6c,huhi,oe:team:acbc961cec36a59ede6695669ad7a19,100 Thieves Academy,mid,2019-03-08,1,688.70461237,512.25737473,0.95167604
oe:player:9191e392e93a6ef011ef76b5b83ee6c,huhi,oe:team:acbc961cec36a59ede6695669ad7a19,100 Thieves Academy,mid,2019-03-09,1,658.68257757,502.53897591,0.84216747
oe:player:9191e392e93a6ef011ef76b5b83ee6c,huhi,oe:team:acbc961cec36a59ede6695669ad7a19,100 Thieves Academy,mid,2019-03-15,1,961.06719368,547.18320704,2.23230172
oe:player:9191e392e93a6ef011ef76b5b83ee6c,huhi,oe:team:acbc961cec36a59ede6695669ad7a19,100 Thieves Academy,mid,2019-03-16,1,575.61018437,522.91623263,0.28420718
oe:player:9191e392e93a6ef011ef76b5b83ee6c,huhi,oe:team:d1f833765bf7a9a8109d96a1b61afd7,Golden Guardians Academy,sup,2019-05-31,2,196.70743070,182.84614158,0.22404873
oe:player:9191e392e93a6ef011ef76b5b83ee6c,huhi,oe:team:d1f833765bf7a9a8109d96a1b61afd7,Golden Guardians Academy,sup,2019-06-07,1,317.89962825,236.36175951,1.31794785
oe:player:9191e392e93a6ef011ef76b5b83ee6c,huhi,oe:team:d1f833765bf7a9a8109d96a1b61afd7,Golden Guardians Academy,sup,2019-06-08,1,330.32868526,197.25125953,2.15101413
oe:player:9191e392e93a6ef011ef76b5b83ee6c,huhi,oe:team:d1f833765bf7a9a8109d96a1b61afd7,Golden Guardians Academy,sup,2019-06-13,2,267.51580488,205.46896092,1.00290216
oe:player:9191e392e93a6ef011ef76b5b83ee6c,huhi,oe:team:d1f833765bf7a9a8109d96a1b61afd7,Golden Guardians Academy,sup,2019-06-15,1,146.67301285,288.99494728,-1.82292669
oe:player:9191e392e93a6ef011ef76b5b83ee6c,huhi,oe:team:d1f833765bf7a9a8109d96a1b61afd7,Golden Guardians Academy,sup,2019-06-20,1,217.12266112,151.61123433,0.83910136
oe:player:9191e392e93a6ef011ef76b5b83ee6c,huhi,oe:team:d1f833765bf7a9a8109d96a1b61afd7,Golden Guardians Academy,sup,2019-06-22,1,301.15618661,225.07874125,0.97443593
oe:player:9191e392e93a6ef011ef76b5b83ee6c,huhi,oe:team:d1f833765bf7a9a8109d96a1b61afd7,Golden Guardians Academy,sup,2019-07-04,1,255.05263158,249.12029065,0.07598423
oe:player:954601796c16fa224b98f54b380855c,Rush,oe:team:2b688a6cc8da916b7b3aaf2bd615605,Echo Fox Academy,jng,2019-03-08,1,251.15803815,272.86641160,-0.20386468
oe:player:954601796c16fa224b98f54b380855c,Rush,oe:team:2b688a6cc8da916b7b3aaf2bd615605,Echo Fox Academy,jng,2019-03-09,1,268.98329356,250.72878573,0.17142922
oe:player:99572d5361ac4c1fc99c9d82b4eb080,Galen,oe:team:fe409cbd7c72eb621d9c4e7eac75936,CLG Academy,jng,2019-02-22,1,286.30400000,287.47759598,-0.01102131
oe:player:99572d5361ac4c1fc99c9d82b4eb080,Galen,oe:team:fe409cbd7c72eb621d9c4e7eac75936,CLG Academy,jng,2019-02-23,1,221.59663866,266.53065520,-0.42197814
oe:player:99572d5361ac4c1fc99c9d82b4eb080,Galen,oe:team:fe409cbd7c72eb621d9c4e7eac75936,CLG Academy,jng,2019-03-01,1,220.96118299,257.22845647,-0.34058822
oe:player:99572d5361ac4c1fc99c9d82b4eb080,Galen,oe:team:fe409cbd7c72eb621d9c4e7eac75936,CLG Academy,jng,2019-03-02,1,332.74847307,277.07589998,0.52282459
oe:player:99572d5361ac4c1fc99c9d82b4eb080,Galen,oe:team:fe409cbd7c72eb621d9c4e7eac75936,CLG Academy,jng,2019-03-22,2,153.19578354,246.12275840,-0.87268299
oe:player:99572d5361ac4c1fc99c9d82b4eb080,Galen,oe:team:fe409cbd7c72eb621d9c4e7eac75936,CLG Academy,jng,2019-05-30,1,263.70916754,293.21256517,-0.26340157
oe:player:99572d5361ac4c1fc99c9d82b4eb080,Galen,oe:team:fe409cbd7c72eb621d9c4e7eac75936,CLG Academy,jng,2019-05-31,1,117.45197169,261.55660323,-1.28654286
oe:player:99572d5361ac4c1fc99c9d82b4eb080,Galen,oe:team:fe409cbd7c72eb621d9c4e7eac75936,CLG Academy,jng,2019-06-06,1,142.85012285,261.72228721,-1.06127147
oe:player:99572d5361ac4c1fc99c9d82b4eb080,Galen,oe:team:fe409cbd7c72eb621d9c4e7eac75936,CLG Academy,jng,2019-06-07,1,188.71057514,234.89179584,-0.41229847
oe:player:99572d5361ac4c1fc99c9d82b4eb080,Galen,oe:team:fe409cbd7c72eb621d9c4e7eac75936,CLG Academy,jng,2019-06-13,1,205.60897436,276.31739235,-0.63127333
oe:player:99572d5361ac4c1fc99c9d82b4eb080,Galen,oe:team:fe409cbd7c72eb621d9c4e7eac75936,CLG Academy,jng,2019-06-15,1,129.13850547,218.39403963,-0.78259365
oe:player:99572d5361ac4c1fc99c9d82b4eb080,Galen,oe:team:fe409cbd7c72eb621d9c4e7eac75936,CLG Academy,jng,2019-06-17,1,220.44100119,230.46334055,-0.08787600
oe:player:99572d5361ac4c1fc99c9d82b4eb080,Galen,oe:team:fe409cbd7c72eb621d9c4e7eac75936,CLG Academy,jng,2019-06-20,1,116.52027027,235.43486690,-1.04264468
oe:player:99572d5361ac4c1fc99c9d82b4eb080,Galen,oe:team:fe409cbd7c72eb621d9c4e7eac75936,CLG Academy,jng,2019-06-21,1,149.53428202,258.95317481,-0.95938623
oe:player:99572d5361ac4c1fc99c9d82b4eb080,Galen,oe:team:fe409cbd7c72eb621d9c4e7eac75936,CLG Academy,jng,2019-07-04,1,310.89206066,185.05487695,1.10334202
oe:player:99572d5361ac4c1fc99c9d82b4eb080,Galen,oe:team:fe409cbd7c72eb621d9c4e7eac75936,CLG Academy,jng,2019-07-06,1,161.30268199,276.63262227,-1.01121437
oe:player:99572d5361ac4c1fc99c9d82b4eb080,Galen,oe:team:fe409cbd7c72eb621d9c4e7eac75936,CLG Academy,jng,2019-07-11,1,216.20469083,270.57837441,-0.47674914
oe:player:99572d5361ac4c1fc99c9d82b4eb080,Galen,oe:team:fe409cbd7c72eb621d9c4e7eac75936,CLG Academy,jng,2019-07-13,1,112.70317003,239.16672567,-1.10883405
oe:player:99572d5361ac4c1fc99c9d82b4eb080,Galen,oe:team:fe409cbd7c72eb621d9c4e7eac75936,CLG Academy,jng,2019-07-17,1,253.82812500,302.14087292,-0.42360678
oe:player:99572d5361ac4c1fc99c9d82b4eb080,Galen,oe:team:fe409cbd7c72eb621d9c4e7eac75936,CLG Academy,jng,2019-07-20,1,270.20270270,236.35370979,0.28189429
oe:player:99572d5361ac4c1fc99c9d82b4eb080,Galen,oe:team:fe409cbd7c72eb621d9c4e7eac75936,CLG Academy,jng,2019-07-21,1,389.17910448,275.12827135,0.94981494
oe:player:99572d5361ac4c1fc99c9d82b4eb080,Galen,oe:team:fe409cbd7c72eb621d9c4e7eac75936,CLG Academy,jng,2019-07-26,1,556.00252207,314.52475602,2.01102599
oe:player:99572d5361ac4c1fc99c9d82b4eb080,Galen,oe:team:fe409cbd7c72eb621d9c4e7eac75936,CLG Academy,jng,2019-07-27,1,364.32620587,286.78376504,0.64577318
oe:player:9a877004ae6373d34cd9ba93decbbd9,Cody Sun,oe:team:6c12501a3ea9d19dbbd5619f3f938e9,Clutch Gaming Academy,bot,2019-02-22,1,1233.32642487,567.73990572,2.83438423
oe:player:9a877004ae6373d34cd9ba93decbbd9,Cody Sun,oe:team:6c12501a3ea9d19dbbd5619f3f938e9,Clutch Gaming Academy,bot,2019-02-23,1,577.59757155,476.24082951,0.43162526
oe:player:9a877004ae6373d34cd9ba93decbbd9,Cody Sun,oe:team:6c12501a3ea9d19dbbd5619f3f938e9,Clutch Gaming Academy,bot,2019-03-01,1,690.32591826,556.91157359,0.56814179
oe:player:9a877004ae6373d34cd9ba93decbbd9,Cody Sun,oe:team:6c12501a3ea9d19dbbd5619f3f938e9,Clutch Gaming Academy,bot,2019-03-02,1,489.06163243,546.04079929,-0.24264442
oe:player:9a877004ae6373d34cd9ba93decbbd9,Cody Sun,oe:team:6c12501a3ea9d19dbbd5619f3f938e9,Clutch Gaming Academy,bot,2019-03-08,1,627.83246073,406.47460202,0.94264713
oe:player:9a877004ae6373d34cd9ba93decbbd9,Cody Sun,oe:team:6c12501a3ea9d19dbbd5619f3f938e9,Clutch Gaming Academy,bot,2019-03-09,1,519.97620464,539.40028129,-0.08271696
oe:player:9a877004ae6373d34cd9ba93decbbd9,Cody Sun,oe:team:6c12501a3ea9d19dbbd5619f3f938e9,Clutch Gaming Academy,bot,2019-03-15,2,345.94400719,485.84119158,-0.59574880
oe:player:9a877004ae6373d34cd9ba93decbbd9,Cody Sun,oe:team:6c12501a3ea9d19dbbd5619f3f938e9,Clutch Gaming Academy,bot,2019-05-30,1,818.00511509,429.23206042,1.70312369
oe:player:9a877004ae6373d34cd9ba93decbbd9,Cody Sun,oe:team:6c12501a3ea9d19dbbd5619f3f938e9,Clutch Gaming Academy,bot,2019-05-31,1,984.09064497,488.52425180,2.17096030
oe:player:9ce0043331f3999cc2ee205ab7c2d73,Olleh,oe:team:d1f833765bf7a9a8109d96a1b61afd7,Golden Guardians Academy,sup,2019-07-05,1,651.76159940,252.91096507,5.10866769
oe:player:9ce0043331f3999cc2ee205ab7c2d73,Olleh,oe:team:d1f833765bf7a9a8109d96a1b61afd7,Golden Guardians Academy,sup,2019-07-11,1,197.04690832,238.16692669,-0.52668466
oe:player:9ce0043331f3999cc2ee205ab7c2d73,Olleh,oe:team:d1f833765bf7a9a8109d96a1b61afd7,Golden Guardians Academy,sup,2019-07-12,1,148.66449511,187.10873392,-0.49241201
oe:player:9ce0043331f3999cc2ee205ab7c2d73,Olleh,oe:team:d1f833765bf7a9a8109d96a1b61afd7,Golden Guardians Academy,sup,2019-07-18,2,338.29212440,222.80769533,1.35179465
oe:player:9ce0043331f3999cc2ee205ab7c2d73,Olleh,oe:team:d1f833765bf7a9a8109d96a1b61afd7,Golden Guardians Academy,sup,2019-07-19,1,191.71842650,123.54366072,0.79801480
oe:player:9ce0043331f3999cc2ee205ab7c2d73,Olleh,oe:team:d1f833765bf7a9a8109d96a1b61afd7,Golden Guardians Academy,sup,2019-07-26,1,206.77513074,171.57039287,0.41208652
oe:player:9ce0043331f3999cc2ee205ab7c2d73,Olleh,oe:team:d1f833765bf7a9a8109d96a1b61afd7,Golden Guardians Academy,sup,2019-07-28,1,294.53825858,267.45954369,0.31696794
oe:player:9ce0043331f3999cc2ee205ab7c2d73,Olleh,oe:team:d1f833765bf7a9a8109d96a1b61afd7,Golden Guardians Academy,sup,2019-08-08,3,176.40331914,164.06288975,0.14445001
oe:player:9ce0043331f3999cc2ee205ab7c2d73,Olleh,oe:team:d1f833765bf7a9a8109d96a1b61afd7,Golden Guardians Academy,sup,2019-08-09,1,316.34961440,210.87835230,1.23458625
oe:player:9ce0043331f3999cc2ee205ab7c2d73,Olleh,oe:team:d1f833765bf7a9a8109d96a1b61afd7,Golden Guardians Academy,sup,2019-08-16,3,232.21336929,205.78683473,0.30933389
oe:player:9ce0043331f3999cc2ee205ab7c2d73,Olleh,oe:team:d1f833765bf7a9a8109d96a1b61afd7,Golden Guardians Academy,sup,2019-08-17,1,251.99277544,219.48862753,0.38047496
oe:player:9e4cab8a6c3041527f605caf9913072,Strompest,oe:team:92a5dd0b813a9eea72ba22adf5fe78e,FlyQuest Academy,mid,2019-05-30,1,280.76433121,482.80067879,-1.05085423
oe:player:9e4cab8a6c3041527f605caf9913072,Strompest,oe:team:92a5dd0b813a9eea72ba22adf5fe78e,FlyQuest Academy,mid,2019-05-31,1,301.67901235,535.99356146,-1.21874325
oe:player:9e4cab8a6c3041527f605caf9913072,Strompest,oe:team:92a5dd0b813a9eea72ba22adf5fe78e,FlyQuest Academy,mid,2019-06-06,1,245.49098196,532.86847517,-1.49474022
oe:player:9e4cab8a6c3041527f605caf9913072,Strompest,oe:team:92a5dd0b813a9eea72ba22adf5fe78e,FlyQuest Academy,mid,2019-06-08,1,328.78756477,495.81342266,-0.86875372
oe:player:9e4cab8a6c3041527f605caf9913072,Strompest,oe:team:92a5dd0b813a9eea72ba22adf5fe78e,FlyQuest Academy,mid,2019-06-12,1,187.33265720,462.98348412,-1.43374616
oe:player:9e4cab8a6c3041527f605caf9913072,Strompest,oe:team:92a5dd0b813a9eea72ba22adf5fe78e,FlyQuest Academy,mid,2019-06-13,1,583.25581395,504.05345306,0.41195625
oe:player:9e4cab8a6c3041527f605caf9913072,Strompest,oe:team:92a5dd0b813a9eea72ba22adf5fe78e,FlyQuest Academy,mid,2019-06-15,1,401.99210180,517.08990042,-0.60733101
oe:player:9e4cab8a6c3041527f605caf9913072,Strompest,oe:team:92a5dd0b813a9eea72ba22adf5fe78e,FlyQuest Academy,mid,2019-06-20,1,295.47297297,563.94416797,-1.41662903
oe:player:9e4cab8a6c3041527f605caf9913072,Strompest,oe:team:92a5dd0b813a9eea72ba22adf5fe78e,FlyQuest Academy,mid,2019-06-21,1,206.73575130,593.34604675,-2.04000793
oe:player:9e4cab8a6c3041527f605caf9913072,Strompest,oe:team:92a5dd0b813a9eea72ba22adf5fe78e,FlyQuest Academy,mid,2019-07-05,1,544.45921450,494.24337328,0.26497151
oe:player:9e4cab8a6c3041527f605caf9913072,Strompest,oe:team:92a5dd0b813a9eea72ba22adf5fe78e,FlyQuest Academy,mid,2019-07-06,1,667.75372124,533.47671762,0.70853300
oe:player:9e4cab8a6c3041527f605caf9913072,Strompest,oe:team:92a5dd0b813a9eea72ba22adf5fe78e,FlyQuest Academy,mid,2019-07-11,1,305.19642857,463.16324920,-0.83353592
oe:player:9e4cab8a6c3041527f605caf9913072,Strompest,oe:team:92a5dd0b813a9eea72ba22adf5fe78e,FlyQuest Academy,mid,2019-07-12,1,226.90553746,507.00226432,-1.47797291
oe:player:9e4cab8a6c3041527f605caf9913072,Strompest,oe:team:92a5dd0b813a9eea72ba22adf5fe78e,FlyQuest Academy,mid,2019-07-17,1,270.41533546,564.94854549,-1.55414921
oe:player:9e4cab8a6c3041527f605caf9913072,Strompest,oe:team:92a5dd0b813a9eea72ba22adf5fe78e,FlyQuest Academy,mid,2019-07-19,1,244.97389034,588.37635372,-1.78048897
oe:player:9e4cab8a6c3041527f605caf9913072,Strompest,oe:team:92a5dd0b813a9eea72ba22adf5fe78e,FlyQuest Academy,mid,2019-07-21,1,302.46268657,579.82180741,-1.43806439
oe:player:9e4cab8a6c3041527f605caf9913072,Strompest,oe:team:92a5dd0b813a9eea72ba22adf5fe78e,FlyQuest Academy,mid,2019-07-25,1,465.83869372,481.05089973,-0.07887295
oe:player:9e4cab8a6c3041527f605caf9913072,Strompest,oe:team:92a5dd0b813a9eea72ba22adf5fe78e,FlyQuest Academy,mid,2019-07-27,1,703.24795082,559.31174652,0.74628709
oe:player:a04a853a0f540f156d08711204fe252,Armao,oe:team:b2840811ed80a85fcf6f023d4b73f8d,TSM Academy,jng,2019-03-08,2,283.14757131,314.69845983,-0.29629635
oe:player:a04a853a0f540f156d08711204fe252,Armao,oe:team:b2840811ed80a85fcf6f023d4b73f8d,TSM Academy,jng,2019-03-15,2,246.39362371,306.34266507,-0.56298517
oe:player:a04a853a0f540f156d08711204fe252,Armao,oe:team:b2840811ed80a85fcf6f023d4b73f8d,TSM Academy,jng,2019-03-28,3,226.54726893,329.86305147,-0.97024492
oe:player:a04a853a0f540f156d08711204fe252,Armao,oe:team:b2840811ed80a85fcf6f023d4b73f8d,TSM Academy,jng,2019-04-05,3,237.64991829,264.51741880,-0.23986870
oe:player:a04a853a0f540f156d08711204fe252,Armao,oe:team:b2840811ed80a85fcf6f023d4b73f8d,TSM Academy,jng,2019-04-06,1,377.46325073,305.18741956,0.64526694
oe:player:a04a853a0f540f156d08711204fe252,Armao,oe:team:b2840811ed80a85fcf6f023d4b73f8d,TSM Academy,top,2019-08-02,3,329.36900858,395.43503678,-0.38645470
oe:player:a04a853a0f540f156d08711204fe252,Armao,oe:team:b2840811ed80a85fcf6f023d4b73f8d,TSM Academy,top,2019-08-08,3,370.83102615,469.48250838,-0.57706403
oe:player:a04a853a0f540f156d08711204fe252,Armao,oe:team:b2840811ed80a85fcf6f023d4b73f8d,TSM Academy,top,2019-08-09,1,342.64781491,464.90280029,-0.71513325
oe:player:a2de87eae98d0ab3b85567026561a51,Dardoch,oe:team:8ec1d9b925364a4f40c174a30023afc,OpTic Gaming Academy,jng,2019-02-22,2,244.64356418,251.43962363,-0.06382222
oe:player:a2de87eae98d0ab3b85567026561a51,Dardoch,oe:team:8ec1d9b925364a4f40c174a30023afc,OpTic Gaming Academy,jng,2019-03-01,2,170.90281085,249.24799604,-0.73574449
oe:player:a2de87eae98d0ab3b85567026561a51,Dardoch,oe:team:8ec1d9b925364a4f40c174a30023afc,OpTic Gaming Academy,jng,2019-03-07,1,504.36051502,302.01106263,1.90027626
oe:player:a2de87eae98d0ab3b85567026561a51,Dardoch,oe:team:8ec1d9b925364a4f40c174a30023afc,OpTic Gaming Academy,jng,2019-03-09,1,283.66816143,244.71676131,0.36579501
oe:player:a2de87eae98d0ab3b85567026561a51,Dardoch,oe:team:8ec1d9b925364a4f40c174a30023afc,OpTic Gaming Academy,jng,2019-03-15,1,341.15594329,269.32368771,0.67458117
oe:player:a2de87eae98d0ab3b85567026561a51,Dardoch,oe:team:8ec1d9b925364a4f40c174a30023afc,OpTic Gaming Academy,jng,2019-03-16,1,197.69973661,284.17850625,-0.81212749
oe:player:a2de87eae98d0ab3b85567026561a51,Dardoch,oe:team:8ec1d9b925364a4f40c174a30023afc,OpTic Gaming Academy,jng,2019-05-30,1,568.69565217,306.37264773,2.34197738
oe:player:a2de87eae98d0ab3b85567026561a51,Dardoch,oe:team:8ec1d9b925364a4f40c174a30023afc,OpTic Gaming Academy,jng,2019-06-01,1,213.89287686,203.04072545,0.09688625
oe:player:a2de87eae98d0ab3b85567026561a51,Dardoch,oe:team:8ec1d9b925364a4f40c174a30023afc,OpTic Gaming Academy,jng,2019-06-06,1,351.30221130,283.51062971,0.60523228
oe:player:a2de87eae98d0ab3b85567026561a51,Dardoch,oe:team:8ec1d9b925364a4f40c174a30023afc,OpTic Gaming Academy,jng,2019-06-08,1,258.34196891,248.05997175,0.09179601
oe:player:a2de87eae98d0ab3b85567026561a51,Dardoch,oe:team:8ec1d9b925364a4f40c174a30023afc,OpTic Gaming Academy,jng,2019-06-12,1,236.76489028,207.07847505,0.26503552
oe:player:a2de87eae98d0ab3b85567026561a51,Dardoch,oe:team:8ec1d9b925364a4f40c174a30023afc,OpTic Gaming Academy,jng,2019-06-14,1,261.43757881,195.77955413,0.58618423
oe:player:a2de87eae98d0ab3b85567026561a51,Dardoch,oe:team:8ec1d9b925364a4f40c174a30023afc,OpTic Gaming Academy,jng,2019-06-17,1,613.76638856,285.10492931,2.88170782
oe:player:a2de87eae98d0ab3b85567026561a51,Dardoch,oe:team:8ec1d9b925364a4f40c174a30023afc,OpTic Gaming Academy,jng,2019-06-21,1,240.10459035,235.11963320,0.04370817
oe:player:a2de87eae98d0ab3b85567026561a51,Dardoch,oe:team:8ec1d9b925364a4f40c174a30023afc,OpTic Gaming Academy,jng,2019-06-22,1,379.72366149,264.60175035,1.00939037
oe:player:a2de87eae98d0ab3b85567026561a51,Dardoch,oe:team:8ec1d9b925364a4f40c174a30023afc,OpTic Gaming Academy,jng,2019-07-05,2,343.48663732,242.10049273,0.88895500
oe:player:a2de87eae98d0ab3b85567026561a51,Dardoch,oe:team:8ec1d9b925364a4f40c174a30023afc,OpTic Gaming Academy,jng,2019-07-12,1,287.77905639,319.21640208,-0.27564304
oe:player:a2de87eae98d0ab3b85567026561a51,Dardoch,oe:team:8ec1d9b925364a4f40c174a30023afc,OpTic Gaming Academy,jng,2019-07-13,1,392.63103269,307.97683474,0.74224908
oe:player:a2de87eae98d0ab3b85567026561a51,Dardoch,oe:team:8ec1d9b925364a4f40c174a30023afc,OpTic Gaming Academy,jng,2019-07-18,2,375.66345533,243.68829257,1.09908869
oe:player:a2de87eae98d0ab3b85567026561a51,Dardoch,oe:team:8ec1d9b925364a4f40c174a30023afc,OpTic Gaming Academy,jng,2019-07-19,1,456.37644046,221.63247621,1.95494691
oe:player:a2de87eae98d0ab3b85567026561a51,Dardoch,oe:team:8ec1d9b925364a4f40c174a30023afc,OpTic Gaming Academy,jng,2019-07-25,1,169.58426966,141.96146055,0.23004266
oe:player:a2de87eae98d0ab3b85567026561a51,Dardoch,oe:team:8ec1d9b925364a4f40c174a30023afc,OpTic Gaming Academy,jng,2019-07-26,1,447.40267286,229.15966057,1.81752704
oe:player:a62c9e65a78ee4eb32866252a8245d5,FallenBandit,oe:team:fe409cbd7c72eb621d9c4e7eac75936,CLG Academy,top,2019-02-22,1,571.93600000,497.98570283,0.42559438
oe:player:a62c9e65a78ee4eb32866252a8245d5,FallenBandit,oe:team:fe409cbd7c72eb621d9c4e7eac75936,CLG Academy,top,2019-02-23,1,377.50300120,412.48331454,-0.20131663
oe:player:a62c9e65a78ee4eb32866252a8245d5,FallenBandit,oe:team:fe409cbd7c72eb621d9c4e7eac75936,CLG Academy,top,2019-03-01,1,310.49907579,367.09847430,-0.32573752
oe:player:a62c9e65a78ee4eb32866252a8245d5,FallenBandit,oe:team:fe409cbd7c72eb621d9c4e7eac75936,CLG Academy,top,2019-03-02,1,361.03275958,418.40767259,-0.33020071
oe:player:a62c9e65a78ee4eb32866252a8245d5,FallenBandit,oe:team:fe409cbd7c72eb621d9c4e7eac75936,CLG Academy,top,2019-03-07,1,693.75965665,410.71710230,1.62894979
oe:player:a62c9e65a78ee4eb32866252a8245d5,FallenBandit,oe:team:fe409cbd7c72eb621d9c4e7eac75936,CLG Academy,top,2019-03-08,1,725.05154639,348.94959906,2.16451971
oe:player:a62c9e65a78ee4eb32866252a8245d5,FallenBandit,oe:team:fe409cbd7c72eb621d9c4e7eac75936,CLG Academy,top,2019-03-15,1,407.33201581,400.90135876,0.03700934
oe:player:a62c9e65a78ee4eb32866252a8245d5,FallenBandit,oe:team:fe409cbd7c72eb621d9c4e7eac75936,CLG Academy,top,2019-03-16,1,281.75000000,481.57729391,-1.15003424
oe:player:a62c9e65a78ee4eb32866252a8245d5,FallenBandit,oe:team:fe409cbd7c72eb621d9c4e7eac75936,CLG Academy,top,2019-03-22,3,327.98075974,346.41033263,-0.10606479
oe:player:a62c9e65a78ee4eb32866252a8245d5,FallenBandit,oe:team:fe409cbd7c72eb621d9c4e7eac75936,CLG Academy,top,2019-05-30,1,470.95890411,470.44127813,0.00292857
oe:player:a62c9e65a78ee4eb32866252a8245d5,FallenBandit,oe:team:fe409cbd7c72eb621d9c4e7eac75936,CLG Academy,top,2019-05-31,1,217.55308392,315.85212811,-0.55614641
oe:player:a62c9e65a78ee4eb32866252a8245d5,FallenBandit,oe:team:fe409cbd7c72eb621d9c4e7eac75936,CLG Academy,top,2019-06-06,1,433.89434889,434.85129523,-0.00541411
oe:player:a62c9e65a78ee4eb32866252a8245d5,FallenBandit,oe:team:fe409cbd7c72eb621d9c4e7eac75936,CLG Academy,top,2019-06-07,1,411.45640074,402.25805268,0.05204149
oe:player:a62c9e65a78ee4eb32866252a8245d5,FallenBandit,oe:team:fe409cbd7c72eb621d9c4e7eac75936,CLG Academy,top,2019-06-13,1,662.33974359,396.68988720,1.50296695
oe:player:a62c9e65a78ee4eb32866252a8245d5,FallenBandit,oe:team:fe409cbd7c72eb621d9c4e7eac75936,CLG Academy,top,2019-06-15,1,351.63255593,421.70533194,-0.40447370
oe:player:a62c9e65a78ee4eb32866252a8245d5,FallenBandit,oe:team:fe409cbd7c72eb621d9c4e7eac75936,CLG Academy,top,2019-06-17,1,356.24553039,400.00610883,-0.25259457
oe:player:a62c9e65a78ee4eb32866252a8245d5,FallenBandit,oe:team:fe409cbd7c72eb621d9c4e7eac75936,CLG Academy,top,2019-06-20,1,549.86486486,475.26107344,0.43062760
oe:player:a62c9e65a78ee4eb32866252a8245d5,FallenBandit,oe:team:fe409cbd7c72eb621d9c4e7eac75936,CLG Academy,top,2019-06-21,1,326.35187581,417.10676427,-0.52385488
oe:player:a62c9e65a78ee4eb32866252a8245d5,FallenBandit,oe:team:fe409cbd7c72eb621d9c4e7eac75936,CLG Academy,top,2019-07-04,1,575.35236396,462.24291085,0.65288977
oe:player:a62c9e65a78ee4eb32866252a8245d5,FallenBandit,oe:team:fe409cbd7c72eb621d9c4e7eac75936,CLG Academy,top,2019-07-06,1,582.03065134,527.62029045,0.31406719
oe:player:a62c9e65a78ee4eb32866252a8245d5,FallenBandit,oe:team:fe409cbd7c72eb621d9c4e7eac75936,CLG Academy,top,2019-07-11,1,314.20042644,411.23740196,-0.56011630
oe:player:a62c9e65a78ee4eb32866252a8245d5,FallenBandit,oe:team:fe409cbd7c72eb621d9c4e7eac75936,CLG Academy,top,2019-07-13,1,354.19020173,362.01106207,-0.04514353
oe:player:a62c9e65a78ee4eb32866252a8245d5,FallenBandit,oe:team:fe409cbd7c72eb621d9c4e7eac75936,CLG Academy,top,2019-07-17,1,370.81473214,442.79990047,-0.41551240
oe:player:a62c9e65a78ee4eb32866252a8245d5,FallenBandit,oe:team:fe409cbd7c72eb621d9c4e7eac75936,CLG Academy,top,2019-07-26,1,506.63303909,406.93079239,0.58321050
oe:player:a62c9e65a78ee4eb32866252a8245d5,FallenBandit,oe:team:fe409cbd7c72eb621d9c4e7eac75936,CLG Academy,top,2019-07-27,1,1167.03132770,419.05443814,4.37530739
oe:player:a9db4155cb1d90e3e20befd63d49d4a,Cat 2,oe:team:6c12501a3ea9d19dbbd5619f3f938e9,Clutch Gaming Academy,sup,2019-02-22,1,118.94300518,184.39384195,-1.02224572
oe:player:a9db4155cb1d90e3e20befd63d49d4a,Cat 2,oe:team:6c12501a3ea9d19dbbd5619f3f938e9,Clutch Gaming Academy,sup,2019-02-23,1,222.48915872,180.86820780,0.65005799
oe:player:a9db4155cb1d90e3e20befd63d49d4a,Cat 2,oe:team:6c12501a3ea9d19dbbd5619f3f938e9,Clutch Gaming Academy,sup,2019-03-01,1,164.94568029,139.94046901,0.39054459
oe:player:a9db4155cb1d90e3e20befd63d49d4a,Cat 2,oe:team:6c12501a3ea9d19dbbd5619f3f938e9,Clutch Gaming Academy,sup,2019-03-02,1,186.12992782,196.82394367,-0.16702479
oe:player:a9db4155cb1d90e3e20befd63d49d4a,Cat 2,oe:team:6c12501a3ea9d19dbbd5619f3f938e9,Clutch Gaming Academy,sup,2019-03-08,1,158.79581152,105.05443567,0.83936118
oe:player:a9db4155cb1d90e3e20befd63d49d4a,Cat 2,oe:team:6c12501a3ea9d19dbbd5619f3f938e9,Clutch Gaming Academy,sup,2019-03-09,1,216.08566330,142.58326120,1.14799932
oe:player:a9db4155cb1d90e3e20befd63d49d4a,Cat 2,oe:team:6c12501a3ea9d19dbbd5619f3f938e9,Clutch Gaming Academy,sup,2019-03-15,2,113.46782380,107.82743316,0.08809460
oe:player:aa1b4609f6ebaf813380ecb5ead393b,B3nji,oe:team:d1f833765bf7a9a8109d96a1b61afd7,Golden Guardians Academy,bot,2019-02-22,1,523.58404846,580.29758413,-0.24151323
oe:player:aa1b4609f6ebaf813380ecb5ead393b,B3nji,oe:team:d1f833765bf7a9a8109d96a1b61afd7,Golden Guardians Academy,bot,2019-02-23,1,502.71386431,509.35906925,-0.02829845
oe:player:aa1b4609f6ebaf813380ecb5ead393b,B3nji,oe:team:d1f833765bf7a9a8109d96a1b61afd7,Golden Guardians Academy,bot,2019-03-01,1,261.66358595,495.79648212,-0.99704932
oe:player:aa1b4609f6ebaf813380ecb5ead393b,B3nji,oe:team:d1f833765bf7a9a8109d96a1b61afd7,Golden Guardians Academy,bot,2019-03-02,1,697.68577495,439.89423726,1.09779908
oe:player:aa1b4609f6ebaf813380ecb5ead393b,B3nji,oe:team:d1f833765bf7a9a8109d96a1b61afd7,Golden Guardians Academy,bot,2019-03-08,1,443.61963190,430.68318815,0.05508954
oe:player:aa1b4609f6ebaf813380ecb5ead393b,B3nji,oe:team:d1f833765bf7a9a8109d96a1b61afd7,Golden Guardians Academy,bot,2019-03-09,1,316.56157049,483.19849327,-0.70961934
oe:player:aa1b4609f6ebaf813380ecb5ead393b,B3nji,oe:team:d1f833765bf7a9a8109d96a1b61afd7,Golden Guardians Academy,bot,2019-03-15,1,475.64885496,496.73973983,-0.08981503
oe:player:aa1b4609f6ebaf813380ecb5ead393b,B3nji,oe:team:d1f833765bf7a9a8109d96a1b61afd7,Golden Guardians Academy,bot,2019-03-16,1,682.63283868,489.38612377,0.82293650
oe:player:b38e8427233eea81494ca1b3ec13f0a,Damonte,oe:team:6c12501a3ea9d19dbbd5619f3f938e9,Clutch Gaming Academy,mid,2019-07-04,1,446.23926732,486.19130279,-0.21081298
oe:player:b38e8427233eea81494ca1b3ec13f0a,Damonte,oe:team:6c12501a3ea9d19dbbd5619f3f938e9,Clutch Gaming Academy,mid,2019-07-06,1,589.84674330,597.71018818,-0.04149266
oe:player:b38e8427233eea81494ca1b3ec13f0a,Damonte,oe:team:6c12501a3ea9d19dbbd5619f3f938e9,Clutch Gaming Academy,mid,2019-07-12,1,590.60989643,460.97711989,0.68402703
oe:player:b578b733cbb788fc6ad208314d2c4c2,Lost,oe:team:2b688a6cc8da916b7b3aaf2bd615605,Echo Fox Academy,bot,2019-02-21,1,408.45706908,448.94771394,-0.17242844
oe:player:b578b733cbb788fc6ad208314d2c4c2,Lost,oe:team:2b688a6cc8da916b7b3aaf2bd615605,Echo Fox Academy,bot,2019-02-23,1,1276.02775369,615.84736564,2.81136235
oe:player:b578b733cbb788fc6ad208314d2c4c2,Lost,oe:team:2b688a6cc8da916b7b3aaf2bd615605,Echo Fox Academy,bot,2019-03-01,1,264.82885086,598.95069722,-1.42284987
oe:player:b578b733cbb788fc6ad208314d2c4c2,Lost,oe:team:2b688a6cc8da916b7b3aaf2bd615605,Echo Fox Academy,bot,2019-03-02,1,408.44064386,598.48694403,-0.80930761
oe:player:b578b733cbb788fc6ad208314d2c4c2,Lost,oe:team:2b688a6cc8da916b7b3aaf2bd615605,Echo Fox Academy,bot,2019-03-08,1,439.90463215,474.81465170,-0.14866348
oe:player:b578b733cbb788fc6ad208314d2c4c2,Lost,oe:team:2b688a6cc8da916b7b3aaf2bd615605,Echo Fox Academy,bot,2019-03-09,1,607.81861575,630.48399202,-0.09651996
oe:player:b578b733cbb788fc6ad208314d2c4c2,Lost,oe:team:2b688a6cc8da916b7b3aaf2bd615605,Echo Fox Academy,bot,2019-03-14,1,570.08842105,500.22974861,0.29749148
oe:player:b578b733cbb788fc6ad208314d2c4c2,Lost,oe:team:2b688a6cc8da916b7b3aaf2bd615605,Echo Fox Academy,bot,2019-03-16,1,385.03125000,493.20388379,-0.46065057
oe:player:b578b733cbb788fc6ad208314d2c4c2,Lost,oe:team:2b688a6cc8da916b7b3aaf2bd615605,Echo Fox Academy,bot,2019-03-21,3,619.09296316,561.67303120,0.24452140
oe:player:b578b733cbb788fc6ad208314d2c4c2,Lost,oe:team:2b688a6cc8da916b7b3aaf2bd615605,Echo Fox Academy,bot,2019-03-22,2,613.77858232,601.90154744,0.05057807
oe:player:b578b733cbb788fc6ad208314d2c4c2,Lost,oe:team:2b688a6cc8da916b7b3aaf2bd615605,Echo Fox Academy,bot,2019-03-28,3,342.56354949,452.03220618,-0.46616965
oe:player:b578b733cbb788fc6ad208314d2c4c2,Lost,oe:team:2b688a6cc8da916b7b3aaf2bd615605,Echo Fox Academy,bot,2019-06-13,2,474.94999325,492.23428539,-0.07571844
oe:player:b578b733cbb788fc6ad208314d2c4c2,Lost,oe:team:2b688a6cc8da916b7b3aaf2bd615605,Echo Fox Academy,bot,2019-06-14,1,624.41011236,483.08605187,0.61910761
oe:player:b578b733cbb788fc6ad208314d2c4c2,Lost,oe:team:2b688a6cc8da916b7b3aaf2bd615605,Echo Fox Academy,bot,2019-06-22,1,1141.31260794,605.10587882,2.34759514
oe:player:b578b733cbb788fc6ad208314d2c4c2,Lost,oe:team:2b688a6cc8da916b7b3aaf2bd615605,Echo Fox Academy,bot,2019-06-24,1,409.82332155,565.57618355,-0.68190987
oe:player:b578b733cbb788fc6ad208314d2c4c2,Lost,oe:team:2b688a6cc8da916b7b3aaf2bd615605,Echo Fox Academy,bot,2019-07-04,1,299.92982456,522.13395115,-0.97284368
oe:player:b578b733cbb788fc6ad208314d2c4c2,Lost,oe:team:2b688a6cc8da916b7b3aaf2bd615605,Echo Fox Academy,bot,2019-07-06,1,885.02029770,557.03740146,1.43595933
oe:player:b578b733cbb788fc6ad208314d2c4c2,Lost,oe:team:2b688a6cc8da916b7b3aaf2bd615605,Echo Fox Academy,bot,2019-07-11,1,380.37506336,722.62663965,-1.49842979
oe:player:b578b733cbb788fc6ad208314d2c4c2,Lost,oe:team:2b688a6cc8da916b7b3aaf2bd615605,Echo Fox Academy,bot,2019-07-12,1,264.97930219,482.07269894,-0.95046812
oe:player:b578b733cbb788fc6ad208314d2c4c2,Lost,oe:team:2b688a6cc8da916b7b3aaf2bd615605,Echo Fox Academy,bot,2019-07-17,1,544.53674121,543.09116572,0.00632895
oe:player:b578b733cbb788fc6ad208314d2c4c2,Lost,oe:team:2b688a6cc8da916b7b3aaf2bd615605,Echo Fox Academy,bot,2019-07-18,1,483.74301676,495.34809355,-0.04930960
oe:player:b578b733cbb788fc6ad208314d2c4c2,Lost,oe:team:2b688a6cc8da916b7b3aaf2bd615605,Echo Fox Academy,bot,2019-07-25,1,943.93970894,680.22507706,1.12051501
oe:player:b578b733cbb788fc6ad208314d2c4c2,Lost,oe:team:2b688a6cc8da916b7b3aaf2bd615605,Echo Fox Academy,bot,2019-07-27,1,235.10691198,460.90571587,-0.95941187
oe:player:b578b733cbb788fc6ad208314d2c4c2,Lost,oe:team:2b688a6cc8da916b7b3aaf2bd615605,Echo Fox Academy,bot,2019-08-01,3,730.43358882,673.66125907,0.24122381
oe:player:b578b733cbb788fc6ad208314d2c4c2,Lost,oe:team:2b688a6cc8da916b7b3aaf2bd615605,Echo Fox Academy,bot,2019-08-02,2,538.62180942,597.16907849,-0.24876547
oe:player:b656fd67abb3a3f473cb74f20cc242d,Rodov,oe:team:6c12501a3ea9d19dbbd5619f3f938e9,Clutch Gaming Academy,top,2019-02-22,1,550.56994819,379.16284979,0.98647201
oe:player:b656fd67abb3a3f473cb74f20cc242d,Rodov,oe:team:6c12501a3ea9d19dbbd5619f3f938e9,Clutch Gaming Academy,top,2019-02-23,1,552.64527320,378.53786122,1.00201269
oe:player:b656fd67abb3a3f473cb74f20cc242d,Rodov,oe:team:6c12501a3ea9d19dbbd5619f3f938e9,Clutch Gaming Academy,top,2019-03-01,1,604.25245732,364.62661047,1.37908052
oe:player:b656fd67abb3a3f473cb74f20cc242d,Rodov,oe:team:6c12501a3ea9d19dbbd5619f3f938e9,Clutch Gaming Academy,top,2019-03-02,1,430.29428096,390.54803251,0.22874526
oe:player:b656fd67abb3a3f473cb74f20cc242d,Rodov,oe:team:6c12501a3ea9d19dbbd5619f3f938e9,Clutch Gaming Academy,top,2019-03-08,1,372.06282723,341.26429025,0.17724992
oe:player:b656fd67abb3a3f473cb74f20cc242d,Rodov,oe:team:6c12501a3ea9d19dbbd5619f3f938e9,Clutch Gaming Academy,top,2019-03-09,1,177.53718025,343.16387325,-0.95320496
oe:player:b656fd67abb3a3f473cb74f20cc242d,Rodov,oe:team:6c12501a3ea9d19dbbd5619f3f938e9,Clutch Gaming Academy,top,2019-03-15,2,282.71430698,326.57860801,-0.25244523
oe:player:b656fd67abb3a3f473cb74f20cc242d,Rodov,oe:team:6c12501a3ea9d19dbbd5619f3f938e9,Clutch Gaming Academy,top,2019-05-30,1,333.75959079,344.25100247,-0.05935725
oe:player:b656fd67abb3a3f473cb74f20cc242d,Rodov,oe:team:6c12501a3ea9d19dbbd5619f3f938e9,Clutch Gaming Academy,top,2019-05-31,1,639.81406159,386.40382906,1.43371884
oe:player:b656fd67abb3a3f473cb74f20cc242d,Rodov,oe:team:6c12501a3ea9d19dbbd5619f3f938e9,Clutch Gaming Academy,top,2019-06-07,2,639.89065470,409.12887864,1.30558069
oe:player:b656fd67abb3a3f473cb74f20cc242d,Rodov,oe:team:6c12501a3ea9d19dbbd5619f3f938e9,Clutch Gaming Academy,top,2019-06-12,1,339.52624840,377.71595740,-0.21606588
oe:player:b656fd67abb3a3f473cb74f20cc242d,Rodov,oe:team:6c12501a3ea9d19dbbd5619f3f938e9,Clutch Gaming Academy,top,2019-06-14,1,421.04260090,440.58125850,-0.11054384
oe:player:b656fd67abb3a3f473cb74f20cc242d,Rodov,oe:team:6c12501a3ea9d19dbbd5619f3f938e9,Clutch Gaming Academy,top,2019-06-15,1,657.49890303,412.81092126,1.41238664
oe:player:b656fd67abb3a3f473cb74f20cc242d,Rodov,oe:team:6c12501a3ea9d19dbbd5619f3f938e9,Clutch Gaming Academy,top,2019-06-21,1,267.21715818,323.81835267,-0.32671311
oe:player:b656fd67abb3a3f473cb74f20cc242d,Rodov,oe:team:6c12501a3ea9d19dbbd5619f3f938e9,Clutch Gaming Academy,top,2019-06-24,1,235.93639576,369.61399213,-0.77161310
oe:player:b656fd67abb3a3f473cb74f20cc242d,Rodov,oe:team:6c12501a3ea9d19dbbd5619f3f938e9,Clutch Gaming Academy,top,2019-07-04,1,654.05838580,482.32642941,0.99127027
oe:player:b656fd67abb3a3f473cb74f20cc242d,Rodov,oe:team:6c12501a3ea9d19dbbd5619f3f938e9,Clutch Gaming Academy,top,2019-07-06,1,235.09578544,460.42754137,-1.30065874
oe:player:b656fd67abb3a3f473cb74f20cc242d,Rodov,oe:team:6c12501a3ea9d19dbbd5619f3f938e9,Clutch Gaming Academy,top,2019-07-12,2,358.42071206,378.60835171,-0.11652698
oe:player:b656fd67abb3a3f473cb74f20cc242d,Rodov,oe:team:6c12501a3ea9d19dbbd5619f3f938e9,Clutch Gaming Academy,top,2019-07-18,2,356.61300741,421.95862806,-0.38224066
oe:player:b656fd67abb3a3f473cb74f20cc242d,Rodov,oe:team:6c12501a3ea9d19dbbd5619f3f938e9,Clutch Gaming Academy,top,2019-07-20,1,445.61388286,367.57721835,0.45647720
oe:player:b656fd67abb3a3f473cb74f20cc242d,Rodov,oe:team:6c12501a3ea9d19dbbd5619f3f938e9,Clutch Gaming Academy,top,2019-07-26,1,511.92938209,404.39367894,0.62903248
oe:player:b656fd67abb3a3f473cb74f20cc242d,Rodov,oe:team:6c12501a3ea9d19dbbd5619f3f938e9,Clutch Gaming Academy,top,2019-07-27,1,502.00819672,383.54910441,0.69292908
oe:player:ba7c563a5425bd6886dab195a0cd6d0,Johnsun,oe:team:b2840811ed80a85fcf6f023d4b73f8d,TSM Academy,bot,2019-07-12,1,237.90273556,604.51903661,-1.60510229
oe:player:ba7c563a5425bd6886dab195a0cd6d0,Johnsun,oe:team:b2840811ed80a85fcf6f023d4b73f8d,TSM Academy,bot,2019-07-19,1,274.72471191,543.67209911,-1.14274881
oe:player:ba7c563a5425bd6886dab195a0cd6d0,Johnsun,oe:team:b2840811ed80a85fcf6f023d4b73f8d,TSM Academy,bot,2019-07-25,1,349.86486486,495.87668019,-0.62039952
oe:player:ba7c563a5425bd6886dab195a0cd6d0,Johnsun,oe:team:b2840811ed80a85fcf6f023d4b73f8d,TSM Academy,bot,2019-07-26,1,673.32374101,682.94286549,-0.04087135
oe:player:c271341160441d375411fef9bf2f9ef,Svenskeren,oe:team:4e28e7839cbb263369dfcb1794a25e2,Cloud9 Academy,jng,2019-07-05,1,350.55319149,247.28228418,0.90548062
oe:player:c271341160441d375411fef9bf2f9ef,Svenskeren,oe:team:4e28e7839cbb263369dfcb1794a25e2,Cloud9 Academy,jng,2019-07-19,1,178.02729529,289.50675260,-0.92840053
oe:player:c271341160441d375411fef9bf2f9ef,Svenskeren,oe:team:4e28e7839cbb263369dfcb1794a25e2,Cloud9 Academy,jng,2019-07-26,1,595.40816327,299.74740992,2.46226172
oe:player:c6c67e6161209c24759f6a71ad6ac9b,Fanatiik,oe:team:b2840811ed80a85fcf6f023d4b73f8d,TSM Academy,jng,2019-02-21,1,153.62169141,335.63013623,-1.70925260
oe:player:c6c67e6161209c24759f6a71ad6ac9b,Fanatiik,oe:team:b2840811ed80a85fcf6f023d4b73f8d,TSM Academy,jng,2019-02-23,1,229.73437500,325.01946951,-0.89482823
oe:player:c6c67e6161209c24759f6a71ad6ac9b,Fanatiik,oe:team:b2840811ed80a85fcf6f023d4b73f8d,TSM Academy,jng,2019-03-01,2,174.04292049,300.46875309,-1.18727284
oe:player:c79ce9ec47a91226340af0e57afa782,Neo,oe:team:8ec1d9b925364a4f40c174a30023afc,OpTic Gaming Academy,bot,2019-02-22,2,477.91218732,550.53590924,-0.30926638
oe:player:c79ce9ec47a91226340af0e57afa782,Neo,oe:team:8ec1d9b925364a4f40c174a30023afc,OpTic Gaming Academy,bot,2019-03-01,2,325.61566659,489.00426538,-0.69578643
oe:player:c79ce9ec47a91226340af0e57afa782,Neo,oe:team:8ec1d9b925364a4f40c174a30023afc,OpTic Gaming Academy,bot,2019-03-07,1,321.68240343,514.04101856,-0.81915455
oe:player:c79ce9ec47a91226340af0e57afa782,Neo,oe:team:8ec1d9b925364a4f40c174a30023afc,OpTic Gaming Academy,bot,2019-03-09,1,383.19282511,458.25696814,-0.31965885
oe:player:c79ce9ec47a91226340af0e57afa782,Neo,oe:team:8ec1d9b925364a4f40c174a30023afc,OpTic Gaming Academy,bot,2019-03-15,1,424.35114504,469.43206063,-0.19197600
oe:player:c79ce9ec47a91226340af0e57afa782,Neo,oe:team:8ec1d9b925364a4f40c174a30023afc,OpTic Gaming Academy,bot,2019-03-16,1,470.14925373,632.35538060,-0.69075090
oe:player:c79ce9ec47a91226340af0e57afa782,Neo,oe:team:8ec1d9b925364a4f40c174a30023afc,OpTic Gaming Academy,bot,2019-05-30,1,578.23529412,550.19033091,0.12285842
oe:player:c79ce9ec47a91226340af0e57afa782,Neo,oe:team:8ec1d9b925364a4f40c174a30023afc,OpTic Gaming Academy,bot,2019-06-01,1,465.32302595,541.43185806,-0.33341497
oe:player:c79ce9ec47a91226340af0e57afa782,Neo,oe:team:8ec1d9b925364a4f40c174a30023afc,OpTic Gaming Academy,bot,2019-06-06,1,65.63882064,502.12456222,-1.91214180
oe:player:c79ce9ec47a91226340af0e57afa782,Neo,oe:team:8ec1d9b925364a4f40c174a30023afc,OpTic Gaming Academy,bot,2019-06-08,1,562.35233161,467.99024447,0.41337820
oe:player:c79ce9ec47a91226340af0e57afa782,Neo,oe:team:8ec1d9b925364a4f40c174a30023afc,OpTic Gaming Academy,bot,2019-06-12,1,267.27272727,478.11976672,-0.92367150
oe:player:c79ce9ec47a91226340af0e57afa782,Neo,oe:team:8ec1d9b925364a4f40c174a30023afc,OpTic Gaming Academy,bot,2019-06-14,1,413.16519546,413.00509996,0.00070134
oe:player:c79ce9ec47a91226340af0e57afa782,Neo,oe:team:8ec1d9b925364a4f40c174a30023afc,OpTic Gaming Academy,bot,2019-06-17,1,877.43742551,484.46869528,1.72047726
oe:player:c79ce9ec47a91226340af0e57afa782,Neo,oe:team:8ec1d9b925364a4f40c174a30023afc,OpTic Gaming Academy,bot,2019-06-21,1,308.57640906,428.70167759,-0.52592681
oe:player:c79ce9ec47a91226340af0e57afa782,Neo,oe:team:8ec1d9b925364a4f40c174a30023afc,OpTic Gaming Academy,bot,2019-06-22,1,385.76856649,482.99710814,-0.42568144
oe:player:c79ce9ec47a91226340af0e57afa782,Neo,oe:team:8ec1d9b925364a4f40c174a30023afc,OpTic Gaming Academy,bot,2019-07-05,2,365.25307101,495.51506246,-0.57030694
oe:player:c79ce9ec47a91226340af0e57afa782,Neo,oe:team:8ec1d9b925364a4f40c174a30023afc,OpTic Gaming Academy,bot,2019-07-12,1,435.98388953,607.12052648,-0.74926239
oe:player:c79ce9ec47a91226340af0e57afa782,Neo,oe:team:8ec1d9b925364a4f40c174a30023afc,OpTic Gaming Academy,bot,2019-07-13,1,390.82511676,590.99190750,-0.87636085
oe:player:c79ce9ec47a91226340af0e57afa782,Neo,oe:team:8ec1d9b925364a4f40c174a30023afc,OpTic Gaming Academy,bot,2019-07-18,2,542.95509824,472.24989890,0.30042412
oe:player:c79ce9ec47a91226340af0e57afa782,Neo,oe:team:8ec1d9b925364a4f40c174a30023afc,OpTic Gaming Academy,bot,2019-07-19,1,452.53521127,408.26601670,0.18809839
oe:player:c79ce9ec47a91226340af0e57afa782,Neo,oe:team:8ec1d9b925364a4f40c174a30023afc,OpTic Gaming Academy,bot,2019-07-25,1,553.51685393,423.36433805,0.55301386
oe:player:c79ce9ec47a91226340af0e57afa782,Neo,oe:team:8ec1d9b925364a4f40c174a30023afc,OpTic Gaming Academy,sup,2019-07-26,1,325.65950029,140.24410880,2.17036649
oe:player:cc3a241d9b6a251a9038c7d47131df0,Tuesday,oe:team:fe409cbd7c72eb621d9c4e7eac75936,CLG Academy,mid,2019-02-22,1,639.84000000,494.34066173,0.78475716
oe:player:cc3a241d9b6a251a9038c7d47131df0,Tuesday,oe:team:fe409cbd7c72eb621d9c4e7eac75936,CLG Academy,mid,2019-02-23,1,290.13205282,388.76866510,-0.53200096
oe:player:cc3a241d9b6a251a9038c7d47131df0,Tuesday,oe:team:fe409cbd7c72eb621d9c4e7eac75936,CLG Academy,mid,2019-03-01,1,373.97412200,449.98287233,-0.40995658
oe:player:cc3a241d9b6a251a9038c7d47131df0,Tuesday,oe:team:fe409cbd7c72eb621d9c4e7eac75936,CLG Academy,mid,2019-03-02,1,559.42254303,461.76395923,0.52672592
oe:player:cc3a241d9b6a251a9038c7d47131df0,Tuesday,oe:team:fe409cbd7c72eb621d9c4e7eac75936,CLG Academy,mid,2019-03-07,1,347.09871245,447.38754931,-0.54091231
oe:player:cc3a241d9b6a251a9038c7d47131df0,Tuesday,oe:team:fe409cbd7c72eb621d9c4e7eac75936,CLG Academy,mid,2019-03-08,1,479.14948454,465.65864440,0.07276345
oe:player:cc3a241d9b6a251a9038c7d47131df0,Tuesday,oe:team:fe409cbd7c72eb621d9c4e7eac75936,CLG Academy,mid,2019-03-15,1,816.52173913,511.31700846,1.64613531
oe:player:cc3a241d9b6a251a9038c7d47131df0,Tuesday,oe:team:fe409cbd7c72eb621d9c4e7eac75936,CLG Academy,mid,2019-03-16,1,347.46875000,481.39535091,-0.72233909
oe:player:cc3a241d9b6a251a9038c7d47131df0,Tuesday,oe:team:fe409cbd7c72eb621d9c4e7eac75936,CLG Academy,mid,2019-03-22,3,360.64693230,451.89084062,-0.49212808
oe:player:cc3a241d9b6a251a9038c7d47131df0,Tuesday,oe:team:fe409cbd7c72eb621d9c4e7eac75936,CLG Academy,mid,2019-05-30,1,701.28556375,504.81605387,1.02189936
oe:player:cc3a241d9b6a251a9038c7d47131df0,Tuesday,oe:team:fe409cbd7c72eb621d9c4e7eac75936,CLG Academy,mid,2019-05-31,1,932.57836198,520.48310450,2.14343631
oe:player:cc3a241d9b6a251a9038c7d47131df0,Tuesday,oe:team:fe409cbd7c72eb621d9c4e7eac75936,CLG Academy,mid,2019-06-06,1,382.99754300,484.12416140,-0.52599117
oe:player:cc3a241d9b6a251a9038c7d47131df0,Tuesday,oe:team:fe409cbd7c72eb621d9c4e7eac75936,CLG Academy,mid,2019-06-07,1,340.04638219,437.47648984,-0.50676446
oe:player:cc3a241d9b6a251a9038c7d47131df0,Tuesday,oe:team:fe409cbd7c72eb621d9c4e7eac75936,CLG Academy,mid,2019-06-13,1,541.63461538,465.55985262,0.39568863
oe:player:cc3a241d9b6a251a9038c7d47131df0,Tuesday,oe:team:fe409cbd7c72eb621d9c4e7eac75936,CLG Academy,mid,2019-06-15,1,321.87529748,403.37496859,-0.43004539
oe:player:cc3a241d9b6a251a9038c7d47131df0,Tuesday,oe:team:fe409cbd7c72eb621d9c4e7eac75936,CLG Academy,mid,2019-06-17,1,397.07985697,410.18864192,-0.06917049
oe:player:cc3a241d9b6a251a9038c7d47131df0,Tuesday,oe:team:fe409cbd7c72eb621d9c4e7eac75936,CLG Academy,mid,2019-06-20,1,352.26351351,461.75761007,-0.57776223
oe:player:cc3a241d9b6a251a9038c7d47131df0,Tuesday,oe:team:fe409cbd7c72eb621d9c4e7eac75936,CLG Academy,mid,2019-06-21,1,368.22768435,505.35347254,-0.72356504
oe:player:cc3a241d9b6a251a9038c7d47131df0,Tuesday,oe:team:fe409cbd7c72eb621d9c4e7eac75936,CLG Academy,mid,2019-07-04,1,819.09901873,479.65020981,1.79115319
oe:player:cc3a241d9b6a251a9038c7d47131df0,Tuesday,oe:team:fe409cbd7c72eb621d9c4e7eac75936,CLG Academy,mid,2019-07-06,1,641.37931034,545.46125606,0.50612618
oe:player:cc3a241d9b6a251a9038c7d47131df0,Tuesday,oe:team:fe409cbd7c72eb621d9c4e7eac75936,CLG Academy,mid,2019-07-11,1,394.73347548,484.40694792,-0.47317569
oe:player:cc3a241d9b6a251a9038c7d47131df0,Tuesday,oe:team:fe409cbd7c72eb621d9c4e7eac75936,CLG Academy,mid,2019-07-13,1,328.42651297,535.37905996,-1.09201654
oe:player:cc3a241d9b6a251a9038c7d47131df0,Tuesday,oe:team:fe409cbd7c72eb621d9c4e7eac75936,CLG Academy,mid,2019-07-17,1,513.34821429,499.86298985,0.07115683
oe:player:cc3a241d9b6a251a9038c7d47131df0,Tuesday,oe:team:fe409cbd7c72eb621d9c4e7eac75936,CLG Academy,mid,2019-07-20,1,585.37644788,460.22853736,0.64887267
oe:player:cc3a241d9b6a251a9038c7d47131df0,Tuesday,oe:team:fe409cbd7c72eb621d9c4e7eac75936,CLG Academy,mid,2019-07-21,1,332.83582090,502.90238389,-0.88176898
oe:player:cc3a241d9b6a251a9038c7d47131df0,Tuesday,oe:team:fe409cbd7c72eb621d9c4e7eac75936,CLG Academy,mid,2019-07-26,1,970.40353090,521.76461172,2.32612381
oe:player:cc3a241d9b6a251a9038c7d47131df0,Tuesday,oe:team:fe409cbd7c72eb621d9c4e7eac75936,CLG Academy,mid,2019-07-27,1,1292.04375932,484.71450685,4.18587803
oe:player:ce280cfcaa8d028bf7400e597eb666c,Yusui,oe:team:2b688a6cc8da916b7b3aaf2bd615605,Echo Fox Academy,mid,2019-02-21,1,555.45513234,467.63308767,0.47367211
oe:player:ce280cfcaa8d028bf7400e597eb666c,Yusui,oe:team:2b688a6cc8da916b7b3aaf2bd615605,Echo Fox Academy,mid,2019-02-23,1,721.50910668,527.62277327,1.04573458
oe:player:ce280cfcaa8d028bf7400e597eb666c,Yusui,oe:team:2b688a6cc8da916b7b3aaf2bd615605,Echo Fox Academy,mid,2019-03-01,1,818.47188264,464.27446710,1.91037954
oe:player:ce280cfcaa8d028bf7400e597eb666c,Yusui,oe:team:2b688a6cc8da916b7b3aaf2bd615605,Echo Fox Academy,mid,2019-03-02,1,286.32796781,467.26842193,-0.97591040
oe:player:ce280cfcaa8d028bf7400e597eb666c,Yusui,oe:team:2b688a6cc8da916b7b3aaf2bd615605,Echo Fox Academy,mid,2019-03-08,1,346.10354223,462.51012585,-0.62784409
oe:player:ce280cfcaa8d028bf7400e597eb666c,Yusui,oe:team:2b688a6cc8da916b7b3aaf2bd615605,Echo Fox Academy,mid,2019-03-09,1,529.97613365,515.71224640,0.07693291
oe:player:ce280cfcaa8d028bf7400e597eb666c,Yusui,oe:team:2b688a6cc8da916b7b3aaf2bd615605,Echo Fox Academy,mid,2019-03-14,1,342.77052632,446.78531256,-0.56100838
oe:player:ce280cfcaa8d028bf7400e597eb666c,Yusui,oe:team:2b688a6cc8da916b7b3aaf2bd615605,Echo Fox Academy,mid,2019-03-16,1,656.68750000,523.39806091,0.71890253
oe:player:ce280cfcaa8d028bf7400e597eb666c,Yusui,oe:team:2b688a6cc8da916b7b3aaf2bd615605,Echo Fox Academy,mid,2019-03-21,3,436.42627160,475.66008172,-0.21160930
oe:player:ce280cfcaa8d028bf7400e597eb666c,Yusui,oe:team:2b688a6cc8da916b7b3aaf2bd615605,Echo Fox Academy,mid,2019-03-22,2,649.47765382,500.71409199,0.80236290
oe:player:ce280cfcaa8d028bf7400e597eb666c,Yusui,oe:team:2b688a6cc8da916b7b3aaf2bd615605,Echo Fox Academy,mid,2019-03-28,3,335.70437783,457.15854597,-0.65506847
oe:player:ce280cfcaa8d028bf7400e597eb666c,Yusui,oe:team:2b688a6cc8da916b7b3aaf2bd615605,Echo Fox Academy,mid,2019-06-13,2,489.03010121,528.49404036,-0.20526429
oe:player:ce280cfcaa8d028bf7400e597eb666c,Yusui,oe:team:2b688a6cc8da916b7b3aaf2bd615605,Echo Fox Academy,mid,2019-06-14,1,905.67415730,491.31025665,2.15523624
oe:player:ce280cfcaa8d028bf7400e597eb666c,Yusui,oe:team:2b688a6cc8da916b7b3aaf2bd615605,Echo Fox Academy,mid,2019-06-22,1,543.41968912,427.57541213,0.61126992
oe:player:ce280cfcaa8d028bf7400e597eb666c,Yusui,oe:team:2b688a6cc8da916b7b3aaf2bd615605,Echo Fox Academy,mid,2019-06-24,1,295.47703180,514.91117547,-1.15787758
oe:player:ce280cfcaa8d028bf7400e597eb666c,Yusui,oe:team:2b688a6cc8da916b7b3aaf2bd615605,Echo Fox Academy,mid,2019-07-04,1,491.57894737,512.40753905,-0.10990523
oe:player:ce280cfcaa8d028bf7400e597eb666c,Yusui,oe:team:2b688a6cc8da916b7b3aaf2bd615605,Echo Fox Academy,mid,2019-07-06,1,1453.47767253,584.75824922,4.58392995
oe:player:ce280cfcaa8d028bf7400e597eb666c,Yusui,oe:team:2b688a6cc8da916b7b3aaf2bd615605,Echo Fox Academy,mid,2019-07-11,1,343.54789660,482.24022037,-0.73183111
oe:player:ce280cfcaa8d028bf7400e597eb666c,Yusui,oe:team:2b688a6cc8da916b7b3aaf2bd615605,Echo Fox Academy,mid,2019-07-12,1,606.42223536,486.65317239,0.63197965
oe:player:ce280cfcaa8d028bf7400e597eb666c,Yusui,oe:team:2b688a6cc8da916b7b3aaf2bd615605,Echo Fox Academy,mid,2019-07-17,1,548.11501597,476.06903711,0.38016155
oe:player:ce280cfcaa8d028bf7400e597eb666c,Yusui,oe:team:2b688a6cc8da916b7b3aaf2bd615605,Echo Fox Academy,mid,2019-07-18,1,516.06145251,543.43048625,-0.14190423
oe:player:ce280cfcaa8d028bf7400e597eb666c,Yusui,oe:team:2b688a6cc8da916b7b3aaf2bd615605,Echo Fox Academy,mid,2019-07-20,1,594.66377440,469.43832559,0.64927470
oe:player:ce280cfcaa8d028bf7400e597eb666c,Yusui,oe:team:2b688a6cc8da916b7b3aaf2bd615605,Echo Fox Academy,mid,2019-07-25,1,508.50311850,491.51395373,0.08808621
oe:player:ce280cfcaa8d028bf7400e597eb666c,Yusui,oe:team:2b688a6cc8da916b7b3aaf2bd615605,Echo Fox Academy,mid,2019-07-27,1,930.55196420,602.65721451,1.70008386
oe:player:ce280cfcaa8d028bf7400e597eb666c,Yusui,oe:team:2b688a6cc8da916b7b3aaf2bd615605,Echo Fox Academy,mid,2019-08-01,3,550.47546604,506.03186060,0.23043326
oe:player:ce280cfcaa8d028bf7400e597eb666c,Yusui,oe:team:2b688a6cc8da916b7b3aaf2bd615605,Echo Fox Academy,mid,2019-08-02,2,570.55343098,548.47861534,0.11445452
oe:player:d25b4bd4c72aa2c07ee87adb10b59f1,Gate,oe:team:8ec1d9b925364a4f40c174a30023afc,OpTic Gaming Academy,bot,2019-07-26,1,269.32016270,431.16923527,-0.68769151
oe:player:d25b4bd4c72aa2c07ee87adb10b59f1,Gate,oe:team:8ec1d9b925364a4f40c174a30023afc,OpTic Gaming Academy,sup,2019-02-22,2,151.49955330,150.97827017,0.00814168
oe:player:d25b4bd4c72aa2c07ee87adb10b59f1,Gate,oe:team:8ec1d9b925364a4f40c174a30023afc,OpTic Gaming Academy,sup,2019-03-01,2,102.73990778,148.74137609,-0.71847522
oe:player:d25b4bd4c72aa2c07ee87adb10b59f1,Gate,oe:team:8ec1d9b925364a4f40c174a30023afc,OpTic Gaming Academy,sup,2019-03-07,1,185.94849785,209.13494557,-0.36213818
oe:player:d25b4bd4c72aa2c07ee87adb10b59f1,Gate,oe:team:8ec1d9b925364a4f40c174a30023afc,OpTic Gaming Academy,sup,2019-03-09,1,105.33632287,136.55684222,-0.48761855
oe:player:d25b4bd4c72aa2c07ee87adb10b59f1,Gate,oe:team:8ec1d9b925364a4f40c174a30023afc,OpTic Gaming Academy,sup,2019-03-15,1,263.16248637,155.36065029,1.68370599
oe:player:d25b4bd4c72aa2c07ee87adb10b59f1,Gate,oe:team:8ec1d9b925364a4f40c174a30023afc,OpTic Gaming Academy,sup,2019-03-16,1,118.97278314,200.16127356,-1.26804471
oe:player:d25b4bd4c72aa2c07ee87adb10b59f1,Gate,oe:team:8ec1d9b925364a4f40c174a30023afc,OpTic Gaming Academy,sup,2019-05-30,1,136.95652174,166.70746211,-0.48088316
oe:player:d25b4bd4c72aa2c07ee87adb10b59f1,Gate,oe:team:8ec1d9b925364a4f40c174a30023afc,OpTic Gaming Academy,sup,2019-06-01,1,106.28382109,118.83312044,-0.20284222
oe:player:d25b4bd4c72aa2c07ee87adb10b59f1,Gate,oe:team:8ec1d9b925364a4f40c174a30023afc,OpTic Gaming Academy,sup,2019-06-06,1,465.36855037,212.82961996,4.08194556
oe:player:d25b4bd4c72aa2c07ee87adb10b59f1,Gate,oe:team:8ec1d9b925364a4f40c174a30023afc,OpTic Gaming Academy,sup,2019-06-08,1,112.38341969,187.18325100,-1.20903672
oe:player:d25b4bd4c72aa2c07ee87adb10b59f1,Gate,oe:team:8ec1d9b925364a4f40c174a30023afc,OpTic Gaming Academy,sup,2019-06-12,1,149.34169279,167.61872061,-0.29542310
oe:player:d25b4bd4c72aa2c07ee87adb10b59f1,Gate,oe:team:8ec1d9b925364a4f40c174a30023afc,OpTic Gaming Academy,sup,2019-06-14,1,320.83228247,114.07841278,3.34189283
oe:player:d25b4bd4c72aa2c07ee87adb10b59f1,Gate,oe:team:8ec1d9b925364a4f40c174a30023afc,OpTic Gaming Academy,sup,2019-06-17,1,149.49940405,198.16299762,-0.62330634
oe:player:d25b4bd4c72aa2c07ee87adb10b59f1,Gate,oe:team:8ec1d9b925364a4f40c174a30023afc,OpTic Gaming Academy,sup,2019-06-21,1,108.14642650,75.13393818,0.42283957
oe:player:d25b4bd4c72aa2c07ee87adb10b59f1,Gate,oe:team:8ec1d9b925364a4f40c174a30023afc,OpTic Gaming Academy,sup,2019-06-22,1,185.59585492,150.75070981,0.44631311
oe:player:d25b4bd4c72aa2c07ee87adb10b59f1,Gate,oe:team:8ec1d9b925364a4f40c174a30023afc,OpTic Gaming Academy,sup,2019-07-05,2,116.89825763,145.40236522,-0.36509410
oe:player:d25b4bd4c72aa2c07ee87adb10b59f1,Gate,oe:team:8ec1d9b925364a4f40c174a30023afc,OpTic Gaming Academy,sup,2019-07-12,1,391.58803222,263.21483190,1.64426471
oe:player:d25b4bd4c72aa2c07ee87adb10b59f1,Gate,oe:team:8ec1d9b925364a4f40c174a30023afc,OpTic Gaming Academy,sup,2019-07-13,1,278.64037364,251.97526456,0.34153934
oe:player:d25b4bd4c72aa2c07ee87adb10b59f1,Gate,oe:team:8ec1d9b925364a4f40c174a30023afc,OpTic Gaming Academy,sup,2019-07-18,2,128.44402007,119.64856517,0.10295456
oe:player:d25b4bd4c72aa2c07ee87adb10b59f1,Gate,oe:team:8ec1d9b925364a4f40c174a30023afc,OpTic Gaming Academy,sup,2019-07-19,1,258.16901408,130.86934540,1.49009709
oe:player:d25b4bd4c72aa2c07ee87adb10b59f1,Gate,oe:team:8ec1d9b925364a4f40c174a30023afc,OpTic Gaming Academy,sup,2019-07-25,1,162.57303371,128.50840927,0.39874100
oe:player:d3b78a30a7132a543fe9f14a5a25918,Soligo,oe:team:acbc961cec36a59ede6695669ad7a19,100 Thieves Academy,mid,2019-02-22,1,1190.92227979,595.51262490,3.21136849
oe:player:d3b78a30a7132a543fe9f14a5a25918,Soligo,oe:team:acbc961cec36a59ede6695669ad7a19,100 Thieves Academy,mid,2019-02-23,1,341.62241888,529.89144687,-1.01543739
oe:player:d3b78a30a7132a543fe9f14a5a25918,Soligo,oe:team:acbc961cec36a59ede6695669ad7a19,100 Thieves Academy,mid,2019-03-01,1,430.27858628,469.27710949,-0.21034027
oe:player:d3b78a30a7132a543fe9f14a5a25918,Soligo,oe:team:acbc961cec36a59ede6695669ad7a19,100 Thieves Academy,mid,2019-03-02,1,637.47163695,516.81070447,0.65079011
oe:player:d3b78a30a7132a543fe9f14a5a25918,Soligo,oe:team:acbc961cec36a59ede6695669ad7a19,100 Thieves Academy,mid,2019-03-21,3,593.67052029,509.01418179,0.45659773
oe:player:d3b78a30a7132a543fe9f14a5a25918,Soligo,oe:team:acbc961cec36a59ede6695669ad7a19,100 Thieves Academy,mid,2019-03-22,2,504.61640798,521.02432838,-0.08849685
oe:player:d3b78a30a7132a543fe9f14a5a25918,Soligo,oe:team:acbc961cec36a59ede6695669ad7a19,100 Thieves Academy,mid,2019-06-13,1,474.10004275,480.03665233,-0.03087816
oe:player:d3b78a30a7132a543fe9f14a5a25918,Soligo,oe:team:acbc961cec36a59ede6695669ad7a19,100 Thieves Academy,mid,2019-06-14,2,604.29378495,569.07789114,0.18316888
oe:player:d3b78a30a7132a543fe9f14a5a25918,Soligo,oe:team:acbc961cec36a59ede6695669ad7a19,100 Thieves Academy,mid,2019-06-20,1,705.82805430,505.65541276,1.05624134
oe:player:d3b78a30a7132a543fe9f14a5a25918,Soligo,oe:team:acbc961cec36a59ede6695669ad7a19,100 Thieves Academy,mid,2019-06-21,1,435.23316062,523.75210513,-0.46708365
oe:player:d3b78a30a7132a543fe9f14a5a25918,Soligo,oe:team:acbc961cec36a59ede6695669ad7a19,100 Thieves Academy,mid,2019-07-05,1,604.29035753,513.39754388,0.47960973
oe:player:d3b78a30a7132a543fe9f14a5a25918,Soligo,oe:team:acbc961cec36a59ede6695669ad7a19,100 Thieves Academy,mid,2019-07-07,1,354.49905482,497.49842606,-0.75455790
oe:player:d3b78a30a7132a543fe9f14a5a25918,Soligo,oe:team:acbc961cec36a59ede6695669ad7a19,100 Thieves Academy,mid,2019-07-11,1,431.49518500,520.75205325,-0.47097742
oe:player:d3b78a30a7132a543fe9f14a5a25918,Soligo,oe:team:acbc961cec36a59ede6695669ad7a19,100 Thieves Academy,mid,2019-07-13,1,650.56564608,525.20751045,0.66147124
oe:player:d3b78a30a7132a543fe9f14a5a25918,Soligo,oe:team:acbc961cec36a59ede6695669ad7a19,100 Thieves Academy,mid,2019-07-17,1,612.28794643,585.62084021,0.14071304
oe:player:d3b78a30a7132a543fe9f14a5a25918,Soligo,oe:team:acbc961cec36a59ede6695669ad7a19,100 Thieves Academy,mid,2019-07-19,2,540.11482096,595.39006733,-0.28659365
oe:player:d3b78a30a7132a543fe9f14a5a25918,Soligo,oe:team:acbc961cec36a59ede6695669ad7a19,100 Thieves Academy,mid,2019-07-26,1,800.05755396,613.10982849,0.96929521
oe:player:d3b78a30a7132a543fe9f14a5a25918,Soligo,oe:team:acbc961cec36a59ede6695669ad7a19,100 Thieves Academy,mid,2019-07-28,1,227.09762533,566.09074580,-1.75762720
oe:player:d3b78a30a7132a543fe9f14a5a25918,Soligo,oe:team:acbc961cec36a59ede6695669ad7a19,100 Thieves Academy,mid,2019-08-01,3,558.23017041,587.59066436,-0.15222965
oe:player:d3b78a30a7132a543fe9f14a5a25918,Soligo,oe:team:acbc961cec36a59ede6695669ad7a19,100 Thieves Academy,mid,2019-08-02,2,505.94173267,617.36521870,-0.57771364
oe:player:d3b78a30a7132a543fe9f14a5a25918,Soligo,oe:team:acbc961cec36a59ede6695669ad7a19,100 Thieves Academy,mid,2019-08-09,3,517.03337972,535.53040190,-0.09590422
oe:player:d3b78a30a7132a543fe9f14a5a25918,Soligo,oe:team:acbc961cec36a59ede6695669ad7a19,100 Thieves Academy,mid,2019-08-10,1,613.44368187,592.54663667,0.10834797
oe:player:d3b78a30a7132a543fe9f14a5a25918,Soligo,oe:team:acbc961cec36a59ede6695669ad7a19,100 Thieves Academy,mid,2019-08-16,3,472.07723838,529.35135460,-0.29695749
oe:player:d3b78a30a7132a543fe9f14a5a25918,Soligo,oe:team:acbc961cec36a59ede6695669ad7a19,100 Thieves Academy,mid,2019-08-17,1,563.44370861,551.76450576,0.06055487
oe:player:d405d30cc615b2947aa5af369ad9fba,Matt Elento,oe:team:3406c21f701022dbe9d9bf397b41465,Team Liquid Academy,sup,2019-02-22,1,116.00185099,157.16442651,-0.64289884
oe:player:d405d30cc615b2947aa5af369ad9fba,Matt Elento,oe:team:3406c21f701022dbe9d9bf397b41465,Team Liquid Academy,sup,2019-02-23,1,108.47539016,201.38268480,-1.45107518
oe:player:d405d30cc615b2947aa5af369ad9fba,Matt Elento,oe:team:3406c21f701022dbe9d9bf397b41465,Team Liquid Academy,sup,2019-02-28,1,122.08333333,158.51861464,-0.56906546
oe:player:d405d30cc615b2947aa5af369ad9fba,Matt Elento,oe:team:3406c21f701022dbe9d9bf397b41465,Team Liquid Academy,sup,2019-03-02,1,206.39065817,168.09031208,0.59819503
oe:player:d405d30cc615b2947aa5af369ad9fba,Matt Elento,oe:team:3406c21f701022dbe9d9bf397b41465,Team Liquid Academy,sup,2019-03-08,1,102.56544503,175.76165079,-1.14321699
oe:player:d405d30cc615b2947aa5af369ad9fba,Matt Elento,oe:team:3406c21f701022dbe9d9bf397b41465,Team Liquid Academy,sup,2019-03-09,1,149.56600362,171.46189985,-0.34198167
oe:player:d405d30cc615b2947aa5af369ad9fba,Matt Elento,oe:team:3406c21f701022dbe9d9bf397b41465,Team Liquid Academy,sup,2019-03-14,1,158.37473684,151.54825140,0.10661965
oe:player:d405d30cc615b2947aa5af369ad9fba,Matt Elento,oe:team:3406c21f701022dbe9d9bf397b41465,Team Liquid Academy,sup,2019-03-15,1,119.40000000,110.79409481,0.13441157
oe:player:d405d30cc615b2947aa5af369ad9fba,Matt Elento,oe:team:3406c21f701022dbe9d9bf397b41465,Team Liquid Academy,sup,2019-03-22,3,175.68403894,207.07600199,-0.49029625
oe:player:d405d30cc615b2947aa5af369ad9fba,Matt Elento,oe:team:3406c21f701022dbe9d9bf397b41465,Team Liquid Academy,sup,2019-03-29,3,165.59936064,114.30815526,0.82905201
oe:player:d405d30cc615b2947aa5af369ad9fba,Matt Elento,oe:team:3406c21f701022dbe9d9bf397b41465,Team Liquid Academy,sup,2019-03-30,1,168.00783801,101.17712086,1.08022691
oe:player:d405d30cc615b2947aa5af369ad9fba,Matt Elento,oe:team:3406c21f701022dbe9d9bf397b41465,Team Liquid Academy,sup,2019-05-31,1,184.69387755,145.69452601,0.63037105
oe:player:d405d30cc615b2947aa5af369ad9fba,Matt Elento,oe:team:3406c21f701022dbe9d9bf397b41465,Team Liquid Academy,sup,2019-06-02,1,134.47405330,127.11805256,0.11889967
oe:player:d405d30cc615b2947aa5af369ad9fba,Matt Elento,oe:team:3406c21f701022dbe9d9bf397b41465,Team Liquid Academy,sup,2019-06-06,1,225.16189582,205.92335509,0.31096463
oe:player:d405d30cc615b2947aa5af369ad9fba,Matt Elento,oe:team:3406c21f701022dbe9d9bf397b41465,Team Liquid Academy,sup,2019-06-07,1,152.42115028,147.43933174,0.08052427
oe:player:d405d30cc615b2947aa5af369ad9fba,Matt Elento,oe:team:3406c21f701022dbe9d9bf397b41465,Team Liquid Academy,sup,2019-06-12,1,128.88438134,170.69058968,-0.67574004
oe:player:d405d30cc615b2947aa5af369ad9fba,Matt Elento,oe:team:3406c21f701022dbe9d9bf397b41465,Team Liquid Academy,sup,2019-06-13,1,142.33263158,180.79285203,-0.62165673
oe:player:d405d30cc615b2947aa5af369ad9fba,Matt Elento,oe:team:3406c21f701022dbe9d9bf397b41465,Team Liquid Academy,sup,2019-06-14,1,147.36443884,140.08685429,0.11763218
oe:player:d405d30cc615b2947aa5af369ad9fba,Matt Elento,oe:team:3406c21f701022dbe9d9bf397b41465,Team Liquid Academy,sup,2019-06-20,1,189.10602911,145.56928173,0.55763927
oe:player:d405d30cc615b2947aa5af369ad9fba,Matt Elento,oe:team:3406c21f701022dbe9d9bf397b41465,Team Liquid Academy,sup,2019-06-21,1,111.66756032,203.87628671,-1.18105301
oe:player:d405d30cc615b2947aa5af369ad9fba,Matt Elento,oe:team:3406c21f701022dbe9d9bf397b41465,Team Liquid Academy,sup,2019-07-05,1,137.31914894,190.32840786,-0.67896768
oe:player:d405d30cc615b2947aa5af369ad9fba,Matt Elento,oe:team:3406c21f701022dbe9d9bf397b41465,Team Liquid Academy,sup,2019-07-07,1,78.82797732,201.96486090,-1.57719548
oe:player:d405d30cc615b2947aa5af369ad9fba,Matt Elento,oe:team:3406c21f701022dbe9d9bf397b41465,Team Liquid Academy,sup,2019-07-11,1,217.52678571,206.34751043,0.14318945
oe:player:d405d30cc615b2947aa5af369ad9fba,Matt Elento,oe:team:3406c21f701022dbe9d9bf397b41465,Team Liquid Academy,sup,2019-07-13,1,137.67146974,206.12966610,-0.87684498
oe:player:d405d30cc615b2947aa5af369ad9fba,Matt Elento,oe:team:3406c21f701022dbe9d9bf397b41465,Team Liquid Academy,sup,2019-07-17,1,82.68907563,149.53981834,-0.85625595
oe:player:d405d30cc615b2947aa5af369ad9fba,Matt Elento,oe:team:3406c21f701022dbe9d9bf397b41465,Team Liquid Academy,sup,2019-07-18,1,170.60796646,174.14217953,-0.04136948
oe:player:d405d30cc615b2947aa5af369ad9fba,Matt Elento,oe:team:3406c21f701022dbe9d9bf397b41465,Team Liquid Academy,sup,2019-07-19,1,189.89648033,135.69180245,0.63448895
oe:player:d405d30cc615b2947aa5af369ad9fba,Matt Elento,oe:team:3406c21f701022dbe9d9bf397b41465,Team Liquid Academy,sup,2019-07-25,1,89.49438202,144.86135546,-0.64809411
oe:player:d405d30cc615b2947aa5af369ad9fba,Matt Elento,oe:team:3406c21f701022dbe9d9bf397b41465,Team Liquid Academy,sup,2019-07-26,1,194.69387755,142.81903048,0.60721728
oe:player:d405d30cc615b2947aa5af369ad9fba,Matt Elento,oe:team:3406c21f701022dbe9d9bf397b41465,Team Liquid Academy,sup,2019-08-02,3,169.81228248,132.67959933,0.43465394
oe:player:d67c1e27e0d8409bec2b32c592172b2,Ryu,oe:team:acbc961cec36a59ede6695669ad7a19,100 Thieves Academy,mid,2019-05-30,1,398.53530032,575.43476354,-0.92010943
oe:player:d67c1e27e0d8409bec2b32c592172b2,Ryu,oe:team:acbc961cec36a59ede6695669ad7a19,100 Thieves Academy,mid,2019-06-01,1,328.32689122,549.23886123,-1.14903224
oe:player:d67c1e27e0d8409bec2b32c592172b2,Ryu,oe:team:acbc961cec36a59ede6695669ad7a19,100 Thieves Academy,mid,2019-06-06,1,221.07930549,488.21792725,-1.38947152
oe:player:d67c1e27e0d8409bec2b32c592172b2,Ryu,oe:team:acbc961cec36a59ede6695669ad7a19,100 Thieves Academy,mid,2019-06-07,1,359.48406677,567.92882768,-1.08418639
oe:player:d9c7d53c5d367ca3d5e760ba0355d9e,MikeYeung,oe:team:3406c21f701022dbe9d9bf397b41465,Team Liquid Academy,jng,2019-02-22,1,178.00092550,266.24808003,-0.82873450
oe:player:d9c7d53c5d367ca3d5e760ba0355d9e,MikeYeung,oe:team:3406c21f701022dbe9d9bf397b41465,Team Liquid Academy,jng,2019-02-23,1,241.69267707,330.32371047,-0.83233953
oe:player:d9c7d53c5d367ca3d5e760ba0355d9e,MikeYeung,oe:team:3406c21f701022dbe9d9bf397b41465,Team Liquid Academy,jng,2019-02-28,1,55.75000000,256.28384380,-1.88322577
oe:player:d9c7d53c5d367ca3d5e760ba0355d9e,MikeYeung,oe:team:3406c21f701022dbe9d9bf397b41465,Team Liquid Academy,jng,2019-03-02,1,269.72399151,245.10266403,0.23122041
oe:player:d9c7d53c5d367ca3d5e760ba0355d9e,MikeYeung,oe:team:3406c21f701022dbe9d9bf397b41465,Team Liquid Academy,jng,2019-03-08,1,205.75916230,262.71051904,-0.53483372
oe:player:d9c7d53c5d367ca3d5e760ba0355d9e,MikeYeung,oe:team:3406c21f701022dbe9d9bf397b41465,Team Liquid Academy,jng,2019-03-09,1,252.64014467,268.00740246,-0.14431487
oe:player:d9c7d53c5d367ca3d5e760ba0355d9e,MikeYeung,oe:team:3406c21f701022dbe9d9bf397b41465,Team Liquid Academy,jng,2019-03-14,1,459.10736842,280.54385861,1.67690100
oe:player:d9c7d53c5d367ca3d5e760ba0355d9e,MikeYeung,oe:team:3406c21f701022dbe9d9bf397b41465,Team Liquid Academy,jng,2019-03-15,1,163.55294118,199.82263297,-0.34061093
oe:player:d9c7d53c5d367ca3d5e760ba0355d9e,MikeYeung,oe:team:3406c21f701022dbe9d9bf397b41465,Team Liquid Academy,jng,2019-03-22,3,290.18007338,304.69978326,-0.13635550
oe:player:d9c7d53c5d367ca3d5e760ba0355d9e,MikeYeung,oe:team:3406c21f701022dbe9d9bf397b41465,Team Liquid Academy,jng,2019-03-29,3,222.21666248,237.08974756,-0.13278450
oe:player:d9c7d53c5d367ca3d5e760ba0355d9e,MikeYeung,oe:team:3406c21f701022dbe9d9bf397b41465,Team Liquid Academy,jng,2019-03-30,1,251.40431091,251.34506627,0.00052893
oe:player:d9c7d53c5d367ca3d5e760ba0355d9e,MikeYeung,oe:team:3406c21f701022dbe9d9bf397b41465,Team Liquid Academy,jng,2019-05-31,1,256.85131195,268.73493133,-0.10609503
oe:player:d9c7d53c5d367ca3d5e760ba0355d9e,MikeYeung,oe:team:3406c21f701022dbe9d9bf397b41465,Team Liquid Academy,jng,2019-06-02,1,224.43197756,186.03471480,0.34280456
oe:player:d9c7d53c5d367ca3d5e760ba0355d9e,MikeYeung,oe:team:3406c21f701022dbe9d9bf397b41465,Team Liquid Academy,jng,2019-06-06,1,402.00844674,268.09599388,1.19554873
oe:player:d9c7d53c5d367ca3d5e760ba0355d9e,MikeYeung,oe:team:3406c21f701022dbe9d9bf397b41465,Team Liquid Academy,jng,2019-06-07,1,353.79406308,305.10745264,0.43466619
oe:player:d9c7d53c5d367ca3d5e760ba0355d9e,MikeYeung,oe:team:3406c21f701022dbe9d9bf397b41465,Team Liquid Academy,jng,2019-06-12,1,214.68559838,296.14119541,-0.72722240
oe:player:d9c7d53c5d367ca3d5e760ba0355d9e,MikeYeung,oe:team:3406c21f701022dbe9d9bf397b41465,Team Liquid Academy,jng,2019-06-13,1,149.50736842,218.91735145,-0.61968111
oe:player:d9c7d53c5d367ca3d5e760ba0355d9e,MikeYeung,oe:team:3406c21f701022dbe9d9bf397b41465,Team Liquid Academy,jng,2019-06-14,1,240.45397226,260.58531603,-0.17972938
oe:player:d9c7d53c5d367ca3d5e760ba0355d9e,MikeYeung,oe:team:3406c21f701022dbe9d9bf397b41465,Team Liquid Academy,jng,2019-06-20,1,241.12266112,215.56763139,0.22406682
oe:player:d9c7d53c5d367ca3d5e760ba0355d9e,MikeYeung,oe:team:3406c21f701022dbe9d9bf397b41465,Team Liquid Academy,jng,2019-06-21,1,128.20375335,262.16468124,-1.17457111
oe:player:db3e3f51c9107e26c9bccf9a188ce2e,Fill,oe:team:2b688a6cc8da916b7b3aaf2bd615605,Echo Fox Academy,sup,2019-02-21,1,220.86507424,145.10226126,1.18330361
oe:player:db3e3f51c9107e26c9bccf9a188ce2e,Fill,oe:team:2b688a6cc8da916b7b3aaf2bd615605,Echo Fox Academy,sup,2019-02-23,1,134.90893322,200.33893193,-1.02192026
oe:player:db3e3f51c9107e26c9bccf9a188ce2e,Fill,oe:team:2b688a6cc8da916b7b3aaf2bd615605,Echo Fox Academy,sup,2019-03-01,1,133.71638142,185.29615416,-0.80560012
oe:player:db3e3f51c9107e26c9bccf9a188ce2e,Fill,oe:team:2b688a6cc8da916b7b3aaf2bd615605,Echo Fox Academy,sup,2019-03-02,1,188.63179074,201.31492202,-0.19809184
oe:player:db3e3f51c9107e26c9bccf9a188ce2e,Fill,oe:team:2b688a6cc8da916b7b3aaf2bd615605,Echo Fox Academy,sup,2019-03-08,1,237.01634877,185.90971252,0.79821043
oe:player:db3e3f51c9107e26c9bccf9a188ce2e,Fill,oe:team:2b688a6cc8da916b7b3aaf2bd615605,Echo Fox Academy,sup,2019-03-09,1,214.31026253,196.93413999,0.27138946
oe:player:db3e3f51c9107e26c9bccf9a188ce2e,Fill,oe:team:2b688a6cc8da916b7b3aaf2bd615605,Echo Fox Academy,sup,2019-03-14,1,205.99578947,115.54124171,1.41276688
oe:player:db3e3f51c9107e26c9bccf9a188ce2e,Fill,oe:team:2b688a6cc8da916b7b3aaf2bd615605,Echo Fox Academy,sup,2019-03-16,1,183.75000000,224.34775456,-0.63407716
oe:player:db3e3f51c9107e26c9bccf9a188ce2e,Fill,oe:team:2b688a6cc8da916b7b3aaf2bd615605,Echo Fox Academy,sup,2019-03-21,3,139.81909274,173.44643720,-0.52520962
oe:player:db3e3f51c9107e26c9bccf9a188ce2e,Fill,oe:team:2b688a6cc8da916b7b3aaf2bd615605,Echo Fox Academy,sup,2019-03-22,2,173.36048365,189.32964541,-0.24941480
oe:player:db3e3f51c9107e26c9bccf9a188ce2e,Fill,oe:team:2b688a6cc8da916b7b3aaf2bd615605,Echo Fox Academy,sup,2019-03-28,3,116.68883021,144.50905776,-0.43451100
oe:player:db3e3f51c9107e26c9bccf9a188ce2e,Fill,oe:team:2b688a6cc8da916b7b3aaf2bd615605,Echo Fox Academy,sup,2019-05-31,2,152.80754350,111.33174649,0.67039939
oe:player:db3e3f51c9107e26c9bccf9a188ce2e,Fill,oe:team:2b688a6cc8da916b7b3aaf2bd615605,Echo Fox Academy,sup,2019-06-07,1,396.41518501,175.56731064,3.56970309
oe:player:db3e3f51c9107e26c9bccf9a188ce2e,Fill,oe:team:2b688a6cc8da916b7b3aaf2bd615605,Echo Fox Academy,sup,2019-06-10,1,148.40282232,196.53945869,-0.77806273
oe:player:db3e3f51c9107e26c9bccf9a188ce2e,Fill,oe:team:2b688a6cc8da916b7b3aaf2bd615605,Echo Fox Academy,sup,2019-06-13,2,172.37051957,192.77599156,-0.32982648
oe:player:db3e3f51c9107e26c9bccf9a188ce2e,Fill,oe:team:2b688a6cc8da916b7b3aaf2bd615605,Echo Fox Academy,sup,2019-06-14,1,158.25842697,222.14434079,-1.03262820
oe:player:db3e3f51c9107e26c9bccf9a188ce2e,Fill,oe:team:2b688a6cc8da916b7b3aaf2bd615605,Echo Fox Academy,sup,2019-06-22,1,160.37996546,137.42924822,0.29396365
oe:player:db3e3f51c9107e26c9bccf9a188ce2e,Fill,oe:team:2b688a6cc8da916b7b3aaf2bd615605,Echo Fox Academy,sup,2019-06-24,1,285.90106007,264.04046115,0.28000090
oe:player:db3e3f51c9107e26c9bccf9a188ce2e,Fill,oe:team:2b688a6cc8da916b7b3aaf2bd615605,Echo Fox Academy,sup,2019-07-04,1,229.05263158,221.23839530,0.10008844
oe:player:db3e3f51c9107e26c9bccf9a188ce2e,Fill,oe:team:2b688a6cc8da916b7b3aaf2bd615605,Echo Fox Academy,sup,2019-07-06,1,192.78755074,159.70293658,0.42376340
oe:player:db3e3f51c9107e26c9bccf9a188ce2e,Fill,oe:team:2b688a6cc8da916b7b3aaf2bd615605,Echo Fox Academy,sup,2019-07-11,1,267.18702484,277.87947775,-0.13695400
oe:player:db3e3f51c9107e26c9bccf9a188ce2e,Fill,oe:team:2b688a6cc8da916b7b3aaf2bd615605,Echo Fox Academy,sup,2019-07-12,1,170.84565346,187.81246979,-0.21731901
oe:player:db3e3f51c9107e26c9bccf9a188ce2e,Fill,oe:team:2b688a6cc8da916b7b3aaf2bd615605,Echo Fox Academy,sup,2019-07-17,1,187.79552716,159.78601074,0.35875914
oe:player:db3e3f51c9107e26c9bccf9a188ce2e,Fill,oe:team:2b688a6cc8da916b7b3aaf2bd615605,Echo Fox Academy,sup,2019-07-18,1,169.94413408,170.69959972,-0.00884305
oe:player:db3e3f51c9107e26c9bccf9a188ce2e,Fill,oe:team:2b688a6cc8da916b7b3aaf2bd615605,Echo Fox Academy,sup,2019-07-20,1,327.27982646,207.29530575,1.40447015
oe:player:db3e3f51c9107e26c9bccf9a188ce2e,Fill,oe:team:2b688a6cc8da916b7b3aaf2bd615605,Echo Fox Academy,sup,2019-07-25,1,159.32432432,180.41970136,-0.24693041
oe:player:db3e3f51c9107e26c9bccf9a188ce2e,Fill,oe:team:2b688a6cc8da916b7b3aaf2bd615605,Echo Fox Academy,sup,2019-07-27,1,286.78269518,241.39170630,0.53132095
oe:player:db3e3f51c9107e26c9bccf9a188ce2e,Fill,oe:team:2b688a6cc8da916b7b3aaf2bd615605,Echo Fox Academy,sup,2019-08-01,3,135.50486080,179.64854447,-0.51672070
oe:player:db3e3f51c9107e26c9bccf9a188ce2e,Fill,oe:team:2b688a6cc8da916b7b3aaf2bd615605,Echo Fox Academy,sup,2019-08-02,2,251.92312098,218.62892619,0.38972280
oe:player:dc760d6884ce21614b2389ac1c05ec2,FakeGod,oe:team:acbc961cec36a59ede6695669ad7a19,100 Thieves Academy,top,2019-02-22,1,387.64766839,467.31097734,-0.45847357
oe:player:dc760d6884ce21614b2389ac1c05ec2,FakeGod,oe:team:acbc961cec36a59ede6695669ad7a19,100 Thieves Academy,top,2019-02-23,1,199.05604720,433.61885950,-1.34994204
oe:player:dc760d6884ce21614b2389ac1c05ec2,FakeGod,oe:team:acbc961cec36a59ede6695669ad7a19,100 Thieves Academy,top,2019-03-01,1,464.05821206,405.26644648,0.33835490
oe:player:dc760d6884ce21614b2389ac1c05ec2,FakeGod,oe:team:acbc961cec36a59ede6695669ad7a19,100 Thieves Academy,top,2019-03-02,1,454.03565640,438.79921209,0.08768788
oe:player:dc760d6884ce21614b2389ac1c05ec2,FakeGod,oe:team:acbc961cec36a59ede6695669ad7a19,100 Thieves Academy,top,2019-03-08,1,274.44553484,438.18432623,-0.94233982
oe:player:dc760d6884ce21614b2389ac1c05ec2,FakeGod,oe:team:acbc961cec36a59ede6695669ad7a19,100 Thieves Academy,top,2019-03-09,1,582.55847255,443.30917470,0.80139933
oe:player:dc760d6884ce21614b2389ac1c05ec2,FakeGod,oe:team:acbc961cec36a59ede6695669ad7a19,100 Thieves Academy,top,2019-03-15,1,398.16205534,478.81431216,-0.46416510
oe:player:dc760d6884ce21614b2389ac1c05ec2,FakeGod,oe:team:acbc961cec36a59ede6695669ad7a19,100 Thieves Academy,top,2019-03-16,1,222.14223003,414.53610072,-1.10725384
oe:player:dc760d6884ce21614b2389ac1c05ec2,FakeGod,oe:team:acbc961cec36a59ede6695669ad7a19,100 Thieves Academy,top,2019-03-21,3,460.37336491,463.48126367,-0.01788640
oe:player:dc760d6884ce21614b2389ac1c05ec2,FakeGod,oe:team:acbc961cec36a59ede6695669ad7a19,100 Thieves Academy,top,2019-03-22,2,446.03658537,463.32276258,-0.09948439
oe:player:dc760d6884ce21614b2389ac1c05ec2,FakeGod,oe:team:acbc961cec36a59ede6695669ad7a19,100 Thieves Academy,top,2019-05-30,1,741.24341412,484.59261134,1.45205301
oe:player:dc760d6884ce21614b2389ac1c05ec2,FakeGod,oe:team:acbc961cec36a59ede6695669ad7a19,100 Thieves Academy,top,2019-06-01,1,485.49972391,499.48823642,-0.07914279
oe:player:dc760d6884ce21614b2389ac1c05ec2,FakeGod,oe:team:acbc961cec36a59ede6695669ad7a19,100 Thieves Academy,top,2019-06-06,1,338.23557015,449.21324365,-0.62787828
oe:player:dc760d6884ce21614b2389ac1c05ec2,FakeGod,oe:team:acbc961cec36a59ede6695669ad7a19,100 Thieves Academy,top,2019-06-07,1,429.83308042,460.87828224,-0.17564441
oe:player:dc760d6884ce21614b2389ac1c05ec2,FakeGod,oe:team:acbc961cec36a59ede6695669ad7a19,100 Thieves Academy,top,2019-06-13,1,441.41941000,492.04287675,-0.28641234
oe:player:e03d0722b6dce835cde3268c08c4f54,Licorice,oe:team:4e28e7839cbb263369dfcb1794a25e2,Cloud9 Academy,top,2019-07-18,1,838.94557823,495.46143741,2.00921809
oe:player:e05ad65a1d5df220fc7b24536af68bc,Sun,oe:team:6c12501a3ea9d19dbbd5619f3f938e9,Clutch Gaming Academy,mid,2019-02-22,1,380.84974093,453.06073125,-0.38947319
oe:player:e05ad65a1d5df220fc7b24536af68bc,Sun,oe:team:6c12501a3ea9d19dbbd5619f3f938e9,Clutch Gaming Academy,mid,2019-02-23,1,425.88031223,443.73070481,-0.09627689
oe:player:e05ad65a1d5df220fc7b24536af68bc,Sun,oe:team:6c12501a3ea9d19dbbd5619f3f938e9,Clutch Gaming Academy,mid,2019-03-01,1,532.92291774,448.17829177,0.45707391
oe:player:e05ad65a1d5df220fc7b24536af68bc,Sun,oe:team:6c12501a3ea9d19dbbd5619f3f938e9,Clutch Gaming Academy,mid,2019-03-02,1,520.71071627,504.57447192,0.08703155
oe:player:e05ad65a1d5df220fc7b24536af68bc,Sun,oe:team:6c12501a3ea9d19dbbd5619f3f938e9,Clutch Gaming Academy,mid,2019-03-08,1,527.59162304,384.17818984,0.77350674
oe:player:e05ad65a1d5df220fc7b24536af68bc,Sun,oe:team:6c12501a3ea9d19dbbd5619f3f938e9,Clutch Gaming Academy,mid,2019-03-09,1,330.80309340,411.07417569,-0.43294566
oe:player:e05ad65a1d5df220fc7b24536af68bc,Sun,oe:team:6c12501a3ea9d19dbbd5619f3f938e9,Clutch Gaming Academy,mid,2019-03-15,2,523.35086254,434.77132706,0.47775767
oe:player:e05ad65a1d5df220fc7b24536af68bc,Sun,oe:team:6c12501a3ea9d19dbbd5619f3f938e9,Clutch Gaming Academy,mid,2019-05-30,1,518.72122762,446.89697077,0.37358042
oe:player:e05ad65a1d5df220fc7b24536af68bc,Sun,oe:team:6c12501a3ea9d19dbbd5619f3f938e9,Clutch Gaming Academy,mid,2019-05-31,1,545.50842533,448.30622777,0.50557903
oe:player:e05ad65a1d5df220fc7b24536af68bc,Sun,oe:team:6c12501a3ea9d19dbbd5619f3f938e9,Clutch Gaming Academy,mid,2019-06-07,2,371.63405182,469.22707192,-0.50761182
oe:player:e05ad65a1d5df220fc7b24536af68bc,Sun,oe:team:6c12501a3ea9d19dbbd5619f3f938e9,Clutch Gaming Academy,mid,2019-06-12,1,195.32650448,410.01218086,-1.11664734
oe:player:e05ad65a1d5df220fc7b24536af68bc,Sun,oe:team:6c12501a3ea9d19dbbd5619f3f938e9,Clutch Gaming Academy,mid,2019-06-14,1,261.32286996,475.06840851,-1.11175739
oe:player:e05ad65a1d5df220fc7b24536af68bc,Sun,oe:team:6c12501a3ea9d19dbbd5619f3f938e9,Clutch Gaming Academy,mid,2019-06-15,1,364.26502852,418.56838226,-0.28653989
oe:player:e05ad65a1d5df220fc7b24536af68bc,Sun,oe:team:6c12501a3ea9d19dbbd5619f3f938e9,Clutch Gaming Academy,mid,2019-06-21,1,533.34048257,448.80400494,0.44606956
oe:player:e05ad65a1d5df220fc7b24536af68bc,Sun,oe:team:6c12501a3ea9d19dbbd5619f3f938e9,Clutch Gaming Academy,mid,2019-06-24,1,386.71378092,479.66026656,-0.49044625
oe:player:e05ad65a1d5df220fc7b24536af68bc,Sun,oe:team:6c12501a3ea9d19dbbd5619f3f938e9,Clutch Gaming Academy,mid,2019-07-12,1,539.93920973,463.37432451,0.40400624
oe:player:e05ad65a1d5df220fc7b24536af68bc,Sun,oe:team:6c12501a3ea9d19dbbd5619f3f938e9,Clutch Gaming Academy,mid,2019-07-18,2,366.49597952,449.40988196,-0.42989583
oe:player:e05ad65a1d5df220fc7b24536af68bc,Sun,oe:team:6c12501a3ea9d19dbbd5619f3f938e9,Clutch Gaming Academy,mid,2019-07-20,1,419.89587852,465.19118762,-0.23484921
oe:player:e05ad65a1d5df220fc7b24536af68bc,Sun,oe:team:6c12501a3ea9d19dbbd5619f3f938e9,Clutch Gaming Academy,mid,2019-07-26,1,518.96595208,488.16187950,0.15971438
oe:player:e05ad65a1d5df220fc7b24536af68bc,Sun,oe:team:6c12501a3ea9d19dbbd5619f3f938e9,Clutch Gaming Academy,mid,2019-07-27,1,864.49795082,490.82712737,1.93742576
oe:player:e181a641eac63b45915802512997360,Ablazeolive,oe:team:b2840811ed80a85fcf6f023d4b73f8d,TSM Academy,mid,2019-02-21,1,546.54615881,533.98676258,0.06773966
oe:player:e181a641eac63b45915802512997360,Ablazeolive,oe:team:b2840811ed80a85fcf6f023d4b73f8d,TSM Academy,mid,2019-02-23,1,742.45312500,513.74219708,1.23356258
oe:player:e181a641eac63b45915802512997360,Ablazeolive,oe:team:b2840811ed80a85fcf6f023d4b73f8d,TSM Academy,mid,2019-03-01,2,747.49851134,533.53484015,1.15402259
oe:player:e181a641eac63b45915802512997360,Ablazeolive,oe:team:b2840811ed80a85fcf6f023d4b73f8d,TSM Academy,mid,2019-03-08,2,538.87815445,533.41037238,0.02949073
oe:player:e181a641eac63b45915802512997360,Ablazeolive,oe:team:b2840811ed80a85fcf6f023d4b73f8d,TSM Academy,mid,2019-03-15,2,485.05427545,527.00870323,-0.22628307
oe:player:e181a641eac63b45915802512997360,Ablazeolive,oe:team:b2840811ed80a85fcf6f023d4b73f8d,TSM Academy,mid,2019-03-28,3,499.00688077,510.66524170,-0.06287989
oe:player:e181a641eac63b45915802512997360,Ablazeolive,oe:team:b2840811ed80a85fcf6f023d4b73f8d,TSM Academy,mid,2019-04-05,3,514.92168580,486.62548234,0.14717740
oe:player:e181a641eac63b45915802512997360,Ablazeolive,oe:team:b2840811ed80a85fcf6f023d4b73f8d,TSM Academy,mid,2019-04-06,1,534.05291894,461.12572442,0.37931715
oe:player:e181a641eac63b45915802512997360,Ablazeolive,oe:team:b2840811ed80a85fcf6f023d4b73f8d,TSM Academy,mid,2019-05-31,1,585.62184024,575.63900079,0.05192387
oe:player:e181a641eac63b45915802512997360,Ablazeolive,oe:team:b2840811ed80a85fcf6f023d4b73f8d,TSM Academy,mid,2019-06-02,1,552.51051893,502.14659467,0.26195852
oe:player:e181a641eac63b45915802512997360,Ablazeolive,oe:team:b2840811ed80a85fcf6f023d4b73f8d,TSM Academy,mid,2019-06-06,1,366.05210421,520.46990040,-0.80317525
oe:player:e181a641eac63b45915802512997360,Ablazeolive,oe:team:b2840811ed80a85fcf6f023d4b73f8d,TSM Academy,mid,2019-06-07,1,558.79865449,498.31420387,0.31459854
oe:player:e181a641eac63b45915802512997360,Ablazeolive,oe:team:b2840811ed80a85fcf6f023d4b73f8d,TSM Academy,mid,2019-06-12,1,545.83866837,566.38469225,-0.10686630
oe:player:e181a641eac63b45915802512997360,Ablazeolive,oe:team:b2840811ed80a85fcf6f023d4b73f8d,TSM Academy,mid,2019-06-13,1,340.62015504,513.74477678,-0.90047530
oe:player:e181a641eac63b45915802512997360,Ablazeolive,oe:team:b2840811ed80a85fcf6f023d4b73f8d,TSM Academy,mid,2019-06-14,1,521.31465517,500.36479715,0.10896676
oe:player:e181a641eac63b45915802512997360,Ablazeolive,oe:team:b2840811ed80a85fcf6f023d4b73f8d,TSM Academy,mid,2019-06-21,1,525.95002905,449.05768890,0.40573411
oe:player:e181a641eac63b45915802512997360,Ablazeolive,oe:team:b2840811ed80a85fcf6f023d4b73f8d,TSM Academy,mid,2019-06-22,1,569.72616633,532.41113963,0.19689840
oe:player:e181a641eac63b45915802512997360,Ablazeolive,oe:team:b2840811ed80a85fcf6f023d4b73f8d,TSM Academy,mid,2019-07-04,1,770.12488849,567.89742171,1.06708394
oe:player:e181a641eac63b45915802512997360,Ablazeolive,oe:team:b2840811ed80a85fcf6f023d4b73f8d,TSM Academy,mid,2019-07-05,1,674.13867822,624.75740724,0.26056777
oe:player:e181a641eac63b45915802512997360,Ablazeolive,oe:team:b2840811ed80a85fcf6f023d4b73f8d,TSM Academy,mid,2019-07-12,1,539.84802432,555.33194392,-0.08170325
oe:player:e181a641eac63b45915802512997360,Ablazeolive,oe:team:b2840811ed80a85fcf6f023d4b73f8d,TSM Academy,mid,2019-07-14,1,646.25641026,500.54904048,0.76884706
oe:player:e181a641eac63b45915802512997360,Ablazeolive,oe:team:b2840811ed80a85fcf6f023d4b73f8d,TSM Academy,mid,2019-07-17,1,743.56302521,540.09890332,1.07360934
oe:player:e181a641eac63b45915802512997360,Ablazeolive,oe:team:b2840811ed80a85fcf6f023d4b73f8d,TSM Academy,mid,2019-07-18,1,921.03202847,575.64425228,1.79078251
oe:player:e181a641eac63b45915802512997360,Ablazeolive,oe:team:b2840811ed80a85fcf6f023d4b73f8d,TSM Academy,mid,2019-07-19,1,486.76056338,566.72021739,-0.41457851
oe:player:e181a641eac63b45915802512997360,Ablazeolive,oe:team:b2840811ed80a85fcf6f023d4b73f8d,TSM Academy,mid,2019-07-25,1,529.61538462,612.33703039,-0.42889901
oe:player:e181a641eac63b45915802512997360,Ablazeolive,oe:team:b2840811ed80a85fcf6f023d4b73f8d,TSM Academy,mid,2019-07-26,1,721.69784173,575.42914253,0.75838071
oe:player:e181a641eac63b45915802512997360,Ablazeolive,oe:team:b2840811ed80a85fcf6f023d4b73f8d,TSM Academy,mid,2019-08-02,3,790.32106792,539.69575576,1.29945370
oe:player:e181a641eac63b45915802512997360,Ablazeolive,oe:team:b2840811ed80a85fcf6f023d4b73f8d,TSM Academy,mid,2019-08-08,3,692.59165776,577.15941670,0.59849842
oe:player:e181a641eac63b45915802512997360,Ablazeolive,oe:team:b2840811ed80a85fcf6f023d4b73f8d,TSM Academy,mid,2019-08-09,1,395.97686375,558.68374984,-0.84361018
oe:player:e6e30c037d0b75caa94827ead86b4ed,Keith,oe:team:4e28e7839cbb263369dfcb1794a25e2,Cloud9 Academy,bot,2019-02-22,1,556.20393741,595.04933004,-0.16542217
oe:player:e6e30c037d0b75caa94827ead86b4ed,Keith,oe:team:4e28e7839cbb263369dfcb1794a25e2,Cloud9 Academy,bot,2019-02-23,1,505.52343750,520.37050088,-0.06322586
oe:player:e6e30c037d0b75caa94827ead86b4ed,Keith,oe:team:4e28e7839cbb263369dfcb1794a25e2,Cloud9 Academy,bot,2019-02-28,1,319.29166667,493.49854598,-0.74185582
oe:player:e6e30c037d0b75caa94827ead86b4ed,Keith,oe:team:4e28e7839cbb263369dfcb1794a25e2,Cloud9 Academy,bot,2019-03-02,1,763.88978930,618.45632557,0.61932492
oe:player:e6e30c037d0b75caa94827ead86b4ed,Keith,oe:team:4e28e7839cbb263369dfcb1794a25e2,Cloud9 Academy,bot,2019-03-08,1,461.32152589,738.98918734,-1.18244108
oe:player:e6e30c037d0b75caa94827ead86b4ed,Keith,oe:team:4e28e7839cbb263369dfcb1794a25e2,Cloud9 Academy,bot,2019-03-09,1,667.80269058,582.26445541,0.36426252
oe:player:e6e30c037d0b75caa94827ead86b4ed,Keith,oe:team:4e28e7839cbb263369dfcb1794a25e2,Cloud9 Academy,bot,2019-03-14,1,699.16237113,559.18412219,0.59609402
oe:player:e6e30c037d0b75caa94827ead86b4ed,Keith,oe:team:4e28e7839cbb263369dfcb1794a25e2,Cloud9 Academy,bot,2019-03-15,1,446.97493036,533.73580190,-0.36946909
oe:player:e6e30c037d0b75caa94827ead86b4ed,Keith,oe:team:4e28e7839cbb263369dfcb1794a25e2,Cloud9 Academy,bot,2019-03-29,3,496.77391555,502.37376916,-0.02453165
oe:player:e6e30c037d0b75caa94827ead86b4ed,Keith,oe:team:4e28e7839cbb263369dfcb1794a25e2,Cloud9 Academy,bot,2019-03-30,1,469.22273024,494.37155762,-0.11017112
oe:player:e6e30c037d0b75caa94827ead86b4ed,Keith,oe:team:4e28e7839cbb263369dfcb1794a25e2,Cloud9 Academy,bot,2019-04-05,3,410.90005891,503.31753341,-0.40485931
oe:player:e6e30c037d0b75caa94827ead86b4ed,Keith,oe:team:4e28e7839cbb263369dfcb1794a25e2,Cloud9 Academy,bot,2019-04-06,1,406.31667367,460.66351521,-0.23808078
oe:player:e6e30c037d0b75caa94827ead86b4ed,Keith,oe:team:4e28e7839cbb263369dfcb1794a25e2,Cloud9 Academy,bot,2019-05-30,1,583.37579618,585.00778274,-0.00714935
oe:player:e6e30c037d0b75caa94827ead86b4ed,Keith,oe:team:4e28e7839cbb263369dfcb1794a25e2,Cloud9 Academy,bot,2019-05-31,1,359.09355026,560.70701443,-0.88322136
oe:player:e6e30c037d0b75caa94827ead86b4ed,Keith,oe:team:4e28e7839cbb263369dfcb1794a25e2,Cloud9 Academy,bot,2019-06-08,1,491.77290837,502.93043070,-0.04887849
oe:player:e6e30c037d0b75caa94827ead86b4ed,Keith,oe:team:4e28e7839cbb263369dfcb1794a25e2,Cloud9 Academy,bot,2019-06-10,1,398.52469532,586.76717870,-0.82464623
oe:player:e6e30c037d0b75caa94827ead86b4ed,Keith,oe:team:4e28e7839cbb263369dfcb1794a25e2,Cloud9 Academy,bot,2019-06-12,1,507.91222571,572.25842706,-0.28188564
oe:player:e6e30c037d0b75caa94827ead86b4ed,Keith,oe:team:4e28e7839cbb263369dfcb1794a25e2,Cloud9 Academy,bot,2019-06-13,1,419.76978417,523.73282874,-0.45543775
oe:player:e6e30c037d0b75caa94827ead86b4ed,Keith,oe:team:4e28e7839cbb263369dfcb1794a25e2,Cloud9 Academy,bot,2019-06-14,1,642.64008621,513.23172018,0.56690774
oe:player:e6e30c037d0b75caa94827ead86b4ed,Keith,oe:team:4e28e7839cbb263369dfcb1794a25e2,Cloud9 Academy,bot,2019-06-20,1,479.21266968,539.81777235,-0.26533842
oe:player:e6e30c037d0b75caa94827ead86b4ed,Keith,oe:team:4e28e7839cbb263369dfcb1794a25e2,Cloud9 Academy,bot,2019-06-21,1,800.56921087,626.07657110,0.76395549
oe:player:e6e30c037d0b75caa94827ead86b4ed,Keith,oe:team:4e28e7839cbb263369dfcb1794a25e2,Cloud9 Academy,bot,2019-07-04,1,571.76874642,571.07701507,0.00302851
oe:player:e6e30c037d0b75caa94827ead86b4ed,Keith,oe:team:4e28e7839cbb263369dfcb1794a25e2,Cloud9 Academy,bot,2019-07-05,1,324.76595745,464.16978540,-0.61033130
oe:player:e6e30c037d0b75caa94827ead86b4ed,Keith,oe:team:4e28e7839cbb263369dfcb1794a25e2,Cloud9 Academy,bot,2019-07-12,1,466.44589001,605.65243629,-0.60946757
oe:player:e6e30c037d0b75caa94827ead86b4ed,Keith,oe:team:4e28e7839cbb263369dfcb1794a25e2,Cloud9 Academy,bot,2019-07-14,1,714.46153846,493.50915607,0.96736335
oe:player:e6e30c037d0b75caa94827ead86b4ed,Keith,oe:team:d1f833765bf7a9a8109d96a1b61afd7,Golden Guardians Academy,bot,2019-07-18,2,527.44729531,547.65404235,-0.08585782
oe:player:e6e30c037d0b75caa94827ead86b4ed,Keith,oe:team:d1f833765bf7a9a8109d96a1b61afd7,Golden Guardians Academy,bot,2019-07-19,1,785.63146998,642.08348229,0.60993079
oe:player:e6e30c037d0b75caa94827ead86b4ed,Keith,oe:team:d1f833765bf7a9a8109d96a1b61afd7,Golden Guardians Academy,bot,2019-07-26,1,438.23358512,495.14871883,-0.24183058
oe:player:e6e30c037d0b75caa94827ead86b4ed,Keith,oe:team:d1f833765bf7a9a8109d96a1b61afd7,Golden Guardians Academy,bot,2019-07-28,1,554.92084433,639.79496826,-0.36062743
oe:player:e6e30c037d0b75caa94827ead86b4ed,Keith,oe:team:d1f833765bf7a9a8109d96a1b61afd7,Golden Guardians Academy,bot,2019-08-08,3,448.70271082,522.67100529,-0.31428891
oe:player:e6e30c037d0b75caa94827ead86b4ed,Keith,oe:team:d1f833765bf7a9a8109d96a1b61afd7,Golden Guardians Academy,bot,2019-08-09,1,896.52956298,677.40167021,0.93106738
oe:player:e6e30c037d0b75caa94827ead86b4ed,Keith,oe:team:d1f833765bf7a9a8109d96a1b61afd7,Golden Guardians Academy,bot,2019-08-16,3,551.07575581,577.50179397,-0.11228339
oe:player:e6e30c037d0b75caa94827ead86b4ed,Keith,oe:team:d1f833765bf7a9a8109d96a1b61afd7,Golden Guardians Academy,bot,2019-08-17,1,354.29259482,756.15659610,-1.70750724
oe:player:e8fc48ebd917c59ea149c4792c464bd,Deftly,oe:team:4e28e7839cbb263369dfcb1794a25e2,Cloud9 Academy,bot,2019-07-18,1,973.70748299,745.04903051,0.97156242
oe:player:e8fc48ebd917c59ea149c4792c464bd,Deftly,oe:team:4e28e7839cbb263369dfcb1794a25e2,Cloud9 Academy,bot,2019-07-19,1,522.39454094,546.69596937,-0.10325599
oe:player:e8fc48ebd917c59ea149c4792c464bd,Deftly,oe:team:4e28e7839cbb263369dfcb1794a25e2,Cloud9 Academy,bot,2019-07-20,1,1196.87258687,617.30403931,2.46256815
oe:player:e8fc48ebd917c59ea149c4792c464bd,Deftly,oe:team:4e28e7839cbb263369dfcb1794a25e2,Cloud9 Academy,bot,2019-07-25,1,908.40178130,537.69692255,1.57511304
oe:player:e8fc48ebd917c59ea149c4792c464bd,Deftly,oe:team:4e28e7839cbb263369dfcb1794a25e2,Cloud9 Academy,bot,2019-07-26,1,630.27551020,517.21772200,0.48037891
oe:player:e8fc48ebd917c59ea149c4792c464bd,Deftly,oe:team:4e28e7839cbb263369dfcb1794a25e2,Cloud9 Academy,bot,2019-08-09,3,705.08541850,651.33462390,0.22838540
oe:player:e8fc48ebd917c59ea149c4792c464bd,Deftly,oe:team:4e28e7839cbb263369dfcb1794a25e2,Cloud9 Academy,bot,2019-08-10,1,516.74606379,646.04352125,-0.54938075
oe:player:e8fc48ebd917c59ea149c4792c464bd,Deftly,oe:team:d1f833765bf7a9a8109d96a1b61afd7,Golden Guardians Academy,bot,2019-05-31,2,735.51409271,548.56833743,0.81896557
oe:player:e8fc48ebd917c59ea149c4792c464bd,Deftly,oe:team:d1f833765bf7a9a8109d96a1b61afd7,Golden Guardians Academy,bot,2019-06-07,1,1166.82156134,723.94240733,1.94014984
oe:player:e8fc48ebd917c59ea149c4792c464bd,Deftly,oe:team:d1f833765bf7a9a8109d96a1b61afd7,Golden Guardians Academy,bot,2019-06-08,1,634.72111554,475.54388189,0.69731818
oe:player:e8fc48ebd917c59ea149c4792c464bd,Deftly,oe:team:d1f833765bf7a9a8109d96a1b61afd7,Golden Guardians Academy,bot,2019-06-13,2,819.79909634,565.32715271,1.11478198
oe:player:e8fc48ebd917c59ea149c4792c464bd,Deftly,oe:team:d1f833765bf7a9a8109d96a1b61afd7,Golden Guardians Academy,bot,2019-06-15,1,566.93003332,502.57933908,0.28173719
oe:player:e8fc48ebd917c59ea149c4792c464bd,Deftly,oe:team:d1f833765bf7a9a8109d96a1b61afd7,Golden Guardians Academy,bot,2019-07-05,1,670.16220294,461.69611523,0.91269644
oe:player:e8fc48ebd917c59ea149c4792c464bd,Deftly,oe:team:d1f833765bf7a9a8109d96a1b61afd7,Golden Guardians Academy,bot,2019-07-11,1,639.11513859,522.21262301,0.51181711
oe:player:e8fc48ebd917c59ea149c4792c464bd,Deftly,oe:team:d1f833765bf7a9a8109d96a1b61afd7,Golden Guardians Academy,bot,2019-07-12,1,380.61889251,491.09753407,-0.48369240
oe:player:e95a34ce4e7feb3a2939c52ddac5d17,Crown,oe:team:8ec1d9b925364a4f40c174a30023afc,OpTic Gaming Academy,mid,2019-05-30,1,564.27109974,484.88167914,0.41292920
oe:player:e95a34ce4e7feb3a2939c52ddac5d17,Crown,oe:team:8ec1d9b925364a4f40c174a30023afc,OpTic Gaming Academy,mid,2019-06-01,1,630.54665930,532.86511399,0.50807227
oe:player:e95a34ce4e7feb3a2939c52ddac5d17,Crown,oe:team:8ec1d9b925364a4f40c174a30023afc,OpTic Gaming Academy,mid,2019-06-06,1,828.24324324,488.68575257,1.76614470
oe:player:e95a34ce4e7feb3a2939c52ddac5d17,Crown,oe:team:8ec1d9b925364a4f40c174a30023afc,OpTic Gaming Academy,mid,2019-06-21,1,356.51365485,385.36312065,-0.15222859
oe:player:e95a34ce4e7feb3a2939c52ddac5d17,Crown,oe:team:8ec1d9b925364a4f40c174a30023afc,OpTic Gaming Academy,mid,2019-06-22,1,468.04835924,539.14828054,-0.37516953
oe:player:ed455f823b6586e9e3621dfb5aeb42e,Blaber,oe:team:4e28e7839cbb263369dfcb1794a25e2,Cloud9 Academy,jng,2019-02-22,1,272.89247855,324.31043206,-0.48286919
oe:player:ed455f823b6586e9e3621dfb5aeb42e,Blaber,oe:team:4e28e7839cbb263369dfcb1794a25e2,Cloud9 Academy,jng,2019-02-23,1,502.80468750,292.56753172,1.97435017
oe:player:ed455f823b6586e9e3621dfb5aeb42e,Blaber,oe:team:4e28e7839cbb263369dfcb1794a25e2,Cloud9 Academy,jng,2019-02-28,1,508.45833333,296.54826715,1.99006058
oe:player:ed455f823b6586e9e3621dfb5aeb42e,Blaber,oe:team:4e28e7839cbb263369dfcb1794a25e2,Cloud9 Academy,jng,2019-03-02,1,585.25121556,348.54467356,2.22292582
oe:player:ed455f823b6586e9e3621dfb5aeb42e,Blaber,oe:team:4e28e7839cbb263369dfcb1794a25e2,Cloud9 Academy,jng,2019-03-08,1,219.68664850,343.48634719,-1.16261065
oe:player:ed455f823b6586e9e3621dfb5aeb42e,Blaber,oe:team:4e28e7839cbb263369dfcb1794a25e2,Cloud9 Academy,jng,2019-03-09,1,223.18385650,318.56323854,-0.89571369
oe:player:ed455f823b6586e9e3621dfb5aeb42e,Blaber,oe:team:4e28e7839cbb263369dfcb1794a25e2,Cloud9 Academy,jng,2019-03-14,1,650.79896907,320.62100383,3.10072175
oe:player:ed455f823b6586e9e3621dfb5aeb42e,Blaber,oe:team:4e28e7839cbb263369dfcb1794a25e2,Cloud9 Academy,jng,2019-03-15,1,485.18105850,337.91713424,1.38296465
oe:player:ed455f823b6586e9e3621dfb5aeb42e,Blaber,oe:team:4e28e7839cbb263369dfcb1794a25e2,Cloud9 Academy,jng,2019-03-29,3,281.54665202,243.98497159,0.33534461
oe:player:ed455f823b6586e9e3621dfb5aeb42e,Blaber,oe:team:4e28e7839cbb263369dfcb1794a25e2,Cloud9 Academy,jng,2019-03-30,1,498.14500327,281.05823787,1.93811555
oe:player:ed455f823b6586e9e3621dfb5aeb42e,Blaber,oe:team:4e28e7839cbb263369dfcb1794a25e2,Cloud9 Academy,jng,2019-04-05,3,355.07526977,247.53781020,0.96007706
oe:player:ed455f823b6586e9e3621dfb5aeb42e,Blaber,oe:team:4e28e7839cbb263369dfcb1794a25e2,Cloud9 Academy,jng,2019-04-06,1,345.98908022,277.51087233,0.61136237
oe:player:ed455f823b6586e9e3621dfb5aeb42e,Blaber,oe:team:4e28e7839cbb263369dfcb1794a25e2,Cloud9 Academy,jng,2019-05-30,1,211.33757962,280.53082663,-0.61774613
oe:player:ed455f823b6586e9e3621dfb5aeb42e,Blaber,oe:team:4e28e7839cbb263369dfcb1794a25e2,Cloud9 Academy,jng,2019-05-31,1,531.63277164,383.04144410,1.32659936
oe:player:ed455f823b6586e9e3621dfb5aeb42e,Blaber,oe:team:4e28e7839cbb263369dfcb1794a25e2,Cloud9 Academy,jng,2019-06-08,1,436.22509960,279.53701072,1.39888593
oe:player:ed455f823b6586e9e3621dfb5aeb42e,Blaber,oe:team:4e28e7839cbb263369dfcb1794a25e2,Cloud9 Academy,jng,2019-06-10,1,417.11353432,306.36064499,0.98878389
oe:player:ed455f823b6586e9e3621dfb5aeb42e,Blaber,oe:team:4e28e7839cbb263369dfcb1794a25e2,Cloud9 Academy,jng,2019-06-12,1,553.05329154,307.34706260,2.19362550
oe:player:ed455f823b6586e9e3621dfb5aeb42e,Blaber,oe:team:4e28e7839cbb263369dfcb1794a25e2,Cloud9 Academy,jng,2019-06-13,1,287.53956835,276.98243764,0.09425236
oe:player:ed455f823b6586e9e3621dfb5aeb42e,Blaber,oe:team:4e28e7839cbb263369dfcb1794a25e2,Cloud9 Academy,jng,2019-06-14,1,392.71551724,298.12775149,0.84446428
oe:player:ed455f823b6586e9e3621dfb5aeb42e,Blaber,oe:team:4e28e7839cbb263369dfcb1794a25e2,Cloud9 Academy,jng,2019-06-20,1,343.95475113,323.58407658,0.17861033
oe:player:ed455f823b6586e9e3621dfb5aeb42e,Blaber,oe:team:4e28e7839cbb263369dfcb1794a25e2,Cloud9 Academy,jng,2019-06-21,1,775.22639069,384.53293750,3.42560513
oe:player:ed455f823b6586e9e3621dfb5aeb42e,Blaber,oe:team:4e28e7839cbb263369dfcb1794a25e2,Cloud9 Academy,jng,2019-07-04,1,378.61476817,314.43321594,0.56274466
oe:player:ed455f823b6586e9e3621dfb5aeb42e,Blaber,oe:team:4e28e7839cbb263369dfcb1794a25e2,Cloud9 Academy,jng,2019-07-12,1,468.07806032,324.98096909,1.25467710
oe:player:ed455f823b6586e9e3621dfb5aeb42e,Blaber,oe:team:4e28e7839cbb263369dfcb1794a25e2,Cloud9 Academy,jng,2019-07-14,1,470.84615385,253.90175208,1.90217125
oe:player:ed455f823b6586e9e3621dfb5aeb42e,Blaber,oe:team:4e28e7839cbb263369dfcb1794a25e2,Cloud9 Academy,jng,2019-07-18,1,355.44217687,251.69613946,0.86399664
oe:player:ed455f823b6586e9e3621dfb5aeb42e,Blaber,oe:team:4e28e7839cbb263369dfcb1794a25e2,Cloud9 Academy,jng,2019-07-20,1,290.09652510,328.75455385,-0.32194393
oe:player:ed455f823b6586e9e3621dfb5aeb42e,Blaber,oe:team:4e28e7839cbb263369dfcb1794a25e2,Cloud9 Academy,jng,2019-07-25,1,288.98565067,282.12303520,0.05715184
oe:player:ed455f823b6586e9e3621dfb5aeb42e,Blaber,oe:team:4e28e7839cbb263369dfcb1794a25e2,Cloud9 Academy,jng,2019-08-09,3,422.56247957,352.25726748,0.58550156
oe:player:ed455f823b6586e9e3621dfb5aeb42e,Blaber,oe:team:4e28e7839cbb263369dfcb1794a25e2,Cloud9 Academy,jng,2019-08-10,1,480.46023415,350.16273562,1.08511711
oe:player:ef97df9d746d0e65ed18786ab30031c,Insanity,oe:team:3406c21f701022dbe9d9bf397b41465,Team Liquid Academy,mid,2019-02-22,1,369.30124942,449.49440514,-0.43252536
oe:player:ef97df9d746d0e65ed18786ab30031c,Insanity,oe:team:3406c21f701022dbe9d9bf397b41465,Team Liquid Academy,mid,2019-02-23,1,506.32653061,598.98078733,-0.49973486
oe:player:ef97df9d746d0e65ed18786ab30031c,Insanity,oe:team:3406c21f701022dbe9d9bf397b41465,Team Liquid Academy,mid,2019-02-28,1,168.25000000,449.09097536,-1.51472831
oe:player:ef97df9d746d0e65ed18786ab30031c,Insanity,oe:team:3406c21f701022dbe9d9bf397b41465,Team Liquid Academy,mid,2019-03-02,1,864.71337580,459.49235369,2.18557763
oe:player:ef97df9d746d0e65ed18786ab30031c,Insanity,oe:team:3406c21f701022dbe9d9bf397b41465,Team Liquid Academy,mid,2019-03-08,1,718.20942408,456.73867222,1.41025415
oe:player:ef97df9d746d0e65ed18786ab30031c,Insanity,oe:team:3406c21f701022dbe9d9bf397b41465,Team Liquid Academy,mid,2019-03-09,1,702.83001808,466.41567443,1.27511129
oe:player:ef97df9d746d0e65ed18786ab30031c,Insanity,oe:team:3406c21f701022dbe9d9bf397b41465,Team Liquid Academy,mid,2019-03-14,1,618.44210526,442.65462471,0.94811761
oe:player:ef97df9d746d0e65ed18786ab30031c,Insanity,oe:team:3406c21f701022dbe9d9bf397b41465,Team Liquid Academy,mid,2019-03-15,1,259.12941176,416.94516827,-0.85118631
oe:player:ef97df9d746d0e65ed18786ab30031c,Insanity,oe:team:3406c21f701022dbe9d9bf397b41465,Team Liquid Academy,mid,2019-03-22,3,500.21143695,506.18682355,-0.03222851
oe:player:ef97df9d746d0e65ed18786ab30031c,Insanity,oe:team:3406c21f701022dbe9d9bf397b41465,Team Liquid Academy,mid,2019-03-29,3,270.00456950,428.20492998,-0.82284955
oe:player:ef97df9d746d0e65ed18786ab30031c,Insanity,oe:team:3406c21f701022dbe9d9bf397b41465,Team Liquid Academy,mid,2019-03-30,1,419.33376878,449.43443870,-0.15656300
oe:player:ef97df9d746d0e65ed18786ab30031c,Insanity,oe:team:3406c21f701022dbe9d9bf397b41465,Team Liquid Academy,mid,2019-05-31,1,588.65889213,415.81208612,0.89903029
oe:player:ef97df9d746d0e65ed18786ab30031c,Insanity,oe:team:3406c21f701022dbe9d9bf397b41465,Team Liquid Academy,mid,2019-06-02,1,386.22720898,418.61047799,-0.16843551
oe:player:ef97df9d746d0e65ed18786ab30031c,Insanity,oe:team:3406c21f701022dbe9d9bf397b41465,Team Liquid Academy,mid,2019-06-06,1,345.10558423,509.80394018,-0.85664766
oe:player:ef97df9d746d0e65ed18786ab30031c,Insanity,oe:team:3406c21f701022dbe9d9bf397b41465,Team Liquid Academy,mid,2019-06-07,1,509.72170686,510.93708056,-0.00632154
oe:player:ef97df9d746d0e65ed18786ab30031c,Insanity,oe:team:3406c21f701022dbe9d9bf397b41465,Team Liquid Academy,mid,2019-06-12,1,315.12170385,503.22301562,-0.97837375
oe:player:ef97df9d746d0e65ed18786ab30031c,Insanity,oe:team:3406c21f701022dbe9d9bf397b41465,Team Liquid Academy,mid,2019-06-13,1,374.19789474,451.96785599,-0.40450589
oe:player:ef97df9d746d0e65ed18786ab30031c,Insanity,oe:team:3406c21f701022dbe9d9bf397b41465,Team Liquid Academy,mid,2019-06-14,1,646.33039092,453.50160787,1.00296281
oe:player:ef97df9d746d0e65ed18786ab30031c,Insanity,oe:team:3406c21f701022dbe9d9bf397b41465,Team Liquid Academy,mid,2019-06-20,1,471.74220374,425.77404229,0.24255798
oe:player:ef97df9d746d0e65ed18786ab30031c,Insanity,oe:team:3406c21f701022dbe9d9bf397b41465,Team Liquid Academy,mid,2019-06-21,1,636.28954424,588.61862290,0.25154286
oe:player:ef97df9d746d0e65ed18786ab30031c,Insanity,oe:team:3406c21f701022dbe9d9bf397b41465,Team Liquid Academy,mid,2019-07-05,1,472.93617021,551.64273274,-0.41530713
oe:player:ef97df9d746d0e65ed18786ab30031c,Insanity,oe:team:3406c21f701022dbe9d9bf397b41465,Team Liquid Academy,mid,2019-07-07,1,458.64839319,577.37905556,-0.62650037
oe:player:ef97df9d746d0e65ed18786ab30031c,Insanity,oe:team:3406c21f701022dbe9d9bf397b41465,Team Liquid Academy,mid,2019-07-11,1,458.67857143,475.59828072,-0.08927942
oe:player:ef97df9d746d0e65ed18786ab30031c,Insanity,oe:team:3406c21f701022dbe9d9bf397b41465,Team Liquid Academy,mid,2019-07-13,1,466.16714697,527.98527174,-0.32619272
oe:player:ef97df9d746d0e65ed18786ab30031c,Insanity,oe:team:3406c21f701022dbe9d9bf397b41465,Team Liquid Academy,mid,2019-07-17,1,422.62184874,452.63008206,-0.15834300
oe:player:ef97df9d746d0e65ed18786ab30031c,Insanity,oe:team:3406c21f701022dbe9d9bf397b41465,Team Liquid Academy,mid,2019-07-18,1,547.88259958,562.73365463,-0.07700044
oe:player:ef97df9d746d0e65ed18786ab30031c,Insanity,oe:team:3406c21f701022dbe9d9bf397b41465,Team Liquid Academy,mid,2019-07-19,1,263.85093168,449.27603819,-0.96140066
oe:player:ef97df9d746d0e65ed18786ab30031c,Insanity,oe:team:3406c21f701022dbe9d9bf397b41465,Team Liquid Academy,mid,2019-07-25,1,403.31460674,451.85642192,-0.25168185
oe:player:ef97df9d746d0e65ed18786ab30031c,Insanity,oe:team:3406c21f701022dbe9d9bf397b41465,Team Liquid Academy,mid,2019-07-26,1,537.30612245,461.50594781,0.39301225
oe:player:ef97df9d746d0e65ed18786ab30031c,Insanity,oe:team:3406c21f701022dbe9d9bf397b41465,Team Liquid Academy,mid,2019-08-02,3,483.92888304,475.42425649,0.04409518
oe:player:f35d122e169ccf24593a4d06927a3e2,Ssumday,oe:team:acbc961cec36a59ede6695669ad7a19,100 Thieves Academy,top,2019-06-14,2,674.75827581,449.41784985,1.27490832
oe:player:f35d122e169ccf24593a4d06927a3e2,Ssumday,oe:team:acbc961cec36a59ede6695669ad7a19,100 Thieves Academy,top,2019-06-20,1,638.38914027,467.11706049,0.98861577
oe:player:f35d122e169ccf24593a4d06927a3e2,Ssumday,oe:team:acbc961cec36a59ede6695669ad7a19,100 Thieves Academy,top,2019-06-21,1,447.70293610,482.20914438,-0.19917655
oe:player:f35d122e169ccf24593a4d06927a3e2,Ssumday,oe:team:acbc961cec36a59ede6695669ad7a19,100 Thieves Academy,top,2019-07-05,1,572.99024919,433.50912929,0.80511216
oe:player:f35d122e169ccf24593a4d06927a3e2,Ssumday,oe:team:acbc961cec36a59ede6695669ad7a19,100 Thieves Academy,top,2019-07-07,1,633.62948960,402.96405225,1.33144579
oe:player:f35d122e169ccf24593a4d06927a3e2,Ssumday,oe:team:acbc961cec36a59ede6695669ad7a19,100 Thieves Academy,top,2019-07-11,1,446.85250887,434.14173809,0.07336904
oe:player:f35d122e169ccf24593a4d06927a3e2,Ssumday,oe:team:acbc961cec36a59ede6695669ad7a19,100 Thieves Academy,top,2019-07-13,1,748.92579139,467.91808832,1.62203114
oe:player:f35d122e169ccf24593a4d06927a3e2,Ssumday,oe:team:acbc961cec36a59ede6695669ad7a19,100 Thieves Academy,top,2019-07-17,1,620.22321429,487.73871701,0.76472630
oe:player:f35d122e169ccf24593a4d06927a3e2,Ssumday,oe:team:acbc961cec36a59ede6695669ad7a19,100 Thieves Academy,top,2019-07-19,2,545.48293154,450.97701474,0.55281445
oe:player:f35d122e169ccf24593a4d06927a3e2,Ssumday,oe:team:acbc961cec36a59ede6695669ad7a19,100 Thieves Academy,top,2019-07-26,1,301.64028777,411.89635129,-0.64494529
oe:player:f35d122e169ccf24593a4d06927a3e2,Ssumday,oe:team:acbc961cec36a59ede6695669ad7a19,100 Thieves Academy,top,2019-07-28,1,471.37203166,476.47253947,-0.02983553
oe:player:f35d122e169ccf24593a4d06927a3e2,Ssumday,oe:team:acbc961cec36a59ede6695669ad7a19,100 Thieves Academy,top,2019-08-01,3,365.78411204,434.82455917,-0.40385363
oe:player:f35d122e169ccf24593a4d06927a3e2,Ssumday,oe:team:acbc961cec36a59ede6695669ad7a19,100 Thieves Academy,top,2019-08-02,2,261.40818460,428.36644542,-0.97662605
oe:player:f35d122e169ccf24593a4d06927a3e2,Ssumday,oe:team:acbc961cec36a59ede6695669ad7a19,100 Thieves Academy,top,2019-08-09,3,528.41626372,450.68686458,0.45467984
oe:player:f35d122e169ccf24593a4d06927a3e2,Ssumday,oe:team:acbc961cec36a59ede6695669ad7a19,100 Thieves Academy,top,2019-08-10,1,856.95599516,551.24170548,1.78828251
oe:player:f35d122e169ccf24593a4d06927a3e2,Ssumday,oe:team:acbc961cec36a59ede6695669ad7a19,100 Thieves Academy,top,2019-08-16,3,411.38915571,442.56178688,-0.18234500
oe:player:f35d122e169ccf24593a4d06927a3e2,Ssumday,oe:team:acbc961cec36a59ede6695669ad7a19,100 Thieves Academy,top,2019-08-17,1,270.74051776,447.01113791,-1.03109890
oe:player:f42847a8ed944443fbdcef8cfa7087d,Akaadian,oe:team:b2840811ed80a85fcf6f023d4b73f8d,TSM Academy,jng,2019-08-08,3,307.64139156,268.68447313,0.32443308
oe:player:f42847a8ed944443fbdcef8cfa7087d,Akaadian,oe:team:b2840811ed80a85fcf6f023d4b73f8d,TSM Academy,jng,2019-08-09,1,270.92544987,284.89125709,-0.11630719
oe:player:f48c70640770b42b5d7dd72aa21e005,aphromoo,oe:team:acbc961cec36a59ede6695669ad7a19,100 Thieves Academy,sup,2019-06-14,1,120.80717489,214.80415939,-1.51933238
oe:player:f50a30fd2f6e559220dd417b0ce2dd8,Fragas,oe:team:acbc961cec36a59ede6695669ad7a19,100 Thieves Academy,jng,2019-02-22,1,362.69430052,351.03164205,0.10952475
oe:player:f50a30fd2f6e559220dd417b0ce2dd8,Fragas,oe:team:acbc961cec36a59ede6695669ad7a19,100 Thieves Academy,jng,2019-02-23,1,236.04719764,308.57384272,-0.68110222
oe:player:f50a30fd2f6e559220dd417b0ce2dd8,Fragas,oe:team:acbc961cec36a59ede6695669ad7a19,100 Thieves Academy,jng,2019-03-01,1,163.11018711,278.96560455,-1.08800541
oe:player:f50a30fd2f6e559220dd417b0ce2dd8,Fragas,oe:team:acbc961cec36a59ede6695669ad7a19,100 Thieves Academy,jng,2019-03-02,1,208.03889789,323.93875635,-1.08842276
oe:player:f50a30fd2f6e559220dd417b0ce2dd8,Fragas,oe:team:acbc961cec36a59ede6695669ad7a19,100 Thieves Academy,jng,2019-03-08,1,277.53680079,324.50235467,-0.44105643
oe:player:f50a30fd2f6e559220dd417b0ce2dd8,Fragas,oe:team:acbc961cec36a59ede6695669ad7a19,100 Thieves Academy,jng,2019-03-09,1,252.85918854,303.04188994,-0.47126886
oe:player:f50a30fd2f6e559220dd417b0ce2dd8,Fragas,oe:team:acbc961cec36a59ede6695669ad7a19,100 Thieves Academy,jng,2019-03-15,1,173.06324111,344.71242569,-1.61196814
oe:player:f50a30fd2f6e559220dd417b0ce2dd8,Fragas,oe:team:acbc961cec36a59ede6695669ad7a19,100 Thieves Academy,jng,2019-03-16,1,156.40035119,359.94305218,-1.91148213
oe:player:f50a30fd2f6e559220dd417b0ce2dd8,Fragas,oe:team:acbc961cec36a59ede6695669ad7a19,100 Thieves Academy,jng,2019-03-21,3,270.71827005,338.19348924,-0.63366397
oe:player:f50a30fd2f6e559220dd417b0ce2dd8,Fragas,oe:team:acbc961cec36a59ede6695669ad7a19,100 Thieves Academy,jng,2019-03-22,2,339.75162833,340.98751574,-0.01160630
oe:player:f8d623a78c27641412debac4080ece7,Joey,oe:team:6c12501a3ea9d19dbbd5619f3f938e9,Clutch Gaming Academy,sup,2019-05-30,1,218.18414322,134.48416970,1.35289531
oe:player:f8d623a78c27641412debac4080ece7,Joey,oe:team:6c12501a3ea9d19dbbd5619f3f938e9,Clutch Gaming Academy,sup,2019-05-31,1,274.13131900,140.52326210,2.15959105
oe:player:f8d623a78c27641412debac4080ece7,Joey,oe:team:6c12501a3ea9d19dbbd5619f3f938e9,Clutch Gaming Academy,sup,2019-06-07,2,189.02304240,165.03844189,0.38767818
oe:player:f8d623a78c27641412debac4080ece7,Joey,oe:team:6c12501a3ea9d19dbbd5619f3f938e9,Clutch Gaming Academy,sup,2019-06-12,1,190.14084507,159.32546250,0.49808841
oe:player:f8d623a78c27641412debac4080ece7,Joey,oe:team:6c12501a3ea9d19dbbd5619f3f938e9,Clutch Gaming Academy,sup,2019-06-14,1,185.61659193,150.31338391,0.57062795
oe:player:f8d623a78c27641412debac4080ece7,Joey,oe:team:6c12501a3ea9d19dbbd5619f3f938e9,Clutch Gaming Academy,sup,2019-06-15,1,234.05002194,166.44500694,0.86591703
oe:player:f8d623a78c27641412debac4080ece7,Joey,oe:team:6c12501a3ea9d19dbbd5619f3f938e9,Clutch Gaming Academy,sup,2019-06-21,1,206.67024129,171.16165357,0.45481080
oe:player:f8d623a78c27641412debac4080ece7,Joey,oe:team:6c12501a3ea9d19dbbd5619f3f938e9,Clutch Gaming Academy,sup,2019-06-24,1,92.19081272,222.67642801,-1.67132152
oe:player:f8d623a78c27641412debac4080ece7,Joey,oe:team:6c12501a3ea9d19dbbd5619f3f938e9,Clutch Gaming Academy,sup,2019-07-04,1,268.84945621,215.03381658,0.68929618
oe:player:f8d623a78c27641412debac4080ece7,Joey,oe:team:6c12501a3ea9d19dbbd5619f3f938e9,Clutch Gaming Academy,sup,2019-07-06,1,217.20306513,211.72306405,0.07019045
oe:player:f8d623a78c27641412debac4080ece7,Joey,oe:team:6c12501a3ea9d19dbbd5619f3f938e9,Clutch Gaming Academy,sup,2019-07-12,2,203.02763894,203.60582374,-0.00740566
oe:player:f8d623a78c27641412debac4080ece7,Joey,oe:team:6c12501a3ea9d19dbbd5619f3f938e9,Clutch Gaming Academy,sup,2019-07-18,2,131.17487606,175.27020442,-0.51615469
oe:player:f8d623a78c27641412debac4080ece7,Joey,oe:team:6c12501a3ea9d19dbbd5619f3f938e9,Clutch Gaming Academy,sup,2019-07-20,1,264.10412148,141.20393846,1.43859923
oe:player:f8d623a78c27641412debac4080ece7,Joey,oe:team:6c12501a3ea9d19dbbd5619f3f938e9,Clutch Gaming Academy,sup,2019-07-26,1,317.32660782,200.10459147,1.37213386
oe:player:f8d623a78c27641412debac4080ece7,Joey,oe:team:6c12501a3ea9d19dbbd5619f3f938e9,Clutch Gaming Academy,sup,2019-07-27,1,509.63114754,218.80559851,3.40423748
oe:player:fa816783145a625c4b502446b18ad93,Allorim,oe:team:8ec1d9b925364a4f40c174a30023afc,OpTic Gaming Academy,top,2019-02-22,2,207.37622355,339.09395114,-0.75805409
oe:player:fa816783145a625c4b502446b18ad93,Allorim,oe:team:8ec1d9b925364a4f40c174a30023afc,OpTic Gaming Academy,top,2019-03-01,2,236.33139274,356.88066821,-0.69377807
oe:player:fa816783145a625c4b502446b18ad93,Allorim,oe:team:8ec1d9b925364a4f40c174a30023afc,OpTic Gaming Academy,top,2019-03-07,1,307.49356223,364.88219411,-0.33027966
oe:player:fa816783145a625c4b502446b18ad93,Allorim,oe:team:8ec1d9b925364a4f40c174a30023afc,OpTic Gaming Academy,top,2019-03-09,1,219.49775785,369.84702314,-0.86528121
oe:player:fa816783145a625c4b502446b18ad93,Allorim,oe:team:8ec1d9b925364a4f40c174a30023afc,OpTic Gaming Academy,top,2019-03-15,1,390.19629226,360.48191579,0.17101042
oe:player:fa816783145a625c4b502446b18ad93,Allorim,oe:team:8ec1d9b925364a4f40c174a30023afc,OpTic Gaming Academy,top,2019-03-16,1,296.36523266,410.64816429,-0.65771438
oe:player:fa816783145a625c4b502446b18ad93,Allorim,oe:team:8ec1d9b925364a4f40c174a30023afc,OpTic Gaming Academy,top,2019-05-30,1,457.41687980,407.82290402,0.28058779
oe:player:fa816783145a625c4b502446b18ad93,Allorim,oe:team:8ec1d9b925364a4f40c174a30023afc,OpTic Gaming Academy,top,2019-06-01,1,265.64329100,372.44410260,-0.60424685
oe:player:fa816783145a625c4b502446b18ad93,Allorim,oe:team:8ec1d9b925364a4f40c174a30023afc,OpTic Gaming Academy,top,2019-06-06,1,345.99508600,340.36159793,0.03187258
oe:player:fa816783145a625c4b502446b18ad93,Allorim,oe:team:8ec1d9b925364a4f40c174a30023afc,OpTic Gaming Academy,top,2019-06-08,1,185.34715026,382.06557209,-1.11297363
oe:player:fa816783145a625c4b502446b18ad93,Allorim,oe:team:8ec1d9b925364a4f40c174a30023afc,OpTic Gaming Academy,top,2019-06-12,1,297.17868339,326.30437313,-0.16478439
oe:player:fa816783145a625c4b502446b18ad93,Allorim,oe:team:8ec1d9b925364a4f40c174a30023afc,OpTic Gaming Academy,top,2019-06-14,1,293.54350567,294.03661505,-0.00278986
oe:player:fa816783145a625c4b502446b18ad93,Allorim,oe:team:8ec1d9b925364a4f40c174a30023afc,OpTic Gaming Academy,top,2019-06-17,1,313.73063170,370.91427050,-0.33007509
oe:player:fa816783145a625c4b502446b18ad93,Allorim,oe:team:8ec1d9b925364a4f40c174a30023afc,OpTic Gaming Academy,top,2019-06-21,1,171.28413713,360.41956844,-1.09172651
oe:player:fa816783145a625c4b502446b18ad93,Allorim,oe:team:8ec1d9b925364a4f40c174a30023afc,OpTic Gaming Academy,top,2019-06-22,1,330.84628670,355.34222253,-0.14139531
oe:player:fa816783145a625c4b502446b18ad93,Allorim,oe:team:8ec1d9b925364a4f40c174a30023afc,OpTic Gaming Academy,top,2019-07-05,2,432.45149696,380.24114364,0.30136832
oe:player:fa816783145a625c4b502446b18ad93,Allorim,oe:team:8ec1d9b925364a4f40c174a30023afc,OpTic Gaming Academy,top,2019-07-12,1,199.91944764,419.84548668,-1.26945589
oe:player:fa816783145a625c4b502446b18ad93,Allorim,oe:team:8ec1d9b925364a4f40c174a30023afc,OpTic Gaming Academy,top,2019-07-13,1,432.95277634,378.93809629,0.31178324
oe:player:fa816783145a625c4b502446b18ad93,Allorim,oe:team:8ec1d9b925364a4f40c174a30023afc,OpTic Gaming Academy,top,2019-07-18,2,424.50300232,364.12109948,0.35320528
oe:player:fa816783145a625c4b502446b18ad93,Allorim,oe:team:8ec1d9b925364a4f40c174a30023afc,OpTic Gaming Academy,top,2019-07-19,1,348.01536492,292.27836697,0.32603480
oe:player:fa816783145a625c4b502446b18ad93,Allorim,oe:team:8ec1d9b925364a4f40c174a30023afc,OpTic Gaming Academy,top,2019-07-25,1,568.34831461,335.08865431,1.36445755
oe:player:fa816783145a625c4b502446b18ad93,Allorim,oe:team:8ec1d9b925364a4f40c174a30023afc,OpTic Gaming Academy,top,2019-07-26,1,339.29110982,381.08766318,-0.24448986
oe:player:fbadcf84fcfb01a251de88055f631cb,Spica,oe:team:b2840811ed80a85fcf6f023d4b73f8d,TSM Academy,jng,2019-05-31,1,260.11122346,302.16410303,-0.37544131
oe:player:fbadcf84fcfb01a251de88055f631cb,Spica,oe:team:b2840811ed80a85fcf6f023d4b73f8d,TSM Academy,jng,2019-06-02,1,276.38148668,247.27317391,0.25987431
oe:player:fbadcf84fcfb01a251de88055f631cb,Spica,oe:team:b2840811ed80a85fcf6f023d4b73f8d,TSM Academy,jng,2019-06-06,1,232.70541082,288.12514639,-0.49477844
oe:player:fbadcf84fcfb01a251de88055f631cb,Spica,oe:team:b2840811ed80a85fcf6f023d4b73f8d,TSM Academy,jng,2019-06-07,1,487.98654493,322.19134508,1.48019275
oe:player:fbadcf84fcfb01a251de88055f631cb,Spica,oe:team:b2840811ed80a85fcf6f023d4b73f8d,TSM Academy,jng,2019-06-12,1,231.31882202,308.43388069,-0.68847078
oe:player:fbadcf84fcfb01a251de88055f631cb,Spica,oe:team:b2840811ed80a85fcf6f023d4b73f8d,TSM Academy,jng,2019-06-13,1,337.82945736,309.42049360,0.25363064
oe:player:fbadcf84fcfb01a251de88055f631cb,Spica,oe:team:b2840811ed80a85fcf6f023d4b73f8d,TSM Academy,jng,2019-06-14,1,206.70258621,275.78625219,-0.61676780
oe:player:fbadcf84fcfb01a251de88055f631cb,Spica,oe:team:b2840811ed80a85fcf6f023d4b73f8d,TSM Academy,jng,2019-06-21,1,287.76292853,240.18144372,0.41719506
oe:player:fbadcf84fcfb01a251de88055f631cb,Spica,oe:team:b2840811ed80a85fcf6f023d4b73f8d,TSM Academy,jng,2019-06-22,1,194.84787018,311.23034528,-1.02044301
oe:player:fbadcf84fcfb01a251de88055f631cb,Spica,oe:team:b2840811ed80a85fcf6f023d4b73f8d,TSM Academy,jng,2019-07-04,1,212.83675290,300.24282288,-0.76637752
oe:player:fbadcf84fcfb01a251de88055f631cb,Spica,oe:team:b2840811ed80a85fcf6f023d4b73f8d,TSM Academy,jng,2019-07-05,1,175.35211268,291.41488214,-1.01763983
oe:player:fbadcf84fcfb01a251de88055f631cb,Spica,oe:team:b2840811ed80a85fcf6f023d4b73f8d,TSM Academy,jng,2019-07-12,1,154.19452888,312.82290414,-1.39085560
oe:player:fbadcf84fcfb01a251de88055f631cb,Spica,oe:team:b2840811ed80a85fcf6f023d4b73f8d,TSM Academy,jng,2019-07-14,1,348.12820513,266.06093214,0.71956689
oe:player:fbadcf84fcfb01a251de88055f631cb,Spica,oe:team:b2840811ed80a85fcf6f023d4b73f8d,TSM Academy,jng,2019-07-17,1,254.52100840,276.86872823,-0.19594509
oe:player:fbadcf84fcfb01a251de88055f631cb,Spica,oe:team:b2840811ed80a85fcf6f023d4b73f8d,TSM Academy,jng,2019-07-18,1,334.35587189,246.73459487,0.72970969
oe:player:fbadcf84fcfb01a251de88055f631cb,Spica,oe:team:b2840811ed80a85fcf6f023d4b73f8d,TSM Academy,jng,2019-07-19,1,118.23303457,220.06492046,-0.84805559
oe:player:fbadcf84fcfb01a251de88055f631cb,Spica,oe:team:b2840811ed80a85fcf6f023d4b73f8d,TSM Academy,jng,2019-07-25,1,249.32432432,336.24420805,-0.72386849
oe:player:fbadcf84fcfb01a251de88055f631cb,Spica,oe:team:b2840811ed80a85fcf6f023d4b73f8d,TSM Academy,jng,2019-07-26,1,258.04316547,327.91586633,-0.58189961
oe:player:fbadcf84fcfb01a251de88055f631cb,Spica,oe:team:b2840811ed80a85fcf6f023d4b73f8d,TSM Academy,jng,2019-08-02,3,288.52754805,231.39388154,0.47580897
oe:player:fddde6d256bee26713f64ad9b2a9394,Palafox,oe:team:d1f833765bf7a9a8109d96a1b61afd7,Golden Guardians Academy,mid,2019-02-22,1,344.46239273,498.55007703,-0.83107879
oe:player:fddde6d256bee26713f64ad9b2a9394,Palafox,oe:team:d1f833765bf7a9a8109d96a1b61afd7,Golden Guardians Academy,mid,2019-02-23,1,448.46607670,480.46610044,-0.17259355
oe:player:fddde6d256bee26713f64ad9b2a9394,Palafox,oe:team:d1f833765bf7a9a8109d96a1b61afd7,Golden Guardians Academy,mid,2019-03-01,1,742.29205176,506.44274034,1.27206377
oe:player:fddde6d256bee26713f64ad9b2a9394,Palafox,oe:team:d1f833765bf7a9a8109d96a1b61afd7,Golden Guardians Academy,mid,2019-03-02,1,837.89808917,373.93893851,2.50238434
oe:player:fddde6d256bee26713f64ad9b2a9394,Palafox,oe:team:d1f833765bf7a9a8109d96a1b61afd7,Golden Guardians Academy,mid,2019-03-08,1,232.69938650,425.17878242,-1.03814620
oe:player:fddde6d256bee26713f64ad9b2a9394,Palafox,oe:team:d1f833765bf7a9a8109d96a1b61afd7,Golden Guardians Academy,mid,2019-03-09,1,422.71267103,482.76220207,-0.32387982
oe:player:fddde6d256bee26713f64ad9b2a9394,Palafox,oe:team:d1f833765bf7a9a8109d96a1b61afd7,Golden Guardians Academy,mid,2019-03-15,1,1051.66848419,482.79124060,3.06826475
oe:player:fddde6d256bee26713f64ad9b2a9394,Palafox,oe:team:d1f833765bf7a9a8109d96a1b61afd7,Golden Guardians Academy,mid,2019-03-16,1,718.42029679,491.91467442,1.22166816
oe:player:fddde6d256bee26713f64ad9b2a9394,Palafox,oe:team:d1f833765bf7a9a8109d96a1b61afd7,Golden Guardians Academy,mid,2019-05-31,2,485.19590030,468.62019228,0.08621544
oe:player:fddde6d256bee26713f64ad9b2a9394,Palafox,oe:team:d1f833765bf7a9a8109d96a1b61afd7,Golden Guardians Academy,mid,2019-06-07,1,987.68587361,534.66646415,2.35629563
oe:player:fddde6d256bee26713f64ad9b2a9394,Palafox,oe:team:d1f833765bf7a9a8109d96a1b61afd7,Golden Guardians Academy,mid,2019-06-08,1,583.62549801,494.48542557,0.46364539
oe:player:fddde6d256bee26713f64ad9b2a9394,Palafox,oe:team:d1f833765bf7a9a8109d96a1b61afd7,Golden Guardians Academy,mid,2019-06-13,2,382.71134132,491.88128007,-0.56782699
oe:player:fddde6d256bee26713f64ad9b2a9394,Palafox,oe:team:d1f833765bf7a9a8109d96a1b61afd7,Golden Guardians Academy,mid,2019-06-15,1,383.67444074,532.24732349,-0.78396738
oe:player:fddde6d256bee26713f64ad9b2a9394,Palafox,oe:team:d1f833765bf7a9a8109d96a1b61afd7,Golden Guardians Academy,mid,2019-06-20,1,372.44906445,450.04489740,-0.40944620
oe:player:fddde6d256bee26713f64ad9b2a9394,Palafox,oe:team:d1f833765bf7a9a8109d96a1b61afd7,Golden Guardians Academy,mid,2019-06-22,1,693.62068966,456.78828654,1.24968214
oe:player:fddde6d256bee26713f64ad9b2a9394,Palafox,oe:team:d1f833765bf7a9a8109d96a1b61afd7,Golden Guardians Academy,mid,2019-07-04,1,700.77192982,611.34552103,0.47187203
oe:player:fddde6d256bee26713f64ad9b2a9394,Palafox,oe:team:d1f833765bf7a9a8109d96a1b61afd7,Golden Guardians Academy,mid,2019-07-05,1,875.55639381,547.30634753,1.73206121
oe:player:fddde6d256bee26713f64ad9b2a9394,Palafox,oe:team:d1f833765bf7a9a8109d96a1b61afd7,Golden Guardians Academy,mid,2019-07-11,1,783.19829424,554.49378791,1.20679406
oe:player:fddde6d256bee26713f64ad9b2a9394,Palafox,oe:team:d1f833765bf7a9a8109d96a1b61afd7,Golden Guardians Academy,mid,2019-07-12,1,479.83713355,555.30727898,-0.39822968
oe:player:fddde6d256bee26713f64ad9b2a9394,Palafox,oe:team:d1f833765bf7a9a8109d96a1b61afd7,Golden Guardians Academy,mid,2019-07-18,2,536.64130939,508.76474605,0.14453569
oe:player:fddde6d256bee26713f64ad9b2a9394,Palafox,oe:team:d1f833765bf7a9a8109d96a1b61afd7,Golden Guardians Academy,mid,2019-07-19,1,430.84886128,484.66258901,-0.27901590
oe:player:fddde6d256bee26713f64ad9b2a9394,Palafox,oe:team:d1f833765bf7a9a8109d96a1b61afd7,Golden Guardians Academy,mid,2019-07-26,1,555.72341662,490.37856935,0.33880298
oe:player:fddde6d256bee26713f64ad9b2a9394,Palafox,oe:team:d1f833765bf7a9a8109d96a1b61afd7,Golden Guardians Academy,mid,2019-07-28,1,301.66226913,618.60403153,-1.64329430
oe:player:fddde6d256bee26713f64ad9b2a9394,Palafox,oe:team:d1f833765bf7a9a8109d96a1b61afd7,Golden Guardians Academy,mid,2019-08-08,3,371.61373073,487.88749775,-0.60286160
oe:player:fddde6d256bee26713f64ad9b2a9394,Palafox,oe:team:d1f833765bf7a9a8109d96a1b61afd7,Golden Guardians Academy,mid,2019-08-09,1,485.28277635,500.48251345,-0.07880830
oe:player:fddde6d256bee26713f64ad9b2a9394,Palafox,oe:team:d1f833765bf7a9a8109d96a1b61afd7,Golden Guardians Academy,mid,2019-08-16,3,420.00574305,489.03462228,-0.35790412
oe:player:fddde6d256bee26713f64ad9b2a9394,Palafox,oe:team:d1f833765bf7a9a8109d96a1b61afd7,Golden Guardians Academy,mid,2019-08-17,1,203.11860325,491.83949171,-1.49697341
