player_id,player,team_id,team,role,day,n_games,actual_dpm,expected_dpm,adjusted_impact
oe:player:0015d99e65183977a9e65547b37f1cb,Harp,oe:team:e435aa3ecb82a89e60544f5f5857a81,DetonatioN FocusMe,sup,2024-03-12,2,254.75501288,275.97864400,-0.16700798
oe:player:0015d99e65183977a9e65547b37f1cb,Harp,oe:team:e435aa3ecb82a89e60544f5f5857a81,DetonatioN FocusMe,sup,2024-03-14,3,263.00607112,216.57855628,0.36533642
oe:player:0015d99e65183977a9e65547b37f1cb,Harp,oe:team:e435aa3ecb82a89e60544f5f5857a81,DetonatioN FocusMe,sup,2024-03-16,3,233.39378639,249.63958731,-0.12783761
oe:player:0015d99e65183977a9e65547b37f1cb,Harp,oe:team:e435aa3ecb82a89e60544f5f5857a81,DetonatioN FocusMe,sup,2024-03-17,5,189.29990491,278.97285176,-0.60648936
oe:player:0015d99e65183977a9e65547b37f1cb,Harp,oe:team:e435aa3ecb82a89e60544f5f5857a81,DetonatioN FocusMe,sup,2024-08-05,2,290.50929827,223.21922707,0.45976945
oe:player:0015d99e65183977a9e65547b37f1cb,Harp,oe:team:e435aa3ecb82a89e60544f5f5857a81,DetonatioN FocusMe,sup,2024-08-07,2,259.51397168,215.17212290,0.33452305
oe:player:0015d99e65183977a9e65547b37f1cb,Harp,oe:team:e435aa3ecb82a89e60544f5f5857a81,DetonatioN FocusMe,sup,2024-08-14,4,433.78040345,316.87072936,0.88198805
oe:player:0015d99e65183977a9e65547b37f1cb,Harp,oe:team:e435aa3ecb82a89e60544f5f5857a81,DetonatioN FocusMe,sup,2024-08-20,3,202.75461261,181.24434657,0.16227740
oe:player:0103d21d116b61eb55fa351242208cf,Kaiwing,oe:team:957a0b20bb6ce6491d39eb82e5fcb17,Frank Esports,sup,2024-02-16,2,335.18587099,313.26753704,0.17247457
oe:player:0103d21d116b61eb55fa351242208cf,Kaiwing,oe:team:957a0b20bb6ce6491d39eb82e5fcb17,Frank Esports,sup,2024-02-18,3,125.77133177,219.73334651,-0.73938366
oe:player:0103d21d116b61eb55fa351242208cf,Kaiwing,oe:team:957a0b20bb6ce6491d39eb82e5fcb17,Frank Esports,sup,2024-02-24,2,195.44206222,220.89052508,-0.20025302
oe:player:0103d21d116b61eb55fa351242208cf,Kaiwing,oe:team:957a0b20bb6ce6491d39eb82e5fcb17,Frank Esports,sup,2024-03-01,2,97.50767567,248.67349744,-1.18951832
oe:player:0103d21d116b61eb55fa351242208cf,Kaiwing,oe:team:957a0b20bb6ce6491d39eb82e5fcb17,Frank Esports,sup,2024-03-03,3,117.62792663,313.31457752,-1.53985110
oe:player:0103d21d116b61eb55fa351242208cf,Kaiwing,oe:team:957a0b20bb6ce6491d39eb82e5fcb17,Frank Esports,sup,2024-03-12,2,191.23158379,263.50638988,-0.56872781
oe:player:0103d21d116b61eb55fa351242208cf,Kaiwing,oe:team:957a0b20bb6ce6491d39eb82e5fcb17,Frank Esports,sup,2024-03-14,3,175.07184507,270.34834627,-0.74972730
oe:player:0103d21d116b61eb55fa351242208cf,Kaiwing,oe:team:957a0b20bb6ce6491d39eb82e5fcb17,Frank Esports,sup,2024-03-21,3,154.89003490,293.71734304,-0.93893741
oe:player:0103d21d116b61eb55fa351242208cf,Kaiwing,oe:team:957a0b20bb6ce6491d39eb82e5fcb17,Frank Esports,sup,2024-03-23,3,140.56609964,189.73903844,-0.33257370
oe:player:0103d21d116b61eb55fa351242208cf,Kaiwing,oe:team:957a0b20bb6ce6491d39eb82e5fcb17,Frank Esports,sup,2024-03-27,4,241.40615062,296.06078253,-0.36964830
oe:player:0103d21d116b61eb55fa351242208cf,Kaiwing,oe:team:957a0b20bb6ce6491d39eb82e5fcb17,Frank Esports,sup,2024-03-31,5,192.13656253,254.77958451,-0.42367656
oe:player:0103d21d116b61eb55fa351242208cf,Kaiwing,oe:team:957a0b20bb6ce6491d39eb82e5fcb17,Frank Esports,sup,2024-06-08,2,307.15051779,305.56667785,0.01071206
oe:player:0103d21d116b61eb55fa351242208cf,Kaiwing,oe:team:957a0b20bb6ce6491d39eb82e5fcb17,Frank Esports,sup,2024-06-16,3,93.14644151,163.36642804,-0.47492221
oe:player:0103d21d116b61eb55fa351242208cf,Kaiwing,oe:team:957a0b20bb6ce6491d39eb82e5fcb17,Frank Esports,sup,2024-06-23,3,211.87069450,265.47974123,-0.36629181
oe:player:0103d21d116b61eb55fa351242208cf,Kaiwing,oe:team:957a0b20bb6ce6491d39eb82e5fcb17,Frank Esports,sup,2024-06-29,2,271.55239549,398.77195148,-0.86924660
oe:player:0103d21d116b61eb55fa351242208cf,Kaiwing,oe:team:957a0b20bb6ce6491d39eb82e5fcb17,Frank Esports,sup,2024-06-30,3,137.49572152,246.49061619,-0.74472388
oe:player:0103d21d116b61eb55fa351242208cf,Kaiwing,oe:team:957a0b20bb6ce6491d39eb82e5fcb17,Frank Esports,sup,2024-07-14,3,195.92133359,302.30471959,-0.72688036
oe:player:0103d21d116b61eb55fa351242208cf,Kaiwing,oe:team:957a0b20bb6ce6491d39eb82e5fcb17,Frank Esports,sup,2024-07-19,2,186.70788628,257.54825743,-0.48402741
oe:player:0103d21d116b61eb55fa351242208cf,Kaiwing,oe:team:957a0b20bb6ce6491d39eb82e5fcb17,Frank Esports,sup,2024-07-26,2,160.05138310,293.49879476,-0.91179935
oe:player:0103d21d116b61eb55fa351242208cf,Kaiwing,oe:team:957a0b20bb6ce6491d39eb82e5fcb17,Frank Esports,sup,2024-07-28,2,145.18999737,225.47174455,-0.54853702
oe:player:0103d21d116b61eb55fa351242208cf,Kaiwing,oe:team:957a0b20bb6ce6491d39eb82e5fcb17,Frank Esports,sup,2024-08-05,3,158.97370559,259.89201399,-0.68953940
oe:player:0103d21d116b61eb55fa351242208cf,Kaiwing,oe:team:957a0b20bb6ce6491d39eb82e5fcb17,Frank Esports,sup,2024-08-07,3,132.89987920,270.10279188,-1.03508397
oe:player:0103d21d116b61eb55fa351242208cf,Kaiwing,oe:team:957a0b20bb6ce6491d39eb82e5fcb17,Frank Esports,sup,2024-08-10,3,166.96313669,217.65351945,-0.38241756
oe:player:0103d21d116b61eb55fa351242208cf,Kaiwing,oe:team:957a0b20bb6ce6491d39eb82e5fcb17,Frank Esports,sup,2024-08-11,3,218.56838587,284.13002179,-0.49460902
oe:player:0103d21d116b61eb55fa351242208cf,Kaiwing,oe:team:957a0b20bb6ce6491d39eb82e5fcb17,Frank Esports,sup,2024-08-15,5,149.19330458,199.89260582,-0.38248484
oe:player:0103d21d116b61eb55fa351242208cf,Kaiwing,oe:team:957a0b20bb6ce6491d39eb82e5fcb17,Frank Esports,sup,2024-08-17,3,90.80158217,156.56155081,-0.49610528
oe:player:0103d21d116b61eb55fa351242208cf,Kaiwing,oe:team:957a0b20bb6ce6491d39eb82e5fcb17,Frank Esports,sup,2024-08-20,3,208.58860600,215.63075854,-0.05312729
oe:player:0103d21d116b61eb55fa351242208cf,Kaiwing,oe:team:957a0b20bb6ce6491d39eb82e5fcb17,Frank Esports,sup,2024-08-24,4,151.39805658,181.22930176,-0.22505239
oe:player:0103d21d116b61eb55fa351242208cf,Kaiwing,oe:team:957a0b20bb6ce6491d39eb82e5fcb17,Frank Esports,sup,2024-08-31,4,152.62390909,228.55749149,-0.57285689
oe:player:060a269b0eb445a1b5075034787f0cc,Orca,oe:team:7e56e9367c023df96cc8257ff4e16c0,Deep Cross Gaming,sup,2024-02-16,2,331.68281430,271.34472853,0.47479819
oe:player:060a269b0eb445a1b5075034787f0cc,Orca,oe:team:7e56e9367c023df96cc8257ff4e16c0,Deep Cross Gaming,sup,2024-02-18,3,287.26539336,255.56761134,0.24942869
oe:player:060a269b0eb445a1b5075034787f0cc,Orca,oe:team:7e56e9367c023df96cc8257ff4e16c0,Deep Cross Gaming,sup,2024-02-23,2,585.04258171,325.48242983,2.04246934
oe:player:060a269b0eb445a1b5075034787f0cc,Orca,oe:team:7e56e9367c023df96cc8257ff4e16c0,Deep Cross Gaming,sup,2024-02-25,2,700.65820417,318.87191417,3.00426236
oe:player:060a269b0eb445a1b5075034787f0cc,Orca,oe:team:7e56e9367c023df96cc8257ff4e16c0,Deep Cross Gaming,sup,2024-03-02,2,517.38063036,364.40472962,1.20376177
oe:player:060a269b0eb445a1b5075034787f0cc,Orca,oe:team:7e56e9367c023df96cc8257ff4e16c0,Deep Cross Gaming,sup,2024-03-11,2,404.70559586,318.49590719,0.67838089
oe:player:060a269b0eb445a1b5075034787f0cc,Orca,oe:team:7e56e9367c023df96cc8257ff4e16c0,Deep Cross Gaming,sup,2024-03-13,2,440.14060473,350.65001174,0.70419820
oe:player:060a269b0eb445a1b5075034787f0cc,Orca,oe:team:7e56e9367c023df96cc8257ff4e16c0,Deep Cross Gaming,sup,2024-03-16,2,737.97948201,344.33622789,3.09756437
oe:player:060a269b0eb445a1b5075034787f0cc,Orca,oe:team:7e56e9367c023df96cc8257ff4e16c0,Deep Cross Gaming,sup,2024-03-17,5,512.26862124,366.76185178,0.98411294
oe:player:060a269b0eb445a1b5075034787f0cc,Orca,oe:team:7e56e9367c023df96cc8257ff4e16c0,Deep Cross Gaming,sup,2024-03-21,3,288.81896340,311.50868067,-0.15345846
oe:player:060a269b0eb445a1b5075034787f0cc,Orca,oe:team:7e56e9367c023df96cc8257ff4e16c0,Deep Cross Gaming,sup,2024-03-28,5,582.75134816,399.20137625,1.24141236
oe:player:060a269b0eb445a1b5075034787f0cc,Orca,oe:team:7e56e9367c023df96cc8257ff4e16c0,Deep Cross Gaming,sup,2024-06-08,2,121.26401692,210.32575890,-0.60235556
oe:player:060a269b0eb445a1b5075034787f0cc,Orca,oe:team:7e56e9367c023df96cc8257ff4e16c0,Deep Cross Gaming,sup,2024-06-15,2,270.68534650,366.10894661,-0.64538303
oe:player:060a269b0eb445a1b5075034787f0cc,Orca,oe:team:7e56e9367c023df96cc8257ff4e16c0,Deep Cross Gaming,sup,2024-06-22,2,335.18798817,370.05476127,-0.23581612
oe:player:060a269b0eb445a1b5075034787f0cc,Orca,oe:team:7e56e9367c023df96cc8257ff4e16c0,Deep Cross Gaming,sup,2024-06-23,2,150.61618078,285.64242721,-0.92258698
oe:player:060a269b0eb445a1b5075034787f0cc,Orca,oe:team:7e56e9367c023df96cc8257ff4e16c0,Deep Cross Gaming,sup,2024-06-29,2,307.47016470,357.22578430,-0.33996270
oe:player:060a269b0eb445a1b5075034787f0cc,Orca,oe:team:7e56e9367c023df96cc8257ff4e16c0,Deep Cross Gaming,sup,2024-07-14,3,239.44260031,318.38038810,-0.53935421
oe:player:060a269b0eb445a1b5075034787f0cc,Orca,oe:team:7e56e9367c023df96cc8257ff4e16c0,Deep Cross Gaming,sup,2024-07-20,2,335.11490958,286.85043422,0.32977423
oe:player:060a269b0eb445a1b5075034787f0cc,Orca,oe:team:7e56e9367c023df96cc8257ff4e16c0,Deep Cross Gaming,sup,2024-07-21,2,214.77510557,250.18280225,-0.24192837
oe:player:060a269b0eb445a1b5075034787f0cc,Orca,oe:team:7e56e9367c023df96cc8257ff4e16c0,Deep Cross Gaming,sup,2024-07-26,3,280.28143512,258.97491306,0.14557999
oe:player:060a269b0eb445a1b5075034787f0cc,Orca,oe:team:7e56e9367c023df96cc8257ff4e16c0,Deep Cross Gaming,sup,2024-07-27,3,239.62063145,269.41641527,-0.20358414
oe:player:060a269b0eb445a1b5075034787f0cc,Orca,oe:team:7e56e9367c023df96cc8257ff4e16c0,Deep Cross Gaming,sup,2024-08-14,4,262.74410674,299.11801333,-0.27441143
oe:player:060a269b0eb445a1b5075034787f0cc,Orca,oe:team:7e56e9367c023df96cc8257ff4e16c0,Deep Cross Gaming,sup,2024-08-18,5,253.97180682,313.00770751,-0.44537768
oe:player:060a269b0eb445a1b5075034787f0cc,Orca,oe:team:7e56e9367c023df96cc8257ff4e16c0,Deep Cross Gaming,sup,2024-08-21,3,309.10506523,272.18689647,0.27851744
oe:player:0908c66a5c361f682282599e75b334f,SwordArt,oe:team:0916b3c324c8577b0c6344f3e067f62,CTBC Flying Oyster,sup,2024-02-16,2,128.23400154,147.67772635,-0.15300196
oe:player:0908c66a5c361f682282599e75b334f,SwordArt,oe:team:0916b3c324c8577b0c6344f3e067f62,CTBC Flying Oyster,sup,2024-02-18,3,135.88776147,186.27450915,-0.39649148
oe:player:0908c66a5c361f682282599e75b334f,SwordArt,oe:team:0916b3c324c8577b0c6344f3e067f62,CTBC Flying Oyster,sup,2024-02-24,2,293.79616039,282.61560403,0.08797939
oe:player:0908c66a5c361f682282599e75b334f,SwordArt,oe:team:0916b3c324c8577b0c6344f3e067f62,CTBC Flying Oyster,sup,2024-03-01,2,122.64267239,138.16006746,-0.12210581
oe:player:0908c66a5c361f682282599e75b334f,SwordArt,oe:team:0916b3c324c8577b0c6344f3e067f62,CTBC Flying Oyster,sup,2024-03-03,3,135.09791067,143.48701127,-0.06601353
oe:player:0908c66a5c361f682282599e75b334f,SwordArt,oe:team:0916b3c324c8577b0c6344f3e067f62,CTBC Flying Oyster,sup,2024-03-23,3,193.96991478,235.23083826,-0.27906199
oe:player:0908c66a5c361f682282599e75b334f,SwordArt,oe:team:0916b3c324c8577b0c6344f3e067f62,CTBC Flying Oyster,sup,2024-03-30,3,115.81535923,170.60267487,-0.37054569
oe:player:0908c66a5c361f682282599e75b334f,SwordArt,oe:team:0916b3c324c8577b0c6344f3e067f62,CTBC Flying Oyster,sup,2024-04-06,3,179.05838926,245.93724251,-0.45232497
oe:player:0908c66a5c361f682282599e75b334f,SwordArt,oe:team:0916b3c324c8577b0c6344f3e067f62,CTBC Flying Oyster,sup,2024-06-08,2,294.31139273,276.39879459,0.12114914
oe:player:0908c66a5c361f682282599e75b334f,SwordArt,oe:team:0916b3c324c8577b0c6344f3e067f62,CTBC Flying Oyster,sup,2024-06-16,3,180.38349630,247.15759837,-0.45161650
oe:player:0908c66a5c361f682282599e75b334f,SwordArt,oe:team:0916b3c324c8577b0c6344f3e067f62,CTBC Flying Oyster,sup,2024-06-22,2,214.14007608,310.30626740,-0.65040543
oe:player:0908c66a5c361f682282599e75b334f,SwordArt,oe:team:0916b3c324c8577b0c6344f3e067f62,CTBC Flying Oyster,sup,2024-06-30,2,245.12230019,335.97194084,-0.62074373
oe:player:0908c66a5c361f682282599e75b334f,SwordArt,oe:team:0916b3c324c8577b0c6344f3e067f62,CTBC Flying Oyster,sup,2024-07-12,2,143.27046513,203.67175893,-0.41270085
oe:player:0908c66a5c361f682282599e75b334f,SwordArt,oe:team:0916b3c324c8577b0c6344f3e067f62,CTBC Flying Oyster,sup,2024-07-13,2,243.98045603,238.18860762,0.03957367
oe:player:0908c66a5c361f682282599e75b334f,SwordArt,oe:team:0916b3c324c8577b0c6344f3e067f62,CTBC Flying Oyster,sup,2024-07-19,2,206.68839000,149.20161573,0.39278696
oe:player:0908c66a5c361f682282599e75b334f,SwordArt,oe:team:0916b3c324c8577b0c6344f3e067f62,CTBC Flying Oyster,sup,2024-07-20,2,247.94938708,307.24436892,-0.40514181
oe:player:0908c66a5c361f682282599e75b334f,SwordArt,oe:team:0916b3c324c8577b0c6344f3e067f62,CTBC Flying Oyster,sup,2024-07-27,3,277.68752893,293.41455486,-0.10745725
oe:player:0908c66a5c361f682282599e75b334f,SwordArt,oe:team:0916b3c324c8577b0c6344f3e067f62,CTBC Flying Oyster,sup,2024-07-28,2,137.88048713,186.04676190,-0.32910326
oe:player:0908c66a5c361f682282599e75b334f,SwordArt,oe:team:0916b3c324c8577b0c6344f3e067f62,CTBC Flying Oyster,sup,2024-08-06,3,187.83465478,249.51069083,-0.42141072
oe:player:0908c66a5c361f682282599e75b334f,SwordArt,oe:team:0916b3c324c8577b0c6344f3e067f62,CTBC Flying Oyster,sup,2024-08-08,2,343.36874742,277.59680503,0.49619561
oe:player:0908c66a5c361f682282599e75b334f,SwordArt,oe:team:0916b3c324c8577b0c6344f3e067f62,CTBC Flying Oyster,sup,2024-08-15,5,232.20501690,232.77787947,-0.00432178
oe:player:0908c66a5c361f682282599e75b334f,SwordArt,oe:team:0916b3c324c8577b0c6344f3e067f62,CTBC Flying Oyster,sup,2024-08-21,3,233.74725457,277.16630427,-0.32756128
oe:player:0908c66a5c361f682282599e75b334f,SwordArt,oe:team:0916b3c324c8577b0c6344f3e067f62,CTBC Flying Oyster,sup,2024-08-24,4,136.68271353,212.09486271,-0.56892310
oe:player:0d47af84bee7ca00a76beb860c3d6ff,Pretender,oe:team:957a0b20bb6ce6491d39eb82e5fcb17,Frank Esports,bot,2024-03-01,2,792.26192852,537.90462155,1.08427053
oe:player:0d47af84bee7ca00a76beb860c3d6ff,Pretender,oe:team:957a0b20bb6ce6491d39eb82e5fcb17,Frank Esports,bot,2024-03-03,3,703.35412290,706.61283424,-0.01389119
oe:player:0d47af84bee7ca00a76beb860c3d6ff,Pretender,oe:team:957a0b20bb6ce6491d39eb82e5fcb17,Frank Esports,mid,2024-02-16,1,958.70619946,646.35633414,1.45554508
oe:player:0d47af84bee7ca00a76beb860c3d6ff,Pretender,oe:team:957a0b20bb6ce6491d39eb82e5fcb17,Frank Esports,mid,2024-02-18,1,436.16847826,608.21780646,-0.80174696
oe:player:0d47af84bee7ca00a76beb860c3d6ff,Pretender,oe:team:957a0b20bb6ce6491d39eb82e5fcb17,Frank Esports,mid,2024-02-24,1,367.84396415,609.17042738,-1.12457723
oe:player:0d47af84bee7ca00a76beb860c3d6ff,Pretender,oe:team:957a0b20bb6ce6491d39eb82e5fcb17,Frank Esports,mid,2024-03-12,1,628.63259669,688.13390441,-0.27727509
oe:player:0d47af84bee7ca00a76beb860c3d6ff,Pretender,oe:team:957a0b20bb6ce6491d39eb82e5fcb17,Frank Esports,mid,2024-03-14,2,481.97205085,625.72007097,-0.66986334
oe:player:0d47af84bee7ca00a76beb860c3d6ff,Pretender,oe:team:957a0b20bb6ce6491d39eb82e5fcb17,Frank Esports,mid,2024-03-23,1,402.21443588,689.99392166,-1.25788590
oe:player:0d47af84bee7ca00a76beb860c3d6ff,Pretender,oe:team:957a0b20bb6ce6491d39eb82e5fcb17,Frank Esports,mid,2024-06-23,2,550.86481859,640.45017506,-0.37951745
oe:player:0d47af84bee7ca00a76beb860c3d6ff,Pretender,oe:team:957a0b20bb6ce6491d39eb82e5fcb17,Frank Esports,mid,2024-06-29,1,998.96691817,881.05103394,0.49953628
oe:player:0d47af84bee7ca00a76beb860c3d6ff,Pretender,oe:team:957a0b20bb6ce6491d39eb82e5fcb17,Frank Esports,mid,2024-07-19,1,688.48442907,777.18762381,-0.37578028
oe:player:0d47af84bee7ca00a76beb860c3d6ff,Pretender,oe:team:957a0b20bb6ce6491d39eb82e5fcb17,Frank Esports,mid,2024-07-26,1,840.50998725,736.16578777,0.44204149
oe:player:0d47af84bee7ca00a76beb860c3d6ff,Pretender,oe:team:957a0b20bb6ce6491d39eb82e5fcb17,Frank Esports,mid,2024-07-28,1,658.07522124,656.04056607,0.00861957
oe:player:0d47af84bee7ca00a76beb860c3d6ff,Pretender,oe:team:957a0b20bb6ce6491d39eb82e5fcb17,Frank Esports,mid,2024-08-05,2,911.11383691,753.40884341,0.66809800
oe:player:0d47af84bee7ca00a76beb860c3d6ff,Pretender,oe:team:957a0b20bb6ce6491d39eb82e5fcb17,Frank Esports,mid,2024-08-07,2,906.41931652,860.98003804,0.18629637
oe:player:0d47af84bee7ca00a76beb860c3d6ff,Pretender,oe:team:957a0b20bb6ce6491d39eb82e5fcb17,Frank Esports,mid,2024-08-10,1,537.07995365,837.53201685,-1.23182259
oe:player:0d47af84bee7ca00a76beb860c3d6ff,Pretender,oe:team:957a0b20bb6ce6491d39eb82e5fcb17,Frank Esports,mid,2024-08-17,1,720.44198895,708.13612804,0.05045277
oe:player:0d47af84bee7ca00a76beb860c3d6ff,Pretender,oe:team:957a0b20bb6ce6491d39eb82e5fcb17,Frank Esports,mid,2024-08-24,2,783.21550231,688.44432732,0.38855208
oe:player:0d47af84bee7ca00a76beb860c3d6ff,Pretender,oe:team:957a0b20bb6ce6491d39eb82e5fcb17,Frank Esports,mid,2024-08-31,3,671.61675684,817.17651446,-0.59678005
oe:player:0d798f24869b290bfcdf6427d958118,Yutapon,oe:team:e435aa3ecb82a89e60544f5f5857a81,DetonatioN FocusMe,bot,2024-03-12,2,688.45344935,662.04460513,0.11257523
oe:player:0d798f24869b290bfcdf6427d958118,Yutapon,oe:team:e435aa3ecb82a89e60544f5f5857a81,DetonatioN FocusMe,bot,2024-03-14,3,572.12623569,602.06628840,-0.12762801
oe:player:0d798f24869b290bfcdf6427d958118,Yutapon,oe:team:e435aa3ecb82a89e60544f5f5857a81,DetonatioN FocusMe,bot,2024-03-16,3,717.28913807,614.71033009,0.43727141
oe:player:0d798f24869b290bfcdf6427d958118,Yutapon,oe:team:e435aa3ecb82a89e60544f5f5857a81,DetonatioN FocusMe,bot,2024-03-17,5,668.96037793,767.82781908,-0.43153584
oe:player:0d798f24869b290bfcdf6427d958118,Yutapon,oe:team:e435aa3ecb82a89e60544f5f5857a81,DetonatioN FocusMe,bot,2024-08-05,2,778.22410071,633.44000987,0.61653474
oe:player:0d798f24869b290bfcdf6427d958118,Yutapon,oe:team:e435aa3ecb82a89e60544f5f5857a81,DetonatioN FocusMe,bot,2024-08-07,2,1017.54186120,645.01348546,1.55796699
oe:player:0d798f24869b290bfcdf6427d958118,Yutapon,oe:team:e435aa3ecb82a89e60544f5f5857a81,DetonatioN FocusMe,bot,2024-08-14,4,749.51406341,754.05590776,-0.01899464
oe:player:0d798f24869b290bfcdf6427d958118,Yutapon,oe:team:e435aa3ecb82a89e60544f5f5857a81,DetonatioN FocusMe,bot,2024-08-20,3,618.65114589,625.82218867,-0.02999033
oe:player:0f2119d086ee35f18b407615e430fa8,Bini,oe:team:af4b23d4634c4e6ecb5659fb1e689e9,V3 Esports,bot,2024-03-11,2,513.66953915,639.56415304,-0.53666168
oe:player:0f2119d086ee35f18b407615e430fa8,Bini,oe:team:af4b23d4634c4e6ecb5659fb1e689e9,V3 Esports,bot,2024-03-13,2,554.77767020,620.35710947,-0.27955105
oe:player:14ab5f52ef3268bfc818e12fda4e226,zorenous,oe:team:22fca4d0e6f23af1d0bfc7b3b4de18c,Antic Esports,top,2024-03-12,2,457.48012025,512.20498314,-0.26535730
oe:player:14ab5f52ef3268bfc818e12fda4e226,zorenous,oe:team:22fca4d0e6f23af1d0bfc7b3b4de18c,Antic Esports,top,2024-03-14,2,413.32866591,585.79433384,-0.83627480
oe:player:15fbb3df4d209cf7c350c40ea9fd6b3,S1aytrue,oe:team:89008bdacc273b554227d6b76869381,Beyond Gaming,sup,2024-02-15,3,195.47147642,310.29274952,-0.90352440
oe:player:15fbb3df4d209cf7c350c40ea9fd6b3,S1aytrue,oe:team:89008bdacc273b554227d6b76869381,Beyond Gaming,sup,2024-02-17,2,321.36754871,298.61266653,0.17905734
oe:player:15fbb3df4d209cf7c350c40ea9fd6b3,S1aytrue,oe:team:89008bdacc273b554227d6b76869381,Beyond Gaming,sup,2024-02-24,2,161.48958474,211.28689786,-0.39185324
oe:player:15fbb3df4d209cf7c350c40ea9fd6b3,S1aytrue,oe:team:89008bdacc273b554227d6b76869381,Beyond Gaming,sup,2024-03-01,3,231.36676187,234.44156945,-0.02419555
oe:player:15fbb3df4d209cf7c350c40ea9fd6b3,S1aytrue,oe:team:89008bdacc273b554227d6b76869381,Beyond Gaming,sup,2024-03-03,3,153.45049586,238.05083547,-0.66571698
oe:player:15fbb3df4d209cf7c350c40ea9fd6b3,S1aytrue,oe:team:89008bdacc273b554227d6b76869381,Beyond Gaming,sup,2024-03-11,2,154.15823045,246.08344781,-0.72335617
oe:player:15fbb3df4d209cf7c350c40ea9fd6b3,S1aytrue,oe:team:89008bdacc273b554227d6b76869381,Beyond Gaming,sup,2024-03-13,2,225.34187512,331.40528886,-0.83460912
oe:player:15fbb3df4d209cf7c350c40ea9fd6b3,S1aytrue,oe:team:89008bdacc273b554227d6b76869381,Beyond Gaming,sup,2024-03-20,4,178.58247099,201.96852836,-0.15816805
oe:player:15fbb3df4d209cf7c350c40ea9fd6b3,S1aytrue,oe:team:89008bdacc273b554227d6b76869381,Beyond Gaming,sup,2024-03-27,4,172.35965265,267.41764830,-0.64291032
oe:player:16c1637b4b44b008b4d6627f68ae30a,Vsta,oe:team:d8ca3fc1f0827ec76369af7b70d43e3,Fukuoka SoftBank HAWKS gaming,sup,2024-03-24,5,302.30603669,184.43528167,0.79720095
oe:player:16c1637b4b44b008b4d6627f68ae30a,Vsta,oe:team:d8ca3fc1f0827ec76369af7b70d43e3,Fukuoka SoftBank HAWKS gaming,sup,2024-03-28,5,356.53787545,305.39144386,0.34592112
oe:player:16c1637b4b44b008b4d6627f68ae30a,Vsta,oe:team:d8ca3fc1f0827ec76369af7b70d43e3,Fukuoka SoftBank HAWKS gaming,sup,2024-03-31,5,289.23985538,238.99276811,0.33983854
oe:player:16c1637b4b44b008b4d6627f68ae30a,Vsta,oe:team:d8ca3fc1f0827ec76369af7b70d43e3,Fukuoka SoftBank HAWKS gaming,sup,2024-04-06,3,200.54394091,164.28970346,0.24520003
oe:player:16c1637b4b44b008b4d6627f68ae30a,Vsta,oe:team:d8ca3fc1f0827ec76369af7b70d43e3,Fukuoka SoftBank HAWKS gaming,sup,2024-04-07,3,259.39250365,192.93872897,0.44945001
oe:player:16c1637b4b44b008b4d6627f68ae30a,Vsta,oe:team:d8ca3fc1f0827ec76369af7b70d43e3,Fukuoka SoftBank HAWKS gaming,sup,2024-08-18,5,302.25294648,353.18381351,-0.38423181
oe:player:16c1637b4b44b008b4d6627f68ae30a,Vsta,oe:team:d8ca3fc1f0827ec76369af7b70d43e3,Fukuoka SoftBank HAWKS gaming,sup,2024-08-23,3,134.59410989,197.56019234,-0.47502769
oe:player:16c1637b4b44b008b4d6627f68ae30a,Vsta,oe:team:d8ca3fc1f0827ec76369af7b70d43e3,Fukuoka SoftBank HAWKS gaming,sup,2024-08-31,4,155.19097330,274.48018086,-0.89993969
oe:player:16c1637b4b44b008b4d6627f68ae30a,Vsta,oe:team:d8ca3fc1f0827ec76369af7b70d43e3,Fukuoka SoftBank HAWKS gaming,sup,2024-09-01,4,162.65941457,178.30601674,-0.11804084
oe:player:20c094acbddf3fbdfd91293511b4472,Haeri,oe:team:0b27fc98592297c4441bce44760a642,Team Bliss,mid,2024-08-05,3,489.24148543,620.87699510,-0.55765781
oe:player:20c094acbddf3fbdfd91293511b4472,Haeri,oe:team:0b27fc98592297c4441bce44760a642,Team Bliss,mid,2024-08-07,2,760.92098482,722.79906263,0.15629596
oe:player:20c094acbddf3fbdfd91293511b4472,Haeri,oe:team:0b27fc98592297c4441bce44760a642,Team Bliss,mid,2024-08-10,3,611.33013686,733.90318520,-0.50253690
oe:player:218c4fe83f2d8946559a581fb8829e3,Cryscata,oe:team:7e56e9367c023df96cc8257ff4e16c0,Deep Cross Gaming,mid,2024-02-16,2,726.95443998,655.02040063,0.33521141
oe:player:218c4fe83f2d8946559a581fb8829e3,Cryscata,oe:team:7e56e9367c023df96cc8257ff4e16c0,Deep Cross Gaming,mid,2024-02-18,3,866.04177908,595.78062079,1.25941242
oe:player:218c4fe83f2d8946559a581fb8829e3,Cryscata,oe:team:7e56e9367c023df96cc8257ff4e16c0,Deep Cross Gaming,mid,2024-02-23,2,947.73185160,675.85146497,1.26695800
oe:player:218c4fe83f2d8946559a581fb8829e3,Cryscata,oe:team:7e56e9367c023df96cc8257ff4e16c0,Deep Cross Gaming,mid,2024-02-25,2,871.95307392,643.05063528,1.06668149
oe:player:218c4fe83f2d8946559a581fb8829e3,Cryscata,oe:team:7e56e9367c023df96cc8257ff4e16c0,Deep Cross Gaming,mid,2024-03-02,2,1148.77493450,753.68108653,1.84113064
oe:player:218c4fe83f2d8946559a581fb8829e3,Cryscata,oe:team:7e56e9367c023df96cc8257ff4e16c0,Deep Cross Gaming,mid,2024-03-11,2,769.21502834,656.07140195,0.52724738
oe:player:218c4fe83f2d8946559a581fb8829e3,Cryscata,oe:team:7e56e9367c023df96cc8257ff4e16c0,Deep Cross Gaming,mid,2024-03-13,2,706.01118076,696.23573570,0.04555341
oe:player:218c4fe83f2d8946559a581fb8829e3,Cryscata,oe:team:7e56e9367c023df96cc8257ff4e16c0,Deep Cross Gaming,mid,2024-03-16,2,1421.78732941,691.43595010,3.40342506
oe:player:218c4fe83f2d8946559a581fb8829e3,Cryscata,oe:team:7e56e9367c023df96cc8257ff4e16c0,Deep Cross Gaming,mid,2024-03-17,5,738.65444928,716.05249874,0.09879326
oe:player:218c4fe83f2d8946559a581fb8829e3,Cryscata,oe:team:7e56e9367c023df96cc8257ff4e16c0,Deep Cross Gaming,mid,2024-03-21,3,825.77237719,708.92071342,0.51075934
oe:player:218c4fe83f2d8946559a581fb8829e3,Cryscata,oe:team:7e56e9367c023df96cc8257ff4e16c0,Deep Cross Gaming,mid,2024-03-28,5,781.12863971,794.28590162,-0.05751047
oe:player:218c4fe83f2d8946559a581fb8829e3,Cryscata,oe:team:7e56e9367c023df96cc8257ff4e16c0,Deep Cross Gaming,mid,2024-06-08,2,839.16752877,703.63025046,0.59243428
oe:player:218c4fe83f2d8946559a581fb8829e3,Cryscata,oe:team:7e56e9367c023df96cc8257ff4e16c0,Deep Cross Gaming,mid,2024-06-15,2,609.78289646,766.50585847,-0.68503703
oe:player:218c4fe83f2d8946559a581fb8829e3,Cryscata,oe:team:7e56e9367c023df96cc8257ff4e16c0,Deep Cross Gaming,mid,2024-06-22,2,1236.11672622,771.01910679,2.03294455
oe:player:218c4fe83f2d8946559a581fb8829e3,Cryscata,oe:team:7e56e9367c023df96cc8257ff4e16c0,Deep Cross Gaming,mid,2024-06-23,2,775.98516474,736.33053132,0.16799203
oe:player:218c4fe83f2d8946559a581fb8829e3,Cryscata,oe:team:7e56e9367c023df96cc8257ff4e16c0,Deep Cross Gaming,mid,2024-06-29,2,626.82112578,762.09107891,-0.57305468
oe:player:218c4fe83f2d8946559a581fb8829e3,Cryscata,oe:team:7e56e9367c023df96cc8257ff4e16c0,Deep Cross Gaming,mid,2024-07-14,3,1131.84887891,745.59257881,1.63632778
oe:player:218c4fe83f2d8946559a581fb8829e3,Cryscata,oe:team:7e56e9367c023df96cc8257ff4e16c0,Deep Cross Gaming,mid,2024-07-20,2,1203.10460054,693.64719521,2.15825426
oe:player:218c4fe83f2d8946559a581fb8829e3,Cryscata,oe:team:7e56e9367c023df96cc8257ff4e16c0,Deep Cross Gaming,mid,2024-07-21,2,567.19880932,695.85266498,-0.54502639
oe:player:218c4fe83f2d8946559a581fb8829e3,Cryscata,oe:team:7e56e9367c023df96cc8257ff4e16c0,Deep Cross Gaming,mid,2024-07-26,3,901.46434826,674.99318201,0.95941752
oe:player:218c4fe83f2d8946559a581fb8829e3,Cryscata,oe:team:7e56e9367c023df96cc8257ff4e16c0,Deep Cross Gaming,mid,2024-07-27,3,758.66051022,717.54353857,0.17418704
oe:player:218c4fe83f2d8946559a581fb8829e3,Cryscata,oe:team:7e56e9367c023df96cc8257ff4e16c0,Deep Cross Gaming,mid,2024-08-14,4,899.04439100,801.66368326,0.39925090
oe:player:218c4fe83f2d8946559a581fb8829e3,Cryscata,oe:team:7e56e9367c023df96cc8257ff4e16c0,Deep Cross Gaming,mid,2024-08-18,5,964.89730807,801.73889925,0.66893271
oe:player:218c4fe83f2d8946559a581fb8829e3,Cryscata,oe:team:7e56e9367c023df96cc8257ff4e16c0,Deep Cross Gaming,mid,2024-08-21,3,739.03781659,764.25451129,-0.10338586
oe:player:21e6493dca56a03bd0ccbdef211d187,Husha,oe:team:89008bdacc273b554227d6b76869381,Beyond Gaming,jng,2024-02-15,3,374.28025931,441.81406741,-0.45683293
oe:player:21e6493dca56a03bd0ccbdef211d187,Husha,oe:team:89008bdacc273b554227d6b76869381,Beyond Gaming,jng,2024-02-17,2,399.86901043,387.58948518,0.08306494
oe:player:21e6493dca56a03bd0ccbdef211d187,Husha,oe:team:89008bdacc273b554227d6b76869381,Beyond Gaming,jng,2024-02-24,2,352.54052822,333.17792437,0.13097847
oe:player:21e6493dca56a03bd0ccbdef211d187,Husha,oe:team:89008bdacc273b554227d6b76869381,Beyond Gaming,jng,2024-03-01,3,416.16964710,331.99996737,0.56936640
oe:player:21e6493dca56a03bd0ccbdef211d187,Husha,oe:team:89008bdacc273b554227d6b76869381,Beyond Gaming,jng,2024-03-03,3,384.59413228,355.31426852,0.19806385
oe:player:21e6493dca56a03bd0ccbdef211d187,Husha,oe:team:89008bdacc273b554227d6b76869381,Beyond Gaming,jng,2024-03-11,2,241.07742920,377.41244791,-0.92223920
oe:player:21e6493dca56a03bd0ccbdef211d187,Husha,oe:team:89008bdacc273b554227d6b76869381,Beyond Gaming,jng,2024-03-13,2,610.79366647,442.62508749,1.13757755
oe:player:21e6493dca56a03bd0ccbdef211d187,Husha,oe:team:89008bdacc273b554227d6b76869381,Beyond Gaming,jng,2024-03-20,4,349.35592988,350.32851026,-0.00662587
oe:player:21e6493dca56a03bd0ccbdef211d187,Husha,oe:team:89008bdacc273b554227d6b76869381,Beyond Gaming,jng,2024-03-27,4,331.94203366,379.82507924,-0.32621142
oe:player:243f23cc92b239c3d989c8523770b85,Enso,oe:team:b41d715b166da7092724123264e4560,J Team,sup,2024-02-25,2,212.36288872,301.18813019,-0.69896258
oe:player:243f23cc92b239c3d989c8523770b85,Enso,oe:team:b41d715b166da7092724123264e4560,J Team,sup,2024-03-02,2,270.95883292,270.46006507,0.00392479
oe:player:243f23cc92b239c3d989c8523770b85,Enso,oe:team:b41d715b166da7092724123264e4560,J Team,sup,2024-03-12,2,102.93030793,248.21499222,-1.14323987
oe:player:243f23cc92b239c3d989c8523770b85,Enso,oe:team:b41d715b166da7092724123264e4560,J Team,sup,2024-03-14,2,283.54276549,217.14802983,0.52245775
oe:player:243f23cc92b239c3d989c8523770b85,Enso,oe:team:b41d715b166da7092724123264e4560,J Team,sup,2024-03-16,3,146.96270064,235.44059592,-0.69622932
oe:player:243f23cc92b239c3d989c8523770b85,Enso,oe:team:b41d715b166da7092724123264e4560,J Team,sup,2024-06-08,2,335.16474969,317.58931859,0.11886876
oe:player:243f23cc92b239c3d989c8523770b85,Enso,oe:team:b41d715b166da7092724123264e4560,J Team,sup,2024-06-16,2,127.52351665,164.39210132,-0.24935507
oe:player:243f23cc92b239c3d989c8523770b85,Enso,oe:team:b41d715b166da7092724123264e4560,J Team,sup,2024-06-23,3,171.27744687,226.21499365,-0.37536899
oe:player:243f23cc92b239c3d989c8523770b85,Enso,oe:team:b41d715b166da7092724123264e4560,J Team,sup,2024-06-28,1,235.81221437,288.22670280,-0.35812981
oe:player:243f23cc92b239c3d989c8523770b85,Enso,oe:team:b41d715b166da7092724123264e4560,J Team,sup,2024-06-29,2,188.16560917,286.04448184,-0.66877200
oe:player:243f23cc92b239c3d989c8523770b85,Enso,oe:team:b41d715b166da7092724123264e4560,J Team,sup,2024-07-12,1,89.64143426,190.13060321,-0.68660724
oe:player:243f23cc92b239c3d989c8523770b85,Enso,oe:team:b41d715b166da7092724123264e4560,J Team,sup,2024-07-13,2,194.63676606,154.35946514,0.27520067
oe:player:243f23cc92b239c3d989c8523770b85,Enso,oe:team:b41d715b166da7092724123264e4560,J Team,sup,2024-08-06,3,246.53068383,237.10421712,0.06440774
oe:player:243f23cc92b239c3d989c8523770b85,Enso,oe:team:b41d715b166da7092724123264e4560,J Team,sup,2024-08-08,2,152.54687047,148.77377655,0.02846491
oe:player:243f23cc92b239c3d989c8523770b85,Enso,oe:team:b41d715b166da7092724123264e4560,J Team,sup,2024-08-10,3,295.80789991,257.14179500,0.29170420
oe:player:26bf7a7e68c0acc2c819ec162163038,ICU,oe:team:a31fdd71fc715fc1ee4a50fe19e828e,HELL PIGS,top,2024-02-15,3,575.57967033,563.33863529,0.05935598
oe:player:26bf7a7e68c0acc2c819ec162163038,ICU,oe:team:a31fdd71fc715fc1ee4a50fe19e828e,HELL PIGS,top,2024-02-17,3,533.04754779,508.81534375,0.11750038
oe:player:26bf7a7e68c0acc2c819ec162163038,ICU,oe:team:a31fdd71fc715fc1ee4a50fe19e828e,HELL PIGS,top,2024-02-23,2,447.02777778,497.69968522,-0.24570478
oe:player:26bf7a7e68c0acc2c819ec162163038,ICU,oe:team:a31fdd71fc715fc1ee4a50fe19e828e,HELL PIGS,top,2024-02-25,2,492.49911846,494.81309902,-0.01122034
oe:player:26bf7a7e68c0acc2c819ec162163038,ICU,oe:team:a31fdd71fc715fc1ee4a50fe19e828e,HELL PIGS,top,2024-03-02,2,772.16870786,586.10330863,0.90221901
oe:player:28210a578227a57de61f42f4bd0d2b4,Gaeng,oe:team:984c3ce601b35d7617ad0bc8570946c,QT DIG∞,sup,2024-08-06,3,153.87227632,162.95304456,-0.06204570
oe:player:28210a578227a57de61f42f4bd0d2b4,Gaeng,oe:team:984c3ce601b35d7617ad0bc8570946c,QT DIG∞,sup,2024-08-08,2,162.59189252,250.85024864,-0.66583725
oe:player:2cec4b6803b4678250233ae79205f2e,1Jiang,oe:team:957a0b20bb6ce6491d39eb82e5fcb17,Frank Esports,top,2024-02-16,2,773.43879982,620.43187848,0.74192060
oe:player:2cec4b6803b4678250233ae79205f2e,1Jiang,oe:team:957a0b20bb6ce6491d39eb82e5fcb17,Frank Esports,top,2024-02-18,3,519.27581308,547.15968277,-0.13520707
oe:player:2cec4b6803b4678250233ae79205f2e,1Jiang,oe:team:957a0b20bb6ce6491d39eb82e5fcb17,Frank Esports,top,2024-02-24,2,220.41794526,495.51603097,-1.33393271
oe:player:2cec4b6803b4678250233ae79205f2e,1Jiang,oe:team:957a0b20bb6ce6491d39eb82e5fcb17,Frank Esports,top,2024-03-01,2,464.37804896,503.77653764,-0.19104071
oe:player:2cec4b6803b4678250233ae79205f2e,1Jiang,oe:team:957a0b20bb6ce6491d39eb82e5fcb17,Frank Esports,top,2024-03-03,3,676.98461424,629.34062205,0.23102262
oe:player:2cec4b6803b4678250233ae79205f2e,1Jiang,oe:team:957a0b20bb6ce6491d39eb82e5fcb17,Frank Esports,top,2024-03-12,2,722.35119157,581.98820674,0.68061098
oe:player:2cec4b6803b4678250233ae79205f2e,1Jiang,oe:team:957a0b20bb6ce6491d39eb82e5fcb17,Frank Esports,top,2024-03-14,3,650.23374570,615.48835185,0.16847815
oe:player:2cec4b6803b4678250233ae79205f2e,1Jiang,oe:team:957a0b20bb6ce6491d39eb82e5fcb17,Frank Esports,top,2024-03-21,3,737.83071684,616.50652099,0.61931559
oe:player:2cec4b6803b4678250233ae79205f2e,1Jiang,oe:team:957a0b20bb6ce6491d39eb82e5fcb17,Frank Esports,top,2024-03-23,3,475.15635171,520.66786580,-0.23231961
oe:player:2cec4b6803b4678250233ae79205f2e,1Jiang,oe:team:957a0b20bb6ce6491d39eb82e5fcb17,Frank Esports,top,2024-03-27,4,579.36200446,581.80918178,-0.01249194
oe:player:2cec4b6803b4678250233ae79205f2e,1Jiang,oe:team:957a0b20bb6ce6491d39eb82e5fcb17,Frank Esports,top,2024-03-31,5,718.32894481,582.56655857,0.69301726
oe:player:2cec4b6803b4678250233ae79205f2e,1Jiang,oe:team:957a0b20bb6ce6491d39eb82e5fcb17,Frank Esports,top,2024-06-08,2,724.31035756,585.90532817,0.70650699
oe:player:2cec4b6803b4678250233ae79205f2e,1Jiang,oe:team:957a0b20bb6ce6491d39eb82e5fcb17,Frank Esports,top,2024-06-16,3,612.54511424,528.60828648,0.42846676
oe:player:2cec4b6803b4678250233ae79205f2e,1Jiang,oe:team:957a0b20bb6ce6491d39eb82e5fcb17,Frank Esports,top,2024-06-23,3,624.77632476,626.49263452,-0.00883561
oe:player:2cec4b6803b4678250233ae79205f2e,1Jiang,oe:team:957a0b20bb6ce6491d39eb82e5fcb17,Frank Esports,top,2024-06-29,2,619.38709002,714.39749641,-0.48911600
oe:player:2cec4b6803b4678250233ae79205f2e,1Jiang,oe:team:957a0b20bb6ce6491d39eb82e5fcb17,Frank Esports,top,2024-06-30,3,287.75321801,482.16349210,-1.00082905
oe:player:2cec4b6803b4678250233ae79205f2e,1Jiang,oe:team:957a0b20bb6ce6491d39eb82e5fcb17,Frank Esports,top,2024-07-14,3,588.42963697,626.27990207,-0.19485413
oe:player:2cec4b6803b4678250233ae79205f2e,1Jiang,oe:team:957a0b20bb6ce6491d39eb82e5fcb17,Frank Esports,top,2024-07-19,2,868.69142266,700.60053539,0.86533618
oe:player:2cec4b6803b4678250233ae79205f2e,1Jiang,oe:team:957a0b20bb6ce6491d39eb82e5fcb17,Frank Esports,top,2024-07-26,2,572.37221672,639.61144632,-0.34614927
oe:player:2cec4b6803b4678250233ae79205f2e,1Jiang,oe:team:957a0b20bb6ce6491d39eb82e5fcb17,Frank Esports,top,2024-07-28,2,505.65269926,503.39503408,0.01162252
oe:player:2cec4b6803b4678250233ae79205f2e,1Jiang,oe:team:957a0b20bb6ce6491d39eb82e5fcb17,Frank Esports,top,2024-08-05,3,369.30817965,545.23303859,-0.90566566
oe:player:2cec4b6803b4678250233ae79205f2e,1Jiang,oe:team:957a0b20bb6ce6491d39eb82e5fcb17,Frank Esports,top,2024-08-07,3,583.44686766,620.23888982,-0.19069095
oe:player:2cec4b6803b4678250233ae79205f2e,1Jiang,oe:team:957a0b20bb6ce6491d39eb82e5fcb17,Frank Esports,top,2024-08-10,3,654.29123371,699.64618168,-0.23507211
oe:player:2cec4b6803b4678250233ae79205f2e,1Jiang,oe:team:957a0b20bb6ce6491d39eb82e5fcb17,Frank Esports,top,2024-08-11,3,485.76658167,557.54108896,-0.37200317
oe:player:2cec4b6803b4678250233ae79205f2e,1Jiang,oe:team:957a0b20bb6ce6491d39eb82e5fcb17,Frank Esports,top,2024-08-15,5,564.82291513,498.01884675,0.34624167
oe:player:2cec4b6803b4678250233ae79205f2e,1Jiang,oe:team:957a0b20bb6ce6491d39eb82e5fcb17,Frank Esports,top,2024-08-17,3,368.51034058,431.69465651,-0.32748070
oe:player:2cec4b6803b4678250233ae79205f2e,1Jiang,oe:team:957a0b20bb6ce6491d39eb82e5fcb17,Frank Esports,top,2024-08-20,3,655.08549388,550.84282554,0.54028380
oe:player:2cec4b6803b4678250233ae79205f2e,1Jiang,oe:team:957a0b20bb6ce6491d39eb82e5fcb17,Frank Esports,top,2024-08-24,4,500.53330248,557.06143136,-0.29298206
oe:player:2cec4b6803b4678250233ae79205f2e,1Jiang,oe:team:957a0b20bb6ce6491d39eb82e5fcb17,Frank Esports,top,2024-08-31,4,480.42270053,638.05200902,-0.81698370
oe:player:2e82913920d8a6d0efa480bc35f1ba8,Aria,oe:team:e435aa3ecb82a89e60544f5f5857a81,DetonatioN FocusMe,mid,2024-03-12,2,633.37772324,618.56168334,0.06904250
oe:player:2e82913920d8a6d0efa480bc35f1ba8,Aria,oe:team:e435aa3ecb82a89e60544f5f5857a81,DetonatioN FocusMe,mid,2024-03-14,3,614.70297621,600.66820016,0.06540182
oe:player:2e82913920d8a6d0efa480bc35f1ba8,Aria,oe:team:e435aa3ecb82a89e60544f5f5857a81,DetonatioN FocusMe,mid,2024-03-16,3,880.99452624,622.18969278,1.20602614
oe:player:2e82913920d8a6d0efa480bc35f1ba8,Aria,oe:team:e435aa3ecb82a89e60544f5f5857a81,DetonatioN FocusMe,mid,2024-03-17,5,689.03638727,703.41071016,-0.06283025
oe:player:2e82913920d8a6d0efa480bc35f1ba8,Aria,oe:team:e435aa3ecb82a89e60544f5f5857a81,DetonatioN FocusMe,mid,2024-08-05,2,1190.62682584,693.14260386,2.10753132
oe:player:2e82913920d8a6d0efa480bc35f1ba8,Aria,oe:team:e435aa3ecb82a89e60544f5f5857a81,DetonatioN FocusMe,mid,2024-08-07,2,1020.40403652,686.10843857,1.37057760
oe:player:2e82913920d8a6d0efa480bc35f1ba8,Aria,oe:team:e435aa3ecb82a89e60544f5f5857a81,DetonatioN FocusMe,mid,2024-08-14,4,759.86000344,779.15948011,-0.07912587
oe:player:2e82913920d8a6d0efa480bc35f1ba8,Aria,oe:team:e435aa3ecb82a89e60544f5f5857a81,DetonatioN FocusMe,mid,2024-08-20,3,698.41429622,615.93255740,0.33816665
oe:player:31b5f1d49f55acb4ee7624813bda6b2,Woody,oe:team:4880b157399745e82e26e229d8bbf48,PSG Talon,sup,2024-02-16,2,213.64476363,245.50309159,-0.25069202
oe:player:31b5f1d49f55acb4ee7624813bda6b2,Woody,oe:team:4880b157399745e82e26e229d8bbf48,PSG Talon,sup,2024-02-18,3,123.68878940,257.09306407,-1.04975336
oe:player:31b5f1d49f55acb4ee7624813bda6b2,Woody,oe:team:4880b157399745e82e26e229d8bbf48,PSG Talon,sup,2024-02-24,2,159.55186604,237.34322522,-0.61213736
oe:player:31b5f1d49f55acb4ee7624813bda6b2,Woody,oe:team:4880b157399745e82e26e229d8bbf48,PSG Talon,sup,2024-03-01,3,198.99106518,311.00229884,-0.88141230
oe:player:31b5f1d49f55acb4ee7624813bda6b2,Woody,oe:team:4880b157399745e82e26e229d8bbf48,PSG Talon,sup,2024-03-03,3,163.19288483,230.39833233,-0.52883721
oe:player:31b5f1d49f55acb4ee7624813bda6b2,Woody,oe:team:4880b157399745e82e26e229d8bbf48,PSG Talon,sup,2024-03-20,4,344.81028529,318.31153656,0.17922026
oe:player:31b5f1d49f55acb4ee7624813bda6b2,Woody,oe:team:4880b157399745e82e26e229d8bbf48,PSG Talon,sup,2024-03-24,5,176.88930229,252.58397251,-0.51194941
oe:player:31b5f1d49f55acb4ee7624813bda6b2,Woody,oe:team:4880b157399745e82e26e229d8bbf48,PSG Talon,sup,2024-03-30,3,248.19649975,210.96575110,0.25180451
oe:player:31b5f1d49f55acb4ee7624813bda6b2,Woody,oe:team:4880b157399745e82e26e229d8bbf48,PSG Talon,sup,2024-04-07,3,172.20145219,258.35579688,-0.58269182
oe:player:31b5f1d49f55acb4ee7624813bda6b2,Woody,oe:team:4880b157399745e82e26e229d8bbf48,PSG Talon,sup,2024-06-15,2,231.34096001,301.34677931,-0.47347373
oe:player:31b5f1d49f55acb4ee7624813bda6b2,Woody,oe:team:4880b157399745e82e26e229d8bbf48,PSG Talon,sup,2024-06-16,2,228.06997965,216.89614300,0.07557255
oe:player:31b5f1d49f55acb4ee7624813bda6b2,Woody,oe:team:4880b157399745e82e26e229d8bbf48,PSG Talon,sup,2024-06-23,2,325.05571848,332.10385685,-0.04815746
oe:player:31b5f1d49f55acb4ee7624813bda6b2,Woody,oe:team:4880b157399745e82e26e229d8bbf48,PSG Talon,sup,2024-06-30,3,183.96597738,283.79004678,-0.68206285
oe:player:31b5f1d49f55acb4ee7624813bda6b2,Woody,oe:team:4880b157399745e82e26e229d8bbf48,PSG Talon,sup,2024-07-12,2,132.19191165,170.08533068,-0.25891244
oe:player:31b5f1d49f55acb4ee7624813bda6b2,Woody,oe:team:4880b157399745e82e26e229d8bbf48,PSG Talon,sup,2024-07-14,2,310.81903268,296.73804820,0.09621043
oe:player:31b5f1d49f55acb4ee7624813bda6b2,Woody,oe:team:4880b157399745e82e26e229d8bbf48,PSG Talon,sup,2024-07-19,2,206.53915649,199.83718693,0.04579221
oe:player:31b5f1d49f55acb4ee7624813bda6b2,Woody,oe:team:4880b157399745e82e26e229d8bbf48,PSG Talon,sup,2024-07-21,2,219.56887605,320.09649459,-0.68686995
oe:player:31b5f1d49f55acb4ee7624813bda6b2,Woody,oe:team:4880b157399745e82e26e229d8bbf48,PSG Talon,sup,2024-07-26,3,278.63446505,316.66415677,-0.25984354
oe:player:31b5f1d49f55acb4ee7624813bda6b2,Woody,oe:team:4880b157399745e82e26e229d8bbf48,PSG Talon,sup,2024-07-28,2,188.75929028,175.58923613,0.08998636
oe:player:31b5f1d49f55acb4ee7624813bda6b2,Woody,oe:team:4880b157399745e82e26e229d8bbf48,PSG Talon,sup,2024-08-17,3,143.96755379,226.03291399,-0.61911615
oe:player:31b5f1d49f55acb4ee7624813bda6b2,Woody,oe:team:4880b157399745e82e26e229d8bbf48,PSG Talon,sup,2024-08-23,3,163.50900486,222.54264121,-0.44536059
oe:player:31b5f1d49f55acb4ee7624813bda6b2,Woody,oe:team:4880b157399745e82e26e229d8bbf48,PSG Talon,sup,2024-09-01,4,210.91230281,255.12957612,-0.33358323
oe:player:32aa62568603d99d16591ee5dd52a8a,Pop9,oe:team:7e56e9367c023df96cc8257ff4e16c0,Deep Cross Gaming,jng,2024-02-16,2,334.78000768,396.26141781,-0.41589144
oe:player:32aa62568603d99d16591ee5dd52a8a,Pop9,oe:team:7e56e9367c023df96cc8257ff4e16c0,Deep Cross Gaming,jng,2024-02-18,3,368.10159147,343.65668927,0.16535771
oe:player:32aa62568603d99d16591ee5dd52a8a,Pop9,oe:team:7e56e9367c023df96cc8257ff4e16c0,Deep Cross Gaming,jng,2024-02-23,2,371.52804533,408.84063526,-0.25240128
oe:player:32aa62568603d99d16591ee5dd52a8a,Pop9,oe:team:7e56e9367c023df96cc8257ff4e16c0,Deep Cross Gaming,jng,2024-02-25,2,435.06423136,406.61735589,0.19242909
oe:player:32aa62568603d99d16591ee5dd52a8a,Pop9,oe:team:7e56e9367c023df96cc8257ff4e16c0,Deep Cross Gaming,jng,2024-03-02,2,423.16577034,458.44851390,-0.23867037
oe:player:32aa62568603d99d16591ee5dd52a8a,Pop9,oe:team:7e56e9367c023df96cc8257ff4e16c0,Deep Cross Gaming,jng,2024-03-11,2,588.76472143,413.22804690,1.18741908
oe:player:32aa62568603d99d16591ee5dd52a8a,Pop9,oe:team:7e56e9367c023df96cc8257ff4e16c0,Deep Cross Gaming,jng,2024-03-13,2,379.90532341,458.86464017,-0.53412086
oe:player:32aa62568603d99d16591ee5dd52a8a,Pop9,oe:team:7e56e9367c023df96cc8257ff4e16c0,Deep Cross Gaming,jng,2024-03-16,2,785.09006940,428.89132888,2.40950891
oe:player:32aa62568603d99d16591ee5dd52a8a,Pop9,oe:team:7e56e9367c023df96cc8257ff4e16c0,Deep Cross Gaming,jng,2024-03-17,5,492.77935344,421.92985960,0.48267427
oe:player:32aa62568603d99d16591ee5dd52a8a,Pop9,oe:team:7e56e9367c023df96cc8257ff4e16c0,Deep Cross Gaming,jng,2024-03-21,3,389.48228809,443.00324432,-0.36462065
oe:player:32aa62568603d99d16591ee5dd52a8a,Pop9,oe:team:7e56e9367c023df96cc8257ff4e16c0,Deep Cross Gaming,jng,2024-03-28,5,401.75031148,466.02480129,-0.43788093
oe:player:32aa62568603d99d16591ee5dd52a8a,Pop9,oe:team:7e56e9367c023df96cc8257ff4e16c0,Deep Cross Gaming,jng,2024-06-08,2,528.23613087,411.68609056,0.79401704
oe:player:32aa62568603d99d16591ee5dd52a8a,Pop9,oe:team:7e56e9367c023df96cc8257ff4e16c0,Deep Cross Gaming,jng,2024-06-15,2,758.85734894,492.77411124,1.81273746
oe:player:32aa62568603d99d16591ee5dd52a8a,Pop9,oe:team:7e56e9367c023df96cc8257ff4e16c0,Deep Cross Gaming,jng,2024-06-22,2,827.15768962,483.11811597,2.34382830
oe:player:32aa62568603d99d16591ee5dd52a8a,Pop9,oe:team:7e56e9367c023df96cc8257ff4e16c0,Deep Cross Gaming,jng,2024-06-23,2,415.51837157,474.30002668,-0.36338984
oe:player:32aa62568603d99d16591ee5dd52a8a,Pop9,oe:team:7e56e9367c023df96cc8257ff4e16c0,Deep Cross Gaming,jng,2024-06-29,2,770.19423297,533.97437927,1.46031776
oe:player:32aa62568603d99d16591ee5dd52a8a,Pop9,oe:team:7e56e9367c023df96cc8257ff4e16c0,Deep Cross Gaming,jng,2024-07-14,3,314.30131279,410.41930814,-0.59420414
oe:player:32aa62568603d99d16591ee5dd52a8a,Pop9,oe:team:7e56e9367c023df96cc8257ff4e16c0,Deep Cross Gaming,jng,2024-07-20,2,522.43491359,346.48542400,1.08772468
oe:player:32aa62568603d99d16591ee5dd52a8a,Pop9,oe:team:7e56e9367c023df96cc8257ff4e16c0,Deep Cross Gaming,jng,2024-07-21,2,298.61664057,419.70734620,-0.74858614
oe:player:32aa62568603d99d16591ee5dd52a8a,Pop9,oe:team:7e56e9367c023df96cc8257ff4e16c0,Deep Cross Gaming,jng,2024-07-26,3,542.26220793,436.67483068,0.65274413
oe:player:32aa62568603d99d16591ee5dd52a8a,Pop9,oe:team:7e56e9367c023df96cc8257ff4e16c0,Deep Cross Gaming,jng,2024-07-27,3,647.88740570,414.31887050,1.44392723
oe:player:32aa62568603d99d16591ee5dd52a8a,Pop9,oe:team:7e56e9367c023df96cc8257ff4e16c0,Deep Cross Gaming,jng,2024-08-14,4,555.12559845,432.00365935,0.64902202
oe:player:32aa62568603d99d16591ee5dd52a8a,Pop9,oe:team:7e56e9367c023df96cc8257ff4e16c0,Deep Cross Gaming,jng,2024-08-18,5,695.41903360,497.37234864,1.04397852
oe:player:32aa62568603d99d16591ee5dd52a8a,Pop9,oe:team:7e56e9367c023df96cc8257ff4e16c0,Deep Cross Gaming,jng,2024-08-21,3,359.31242714,417.04740756,-0.30434279
oe:player:33daf484c86d10f725d57ed31230c73,Fighto,oe:team:788115a84f68bc65fa6d3a4e0f67a3e,Ground Zero Gaming,mid,2024-08-06,3,746.56885845,673.00937209,0.31162581
oe:player:33daf484c86d10f725d57ed31230c73,Fighto,oe:team:788115a84f68bc65fa6d3a4e0f67a3e,Ground Zero Gaming,mid,2024-08-08,2,694.69213479,775.73420311,-0.33226415
oe:player:33daf484c86d10f725d57ed31230c73,Fighto,oe:team:788115a84f68bc65fa6d3a4e0f67a3e,Ground Zero Gaming,mid,2024-08-10,3,568.66946264,748.28504523,-0.73640543
oe:player:33daf484c86d10f725d57ed31230c73,Fighto,oe:team:788115a84f68bc65fa6d3a4e0f67a3e,Ground Zero Gaming,mid,2024-08-11,3,603.80675887,776.43980680,-0.70777776
oe:player:36a55a7a73f82b7ca788e2db7760dbb,Yuhi,oe:team:984c3ce601b35d7617ad0bc8570946c,QT DIG∞,bot,2024-08-06,3,504.08564229,577.60972543,-0.31308793
oe:player:36a55a7a73f82b7ca788e2db7760dbb,Yuhi,oe:team:984c3ce601b35d7617ad0bc8570946c,QT DIG∞,bot,2024-08-08,2,553.56043686,696.80333938,-0.59906232
oe:player:376d5e3b1257e6972228d458943f74c,Evi,oe:team:d8ca3fc1f0827ec76369af7b70d43e3,Fukuoka SoftBank HAWKS gaming,top,2024-03-24,5,526.03227350,478.28829862,0.24371551
oe:player:376d5e3b1257e6972228d458943f74c,Evi,oe:team:d8ca3fc1f0827ec76369af7b70d43e3,Fukuoka SoftBank HAWKS gaming,top,2024-03-28,5,671.02454550,603.99941896,0.34213872
oe:player:376d5e3b1257e6972228d458943f74c,Evi,oe:team:d8ca3fc1f0827ec76369af7b70d43e3,Fukuoka SoftBank HAWKS gaming,top,2024-03-31,5,522.71298805,548.09550851,-0.12956847
oe:player:376d5e3b1257e6972228d458943f74c,Evi,oe:team:d8ca3fc1f0827ec76369af7b70d43e3,Fukuoka SoftBank HAWKS gaming,top,2024-04-06,3,734.03149193,478.02310599,1.30682905
oe:player:376d5e3b1257e6972228d458943f74c,Evi,oe:team:d8ca3fc1f0827ec76369af7b70d43e3,Fukuoka SoftBank HAWKS gaming,top,2024-04-07,3,443.34617150,397.02696918,0.23644256
oe:player:376d5e3b1257e6972228d458943f74c,Evi,oe:team:d8ca3fc1f0827ec76369af7b70d43e3,Fukuoka SoftBank HAWKS gaming,top,2024-08-18,5,997.18610823,775.30749382,1.14998419
oe:player:376d5e3b1257e6972228d458943f74c,Evi,oe:team:d8ca3fc1f0827ec76369af7b70d43e3,Fukuoka SoftBank HAWKS gaming,top,2024-08-23,3,405.10399943,575.30645003,-0.88214958
oe:player:376d5e3b1257e6972228d458943f74c,Evi,oe:team:d8ca3fc1f0827ec76369af7b70d43e3,Fukuoka SoftBank HAWKS gaming,top,2024-08-31,4,562.42160917,590.69771010,-0.14655342
oe:player:376d5e3b1257e6972228d458943f74c,Evi,oe:team:d8ca3fc1f0827ec76369af7b70d43e3,Fukuoka SoftBank HAWKS gaming,top,2024-09-01,4,589.61639226,553.43545846,0.18752371
oe:player:41e2980a2f1bcdbc20910125be7f939,Abyss,oe:team:a31fdd71fc715fc1ee4a50fe19e828e,HELL PIGS,jng,2024-06-08,2,489.04524315,331.64743598,1.07229942
oe:player:41e2980a2f1bcdbc20910125be7f939,Abyss,oe:team:a31fdd71fc715fc1ee4a50fe19e828e,HELL PIGS,jng,2024-06-15,2,326.17788382,397.12372685,-0.48333066
oe:player:41e2980a2f1bcdbc20910125be7f939,Abyss,oe:team:a31fdd71fc715fc1ee4a50fe19e828e,HELL PIGS,jng,2024-06-22,2,385.98074464,274.65640402,0.75841607
oe:player:47f1917849906027f365eff06d45c27,Steal,oe:team:e435aa3ecb82a89e60544f5f5857a81,DetonatioN FocusMe,jng,2024-03-12,2,327.57537995,374.95068803,-0.32047061
oe:player:47f1917849906027f365eff06d45c27,Steal,oe:team:e435aa3ecb82a89e60544f5f5857a81,DetonatioN FocusMe,jng,2024-03-14,3,280.81626087,321.06804952,-0.27228351
oe:player:47f1917849906027f365eff06d45c27,Steal,oe:team:e435aa3ecb82a89e60544f5f5857a81,DetonatioN FocusMe,jng,2024-03-16,3,295.68072417,366.68480312,-0.48030760
oe:player:47f1917849906027f365eff06d45c27,Steal,oe:team:e435aa3ecb82a89e60544f5f5857a81,DetonatioN FocusMe,jng,2024-03-17,5,377.84662847,385.22956530,-0.05029752
oe:player:47f1917849906027f365eff06d45c27,Steal,oe:team:e435aa3ecb82a89e60544f5f5857a81,DetonatioN FocusMe,jng,2024-08-05,2,583.91706350,427.74663482,0.96544997
oe:player:47f1917849906027f365eff06d45c27,Steal,oe:team:e435aa3ecb82a89e60544f5f5857a81,DetonatioN FocusMe,jng,2024-08-07,2,353.48257482,376.34257953,-0.12050368
oe:player:47f1917849906027f365eff06d45c27,Steal,oe:team:e435aa3ecb82a89e60544f5f5857a81,DetonatioN FocusMe,jng,2024-08-14,4,435.08296527,405.48487752,0.15602265
oe:player:47f1917849906027f365eff06d45c27,Steal,oe:team:e435aa3ecb82a89e60544f5f5857a81,DetonatioN FocusMe,jng,2024-08-20,3,629.05143951,445.65224835,0.96676608
oe:player:48cf24486d9a8e65a142b25682f1994,Driver,oe:team:0916b3c324c8577b0c6344f3e067f62,CTBC Flying Oyster,top,2024-06-08,2,749.27837099,596.85664253,0.77805710
oe:player:48cf24486d9a8e65a142b25682f1994,Driver,oe:team:0916b3c324c8577b0c6344f3e067f62,CTBC Flying Oyster,top,2024-06-16,3,520.34277149,495.69907294,0.12579706
oe:player:48cf24486d9a8e65a142b25682f1994,Driver,oe:team:0916b3c324c8577b0c6344f3e067f62,CTBC Flying Oyster,top,2024-06-22,2,652.55486385,556.44155989,0.49062322
oe:player:48cf24486d9a8e65a142b25682f1994,Driver,oe:team:0916b3c324c8577b0c6344f3e067f62,CTBC Flying Oyster,top,2024-06-30,2,662.58709411,647.34424194,0.07847059
oe:player:48cf24486d9a8e65a142b25682f1994,Driver,oe:team:0916b3c324c8577b0c6344f3e067f62,CTBC Flying Oyster,top,2024-07-12,2,243.87562416,459.30739795,-1.10904827
oe:player:48cf24486d9a8e65a142b25682f1994,Driver,oe:team:0916b3c324c8577b0c6344f3e067f62,CTBC Flying Oyster,top,2024-07-19,1,245.42595020,462.43410937,-1.11716354
oe:player:48cf24486d9a8e65a142b25682f1994,Driver,oe:team:0916b3c324c8577b0c6344f3e067f62,CTBC Flying Oyster,top,2024-07-20,2,677.58800823,648.68710596,0.14878258
oe:player:48cf24486d9a8e65a142b25682f1994,Driver,oe:team:0916b3c324c8577b0c6344f3e067f62,CTBC Flying Oyster,top,2024-07-27,3,695.80514977,629.55550387,0.34105487
oe:player:48cf24486d9a8e65a142b25682f1994,Driver,oe:team:0916b3c324c8577b0c6344f3e067f62,CTBC Flying Oyster,top,2024-07-28,2,354.91158408,446.75670190,-0.47282101
oe:player:48cf24486d9a8e65a142b25682f1994,Driver,oe:team:0916b3c324c8577b0c6344f3e067f62,CTBC Flying Oyster,top,2024-08-06,3,476.97983206,623.99081626,-0.75681630
oe:player:48cf24486d9a8e65a142b25682f1994,Driver,oe:team:0916b3c324c8577b0c6344f3e067f62,CTBC Flying Oyster,top,2024-08-08,2,727.50161517,556.29562278,0.88735088
oe:player:48cf24486d9a8e65a142b25682f1994,Driver,oe:team:0916b3c324c8577b0c6344f3e067f62,CTBC Flying Oyster,top,2024-08-15,5,732.44835646,549.57512401,0.94782152
oe:player:48cf24486d9a8e65a142b25682f1994,Driver,oe:team:0916b3c324c8577b0c6344f3e067f62,CTBC Flying Oyster,top,2024-08-24,1,585.84573748,561.07320456,0.12839462
oe:player:48cf24486d9a8e65a142b25682f1994,Driver,oe:team:89008bdacc273b554227d6b76869381,Beyond Gaming,top,2024-02-15,3,636.89459939,634.52225218,0.01150336
oe:player:48cf24486d9a8e65a142b25682f1994,Driver,oe:team:89008bdacc273b554227d6b76869381,Beyond Gaming,top,2024-02-17,2,619.23710702,601.12722796,0.08781362
oe:player:48cf24486d9a8e65a142b25682f1994,Driver,oe:team:89008bdacc273b554227d6b76869381,Beyond Gaming,top,2024-02-24,2,370.09630183,509.73982359,-0.67712235
oe:player:48cf24486d9a8e65a142b25682f1994,Driver,oe:team:89008bdacc273b554227d6b76869381,Beyond Gaming,top,2024-03-01,3,546.61051515,520.66313009,0.12581718
oe:player:48cf24486d9a8e65a142b25682f1994,Driver,oe:team:89008bdacc273b554227d6b76869381,Beyond Gaming,top,2024-03-03,3,575.13355570,544.67706306,0.14768155
oe:player:48cf24486d9a8e65a142b25682f1994,Driver,oe:team:89008bdacc273b554227d6b76869381,Beyond Gaming,top,2024-03-11,2,729.18587395,596.43322098,0.64370897
oe:player:48cf24486d9a8e65a142b25682f1994,Driver,oe:team:89008bdacc273b554227d6b76869381,Beyond Gaming,top,2024-03-13,2,742.23543196,658.84539966,0.40435284
oe:player:48cf24486d9a8e65a142b25682f1994,Driver,oe:team:89008bdacc273b554227d6b76869381,Beyond Gaming,top,2024-03-20,4,510.51359427,522.47056741,-0.06103597
oe:player:48cf24486d9a8e65a142b25682f1994,Driver,oe:team:89008bdacc273b554227d6b76869381,Beyond Gaming,top,2024-03-27,4,489.27368593,591.20917367,-0.52034333
oe:player:4d79b9a430199b71e47a4a9e908fe76,TaNa,oe:team:af4b23d4634c4e6ecb5659fb1e689e9,V3 Esports,top,2024-03-11,2,563.64487476,571.76786692,-0.03938786
oe:player:4d79b9a430199b71e47a4a9e908fe76,TaNa,oe:team:af4b23d4634c4e6ecb5659fb1e689e9,V3 Esports,top,2024-03-13,2,392.56720383,569.53474006,-0.85810406
oe:player:4e48dab33536a68aae644a288d64d65,ShengBai,oe:team:a31fdd71fc715fc1ee4a50fe19e828e,HELL PIGS,mid,2024-02-15,3,713.82022632,668.79783393,0.20980359
oe:player:4e48dab33536a68aae644a288d64d65,ShengBai,oe:team:a31fdd71fc715fc1ee4a50fe19e828e,HELL PIGS,mid,2024-02-17,3,712.28782084,617.46850750,0.44185639
oe:player:4e48dab33536a68aae644a288d64d65,ShengBai,oe:team:a31fdd71fc715fc1ee4a50fe19e828e,HELL PIGS,mid,2024-02-23,2,448.93125000,548.48187428,-0.46390422
oe:player:4e48dab33536a68aae644a288d64d65,ShengBai,oe:team:a31fdd71fc715fc1ee4a50fe19e828e,HELL PIGS,mid,2024-02-25,2,996.08926008,578.68854412,1.94508027
oe:player:4e48dab33536a68aae644a288d64d65,ShengBai,oe:team:a31fdd71fc715fc1ee4a50fe19e828e,HELL PIGS,mid,2024-03-02,2,809.59827063,633.71570650,0.81960977
oe:player:4fbce651fccdd73409ea9246d0ee1d6,DasheR,oe:team:d8ca3fc1f0827ec76369af7b70d43e3,Fukuoka SoftBank HAWKS gaming,mid,2024-03-24,5,704.16391101,633.13799720,0.31045471
oe:player:4fbce651fccdd73409ea9246d0ee1d6,DasheR,oe:team:d8ca3fc1f0827ec76369af7b70d43e3,Fukuoka SoftBank HAWKS gaming,mid,2024-03-28,5,787.89150032,698.23741500,0.39187856
oe:player:4fbce651fccdd73409ea9246d0ee1d6,DasheR,oe:team:d8ca3fc1f0827ec76369af7b70d43e3,Fukuoka SoftBank HAWKS gaming,mid,2024-03-31,5,725.96536686,654.88479508,0.31069362
oe:player:4fbce651fccdd73409ea9246d0ee1d6,DasheR,oe:team:d8ca3fc1f0827ec76369af7b70d43e3,Fukuoka SoftBank HAWKS gaming,mid,2024-04-06,3,881.61487373,632.33280370,1.08961346
oe:player:4fbce651fccdd73409ea9246d0ee1d6,DasheR,oe:team:d8ca3fc1f0827ec76369af7b70d43e3,Fukuoka SoftBank HAWKS gaming,mid,2024-04-07,3,568.89282978,624.86441837,-0.24465216
oe:player:4fbce651fccdd73409ea9246d0ee1d6,DasheR,oe:team:d8ca3fc1f0827ec76369af7b70d43e3,Fukuoka SoftBank HAWKS gaming,mid,2024-08-18,5,892.67803422,884.23491164,0.03461594
oe:player:4fbce651fccdd73409ea9246d0ee1d6,DasheR,oe:team:d8ca3fc1f0827ec76369af7b70d43e3,Fukuoka SoftBank HAWKS gaming,mid,2024-08-23,3,827.50539850,795.01754411,0.13319687
oe:player:4fbce651fccdd73409ea9246d0ee1d6,DasheR,oe:team:d8ca3fc1f0827ec76369af7b70d43e3,Fukuoka SoftBank HAWKS gaming,mid,2024-08-31,4,876.43199322,793.48394483,0.34007848
oe:player:4fbce651fccdd73409ea9246d0ee1d6,DasheR,oe:team:d8ca3fc1f0827ec76369af7b70d43e3,Fukuoka SoftBank HAWKS gaming,mid,2024-09-01,4,732.17448609,706.91122122,0.10357679
oe:player:55276c10d84e1df7713b441e76e141f,Rest,oe:team:0916b3c324c8577b0c6344f3e067f62,CTBC Flying Oyster,top,2024-02-16,2,449.67170646,433.27271146,0.07951766
oe:player:55276c10d84e1df7713b441e76e141f,Rest,oe:team:0916b3c324c8577b0c6344f3e067f62,CTBC Flying Oyster,top,2024-02-18,3,409.69289398,502.24294931,-0.44876919
oe:player:55276c10d84e1df7713b441e76e141f,Rest,oe:team:0916b3c324c8577b0c6344f3e067f62,CTBC Flying Oyster,top,2024-02-24,2,583.39228306,621.05382633,-0.18261837
oe:player:55276c10d84e1df7713b441e76e141f,Rest,oe:team:0916b3c324c8577b0c6344f3e067f62,CTBC Flying Oyster,top,2024-03-01,2,475.88634054,533.20227432,-0.27792123
oe:player:55276c10d84e1df7713b441e76e141f,Rest,oe:team:0916b3c324c8577b0c6344f3e067f62,CTBC Flying Oyster,top,2024-03-03,3,318.57201081,432.93340036,-0.55453093
oe:player:55276c10d84e1df7713b441e76e141f,Rest,oe:team:0916b3c324c8577b0c6344f3e067f62,CTBC Flying Oyster,top,2024-03-23,3,667.62806522,554.82132331,0.57583710
oe:player:55276c10d84e1df7713b441e76e141f,Rest,oe:team:0916b3c324c8577b0c6344f3e067f62,CTBC Flying Oyster,top,2024-03-30,3,460.56030739,531.92338769,-0.36428239
oe:player:55276c10d84e1df7713b441e76e141f,Rest,oe:team:0916b3c324c8577b0c6344f3e067f62,CTBC Flying Oyster,top,2024-04-06,3,485.58969773,567.25494207,-0.41687116
oe:player:55276c10d84e1df7713b441e76e141f,Rest,oe:team:0916b3c324c8577b0c6344f3e067f62,CTBC Flying Oyster,top,2024-07-13,2,569.42320220,497.06360709,0.37250904
oe:player:55276c10d84e1df7713b441e76e141f,Rest,oe:team:0916b3c324c8577b0c6344f3e067f62,CTBC Flying Oyster,top,2024-07-19,1,722.05617978,483.96971761,1.22567518
oe:player:55276c10d84e1df7713b441e76e141f,Rest,oe:team:0916b3c324c8577b0c6344f3e067f62,CTBC Flying Oyster,top,2024-08-21,3,436.34082316,575.80729858,-0.72284678
oe:player:55276c10d84e1df7713b441e76e141f,Rest,oe:team:0916b3c324c8577b0c6344f3e067f62,CTBC Flying Oyster,top,2024-08-24,3,364.97744800,527.98884762,-0.84487877
oe:player:56cf99d5b59755569fa366c07c18f38,Shunn,oe:team:0916b3c324c8577b0c6344f3e067f62,CTBC Flying Oyster,bot,2024-02-16,2,715.53661230,584.02533261,0.56060432
oe:player:56cf99d5b59755569fa366c07c18f38,Shunn,oe:team:0916b3c324c8577b0c6344f3e067f62,CTBC Flying Oyster,bot,2024-02-18,3,433.59541654,546.34815040,-0.48064067
oe:player:56cf99d5b59755569fa366c07c18f38,Shunn,oe:team:0916b3c324c8577b0c6344f3e067f62,CTBC Flying Oyster,bot,2024-02-24,2,876.89799395,642.13546321,1.00074221
oe:player:56cf99d5b59755569fa366c07c18f38,Shunn,oe:team:0916b3c324c8577b0c6344f3e067f62,CTBC Flying Oyster,bot,2024-03-01,2,861.96210470,669.95105339,0.81850184
oe:player:56cf99d5b59755569fa366c07c18f38,Shunn,oe:team:0916b3c324c8577b0c6344f3e067f62,CTBC Flying Oyster,bot,2024-03-03,3,548.20974132,545.89984962,0.00984657
oe:player:56cf99d5b59755569fa366c07c18f38,Shunn,oe:team:0916b3c324c8577b0c6344f3e067f62,CTBC Flying Oyster,bot,2024-03-23,3,596.87195245,620.21063293,-0.10186849
oe:player:56cf99d5b59755569fa366c07c18f38,Shunn,oe:team:0916b3c324c8577b0c6344f3e067f62,CTBC Flying Oyster,bot,2024-03-30,3,663.37106840,590.66303801,0.31735545
oe:player:56cf99d5b59755569fa366c07c18f38,Shunn,oe:team:0916b3c324c8577b0c6344f3e067f62,CTBC Flying Oyster,bot,2024-04-06,3,684.39100650,653.81527406,0.13345672
oe:player:56cf99d5b59755569fa366c07c18f38,Shunn,oe:team:0916b3c324c8577b0c6344f3e067f62,CTBC Flying Oyster,bot,2024-06-08,2,547.72676470,580.44669693,-0.14281571
oe:player:56cf99d5b59755569fa366c07c18f38,Shunn,oe:team:0916b3c324c8577b0c6344f3e067f62,CTBC Flying Oyster,bot,2024-06-16,3,649.82231235,623.72652753,0.11390268
oe:player:56cf99d5b59755569fa366c07c18f38,Shunn,oe:team:0916b3c324c8577b0c6344f3e067f62,CTBC Flying Oyster,bot,2024-06-22,2,761.72195250,699.62635665,0.27103438
oe:player:56cf99d5b59755569fa366c07c18f38,Shunn,oe:team:0916b3c324c8577b0c6344f3e067f62,CTBC Flying Oyster,bot,2024-06-30,2,564.22900735,702.02833825,-0.58679151
oe:player:56cf99d5b59755569fa366c07c18f38,Shunn,oe:team:0916b3c324c8577b0c6344f3e067f62,CTBC Flying Oyster,bot,2024-07-12,2,293.66318950,598.35208843,-1.29745810
oe:player:56cf99d5b59755569fa366c07c18f38,Shunn,oe:team:0916b3c324c8577b0c6344f3e067f62,CTBC Flying Oyster,bot,2024-07-13,2,732.80974786,643.68971815,0.37950022
oe:player:56cf99d5b59755569fa366c07c18f38,Shunn,oe:team:0916b3c324c8577b0c6344f3e067f62,CTBC Flying Oyster,bot,2024-07-19,2,617.09859072,559.43557911,0.24554666
oe:player:56cf99d5b59755569fa366c07c18f38,Shunn,oe:team:0916b3c324c8577b0c6344f3e067f62,CTBC Flying Oyster,bot,2024-07-20,2,786.23854872,673.86182523,0.47853430
oe:player:56cf99d5b59755569fa366c07c18f38,Shunn,oe:team:0916b3c324c8577b0c6344f3e067f62,CTBC Flying Oyster,bot,2024-07-27,3,1018.69686942,759.35662777,1.10434971
oe:player:56cf99d5b59755569fa366c07c18f38,Shunn,oe:team:0916b3c324c8577b0c6344f3e067f62,CTBC Flying Oyster,bot,2024-07-28,2,964.67807781,580.22031438,1.63713821
oe:player:56cf99d5b59755569fa366c07c18f38,Shunn,oe:team:0916b3c324c8577b0c6344f3e067f62,CTBC Flying Oyster,bot,2024-08-06,3,545.23405846,620.12866501,-0.31892404
oe:player:56cf99d5b59755569fa366c07c18f38,Shunn,oe:team:0916b3c324c8577b0c6344f3e067f62,CTBC Flying Oyster,bot,2024-08-08,2,406.81657324,672.97761131,-1.11312356
oe:player:56cf99d5b59755569fa366c07c18f38,Shunn,oe:team:0916b3c324c8577b0c6344f3e067f62,CTBC Flying Oyster,bot,2024-08-15,5,632.88983045,765.86110305,-0.55610489
oe:player:56cf99d5b59755569fa366c07c18f38,Shunn,oe:team:0916b3c324c8577b0c6344f3e067f62,CTBC Flying Oyster,bot,2024-08-21,3,1020.55830794,743.06883401,1.16050070
oe:player:56cf99d5b59755569fa366c07c18f38,Shunn,oe:team:0916b3c324c8577b0c6344f3e067f62,CTBC Flying Oyster,bot,2024-08-24,4,656.11897928,737.94541274,-0.34220986
oe:player:579ae2e0addc18db74179b2a3d33294,Ellim,oe:team:984c3ce601b35d7617ad0bc8570946c,QT DIG∞,jng,2024-08-06,3,468.04818262,344.11542572,0.76615578
oe:player:579ae2e0addc18db74179b2a3d33294,Ellim,oe:team:984c3ce601b35d7617ad0bc8570946c,QT DIG∞,jng,2024-08-08,2,572.99924211,470.65864030,0.53947578
oe:player:5a804d07122e4fee39975c8097146f4,Violet,oe:team:0b27fc98592297c4441bce44760a642,Team Bliss,bot,2024-08-05,3,557.54138099,619.36899398,-0.26328080
oe:player:5a804d07122e4fee39975c8097146f4,Violet,oe:team:0b27fc98592297c4441bce44760a642,Team Bliss,bot,2024-08-07,2,499.68933876,639.35808361,-0.58411468
oe:player:5a804d07122e4fee39975c8097146f4,Violet,oe:team:0b27fc98592297c4441bce44760a642,Team Bliss,bot,2024-08-10,3,461.01460409,682.07398106,-0.92450195
oe:player:5b4a9ba6121c6d0e37076f8f3523000,Ryoma,oe:team:22fca4d0e6f23af1d0bfc7b3b4de18c,Antic Esports,mid,2024-03-12,2,411.31066067,602.59690282,-0.89139065
oe:player:5b4a9ba6121c6d0e37076f8f3523000,Ryoma,oe:team:22fca4d0e6f23af1d0bfc7b3b4de18c,Antic Esports,mid,2024-03-14,2,566.67393607,620.54364731,-0.25103194
oe:player:5cc4071294a16477e992b3c8a2b7715,Shernfire,oe:team:788115a84f68bc65fa6d3a4e0f67a3e,Ground Zero Gaming,jng,2024-03-11,2,482.69241877,404.15999491,0.53123314
oe:player:5cc4071294a16477e992b3c8a2b7715,Shernfire,oe:team:788115a84f68bc65fa6d3a4e0f67a3e,Ground Zero Gaming,jng,2024-03-13,2,400.92531866,365.86897736,0.23713887
oe:player:5cc4071294a16477e992b3c8a2b7715,Shernfire,oe:team:788115a84f68bc65fa6d3a4e0f67a3e,Ground Zero Gaming,jng,2024-03-16,2,461.28177627,395.95914394,0.44187541
oe:player:5cc4071294a16477e992b3c8a2b7715,Shernfire,oe:team:788115a84f68bc65fa6d3a4e0f67a3e,Ground Zero Gaming,jng,2024-08-06,3,679.98603877,398.22184407,1.74187415
oe:player:5cc4071294a16477e992b3c8a2b7715,Shernfire,oe:team:788115a84f68bc65fa6d3a4e0f67a3e,Ground Zero Gaming,jng,2024-08-08,2,772.20951443,455.66390386,1.66863091
oe:player:5cc4071294a16477e992b3c8a2b7715,Shernfire,oe:team:788115a84f68bc65fa6d3a4e0f67a3e,Ground Zero Gaming,jng,2024-08-10,3,581.04271807,461.49051509,0.63020460
oe:player:5cc4071294a16477e992b3c8a2b7715,Shernfire,oe:team:788115a84f68bc65fa6d3a4e0f67a3e,Ground Zero Gaming,jng,2024-08-11,3,739.04026576,452.03313317,1.51292249
oe:player:646a06b2c4d7d2798c0945d144f1a71,Tide,oe:team:7e56e9367c023df96cc8257ff4e16c0,Deep Cross Gaming,bot,2024-02-16,2,568.11964306,674.47250328,-0.45335938
oe:player:646a06b2c4d7d2798c0945d144f1a71,Tide,oe:team:7e56e9367c023df96cc8257ff4e16c0,Deep Cross Gaming,bot,2024-02-18,3,585.61296677,561.17475401,0.10417485
oe:player:646a06b2c4d7d2798c0945d144f1a71,Tide,oe:team:7e56e9367c023df96cc8257ff4e16c0,Deep Cross Gaming,bot,2024-02-23,2,759.53838374,663.58713974,0.40901953
oe:player:646a06b2c4d7d2798c0945d144f1a71,Tide,oe:team:7e56e9367c023df96cc8257ff4e16c0,Deep Cross Gaming,bot,2024-02-25,2,655.67858942,633.77012857,0.09339106
oe:player:646a06b2c4d7d2798c0945d144f1a71,Tide,oe:team:7e56e9367c023df96cc8257ff4e16c0,Deep Cross Gaming,bot,2024-03-02,2,779.15781152,715.98862177,0.26927668
oe:player:646a06b2c4d7d2798c0945d144f1a71,Tide,oe:team:7e56e9367c023df96cc8257ff4e16c0,Deep Cross Gaming,bot,2024-03-11,2,852.80541768,667.09895938,0.79162672
oe:player:646a06b2c4d7d2798c0945d144f1a71,Tide,oe:team:7e56e9367c023df96cc8257ff4e16c0,Deep Cross Gaming,bot,2024-03-13,2,429.84079973,684.39568644,-1.08511277
oe:player:646a06b2c4d7d2798c0945d144f1a71,Tide,oe:team:7e56e9367c023df96cc8257ff4e16c0,Deep Cross Gaming,bot,2024-03-16,2,641.48157131,653.72934150,-0.05220961
oe:player:646a06b2c4d7d2798c0945d144f1a71,Tide,oe:team:7e56e9367c023df96cc8257ff4e16c0,Deep Cross Gaming,bot,2024-03-17,5,521.54909224,655.53832658,-0.58483517
oe:player:646a06b2c4d7d2798c0945d144f1a71,Tide,oe:team:7e56e9367c023df96cc8257ff4e16c0,Deep Cross Gaming,bot,2024-03-21,3,813.37509363,733.51677092,0.34856499
oe:player:646a06b2c4d7d2798c0945d144f1a71,Tide,oe:team:7e56e9367c023df96cc8257ff4e16c0,Deep Cross Gaming,bot,2024-03-28,5,659.00391320,753.01645385,-0.41034521
oe:player:64ff4f1dd75a5654ab87c0bbee89c1e,Wako,oe:team:957a0b20bb6ce6491d39eb82e5fcb17,Frank Esports,bot,2024-06-08,2,775.55341222,644.57136579,0.57170942
oe:player:64ff4f1dd75a5654ab87c0bbee89c1e,Wako,oe:team:957a0b20bb6ce6491d39eb82e5fcb17,Frank Esports,bot,2024-06-16,3,682.94541287,605.42942850,0.33834117
oe:player:64ff4f1dd75a5654ab87c0bbee89c1e,Wako,oe:team:957a0b20bb6ce6491d39eb82e5fcb17,Frank Esports,bot,2024-06-23,3,1030.64901656,729.57094712,1.28208209
oe:player:64ff4f1dd75a5654ab87c0bbee89c1e,Wako,oe:team:957a0b20bb6ce6491d39eb82e5fcb17,Frank Esports,bot,2024-06-29,2,706.04016469,749.53021410,-0.18519387
oe:player:64ff4f1dd75a5654ab87c0bbee89c1e,Wako,oe:team:957a0b20bb6ce6491d39eb82e5fcb17,Frank Esports,bot,2024-06-30,3,652.19912899,676.12267290,-0.10187373
oe:player:64ff4f1dd75a5654ab87c0bbee89c1e,Wako,oe:team:957a0b20bb6ce6491d39eb82e5fcb17,Frank Esports,bot,2024-07-14,3,757.86858468,705.68117273,0.22222989
oe:player:64ff4f1dd75a5654ab87c0bbee89c1e,Wako,oe:team:957a0b20bb6ce6491d39eb82e5fcb17,Frank Esports,bot,2024-07-19,2,742.20510264,721.18442793,0.08951243
oe:player:64ff4f1dd75a5654ab87c0bbee89c1e,Wako,oe:team:957a0b20bb6ce6491d39eb82e5fcb17,Frank Esports,bot,2024-07-26,2,914.12159918,697.36616322,0.92301064
oe:player:64ff4f1dd75a5654ab87c0bbee89c1e,Wako,oe:team:957a0b20bb6ce6491d39eb82e5fcb17,Frank Esports,bot,2024-07-28,2,814.80591876,669.96838165,0.61676233
oe:player:64ff4f1dd75a5654ab87c0bbee89c1e,Wako,oe:team:957a0b20bb6ce6491d39eb82e5fcb17,Frank Esports,bot,2024-08-05,3,867.61434425,659.15258651,0.88769363
oe:player:64ff4f1dd75a5654ab87c0bbee89c1e,Wako,oe:team:957a0b20bb6ce6491d39eb82e5fcb17,Frank Esports,bot,2024-08-07,3,698.71161336,782.09588800,-0.34872497
oe:player:64ff4f1dd75a5654ab87c0bbee89c1e,Wako,oe:team:957a0b20bb6ce6491d39eb82e5fcb17,Frank Esports,bot,2024-08-10,3,851.49746274,743.73336684,0.45068487
oe:player:64ff4f1dd75a5654ab87c0bbee89c1e,Wako,oe:team:957a0b20bb6ce6491d39eb82e5fcb17,Frank Esports,bot,2024-08-11,3,1125.46112541,846.87351601,1.16509326
oe:player:64ff4f1dd75a5654ab87c0bbee89c1e,Wako,oe:team:957a0b20bb6ce6491d39eb82e5fcb17,Frank Esports,bot,2024-08-15,5,839.92113078,678.22924452,0.67621861
oe:player:64ff4f1dd75a5654ab87c0bbee89c1e,Wako,oe:team:957a0b20bb6ce6491d39eb82e5fcb17,Frank Esports,bot,2024-08-17,3,665.76085469,728.49278391,-0.26235391
oe:player:64ff4f1dd75a5654ab87c0bbee89c1e,Wako,oe:team:957a0b20bb6ce6491d39eb82e5fcb17,Frank Esports,bot,2024-08-20,3,872.50239459,679.43287024,0.80744438
oe:player:64ff4f1dd75a5654ab87c0bbee89c1e,Wako,oe:team:957a0b20bb6ce6491d39eb82e5fcb17,Frank Esports,bot,2024-08-24,4,739.03484978,641.66439960,0.40721716
oe:player:64ff4f1dd75a5654ab87c0bbee89c1e,Wako,oe:team:957a0b20bb6ce6491d39eb82e5fcb17,Frank Esports,bot,2024-08-31,4,724.43942007,728.60466120,-0.01741963
oe:player:65173e58cd68bffc1e113f89ec3e129,Cheng9,oe:team:0092987a7da75e9fd0cbf8110d10b76,West Point Esports,bot,2024-02-15,3,384.09572027,577.53140864,-0.82457476
oe:player:65173e58cd68bffc1e113f89ec3e129,Cheng9,oe:team:0092987a7da75e9fd0cbf8110d10b76,West Point Esports,bot,2024-02-17,3,701.83357888,599.02494104,0.43825113
oe:player:65173e58cd68bffc1e113f89ec3e129,Cheng9,oe:team:0092987a7da75e9fd0cbf8110d10b76,West Point Esports,bot,2024-02-23,2,464.16911481,598.57066050,-0.57292490
oe:player:65173e58cd68bffc1e113f89ec3e129,Cheng9,oe:team:0092987a7da75e9fd0cbf8110d10b76,West Point Esports,bot,2024-02-25,2,977.09722563,636.06773541,1.45373542
oe:player:65173e58cd68bffc1e113f89ec3e129,Cheng9,oe:team:0092987a7da75e9fd0cbf8110d10b76,West Point Esports,bot,2024-03-02,2,294.56259203,542.18229156,-1.05554956
oe:player:65173e58cd68bffc1e113f89ec3e129,Cheng9,oe:team:a31fdd71fc715fc1ee4a50fe19e828e,HELL PIGS,bot,2024-06-08,2,438.47351105,578.46814265,-0.61104749
oe:player:65173e58cd68bffc1e113f89ec3e129,Cheng9,oe:team:a31fdd71fc715fc1ee4a50fe19e828e,HELL PIGS,bot,2024-06-15,2,624.05646753,623.43668468,0.00270522
oe:player:65173e58cd68bffc1e113f89ec3e129,Cheng9,oe:team:a31fdd71fc715fc1ee4a50fe19e828e,HELL PIGS,bot,2024-06-22,2,539.81402945,558.71544062,-0.08250073
oe:player:65173e58cd68bffc1e113f89ec3e129,Cheng9,oe:team:a31fdd71fc715fc1ee4a50fe19e828e,HELL PIGS,bot,2024-06-29,2,751.16836021,745.34023514,0.02481793
oe:player:65173e58cd68bffc1e113f89ec3e129,Cheng9,oe:team:a31fdd71fc715fc1ee4a50fe19e828e,HELL PIGS,bot,2024-07-13,2,813.45176597,639.60676687,0.74028494
oe:player:65173e58cd68bffc1e113f89ec3e129,Cheng9,oe:team:a31fdd71fc715fc1ee4a50fe19e828e,HELL PIGS,bot,2024-07-14,2,523.46900213,541.44736429,-0.07655734
oe:player:65173e58cd68bffc1e113f89ec3e129,Cheng9,oe:team:a31fdd71fc715fc1ee4a50fe19e828e,HELL PIGS,bot,2024-07-20,2,1055.04957857,610.52216902,1.89293305
oe:player:65173e58cd68bffc1e113f89ec3e129,Cheng9,oe:team:a31fdd71fc715fc1ee4a50fe19e828e,HELL PIGS,bot,2024-07-26,2,869.36241440,593.83126577,1.17329552
oe:player:65173e58cd68bffc1e113f89ec3e129,Cheng9,oe:team:a31fdd71fc715fc1ee4a50fe19e828e,HELL PIGS,bot,2024-07-27,2,1110.13031980,661.13576782,1.91195551
oe:player:652b15e8a821f5f825693df9ae62a80,Kinatu,oe:team:984c3ce601b35d7617ad0bc8570946c,QT DIG∞,top,2024-08-06,3,305.76604317,419.33250481,-0.58464304
oe:player:652b15e8a821f5f825693df9ae62a80,Kinatu,oe:team:984c3ce601b35d7617ad0bc8570946c,QT DIG∞,top,2024-08-08,2,486.82213557,570.92947480,-0.43592354
oe:player:6c7466a45762357bff1b48cbc6a49ab,Hetel,oe:team:af4b23d4634c4e6ecb5659fb1e689e9,V3 Esports,sup,2024-03-11,2,179.71195935,296.68231877,-0.92043548
oe:player:6c7466a45762357bff1b48cbc6a49ab,Hetel,oe:team:af4b23d4634c4e6ecb5659fb1e689e9,V3 Esports,sup,2024-03-13,2,170.10771377,243.06947677,-0.57413345
oe:player:706c37848c31a25cf473ca6f2af51aa,Godtone,oe:team:a31fdd71fc715fc1ee4a50fe19e828e,HELL PIGS,jng,2024-07-13,2,176.89364058,395.42781555,-1.35098439
oe:player:706c37848c31a25cf473ca6f2af51aa,Godtone,oe:team:a31fdd71fc715fc1ee4a50fe19e828e,HELL PIGS,jng,2024-07-14,2,502.62864278,291.24504349,1.30677934
oe:player:706c37848c31a25cf473ca6f2af51aa,Godtone,oe:team:a31fdd71fc715fc1ee4a50fe19e828e,HELL PIGS,jng,2024-07-20,1,452.84916201,410.34573722,0.26275736
oe:player:706c37848c31a25cf473ca6f2af51aa,Godtone,oe:team:a31fdd71fc715fc1ee4a50fe19e828e,HELL PIGS,sup,2024-06-29,2,116.12914706,204.69065318,-0.60510971
oe:player:706c37848c31a25cf473ca6f2af51aa,Godtone,oe:team:a31fdd71fc715fc1ee4a50fe19e828e,HELL PIGS,sup,2024-07-20,1,206.86411150,175.27652151,0.21582692
oe:player:70e6d96860b77bb3e87663215b42a1f,JimieN,oe:team:957a0b20bb6ce6491d39eb82e5fcb17,Frank Esports,mid,2024-02-16,1,942.86293045,725.82253393,1.01140457
oe:player:70e6d96860b77bb3e87663215b42a1f,JimieN,oe:team:957a0b20bb6ce6491d39eb82e5fcb17,Frank Esports,mid,2024-02-18,2,486.96597573,607.28027051,-0.56066258
oe:player:70e6d96860b77bb3e87663215b42a1f,JimieN,oe:team:957a0b20bb6ce6491d39eb82e5fcb17,Frank Esports,mid,2024-02-24,1,966.32406922,587.77978051,1.76400998
oe:player:70e6d96860b77bb3e87663215b42a1f,JimieN,oe:team:957a0b20bb6ce6491d39eb82e5fcb17,Frank Esports,mid,2024-03-01,2,594.16770969,634.35996308,-0.18729522
oe:player:70e6d96860b77bb3e87663215b42a1f,JimieN,oe:team:957a0b20bb6ce6491d39eb82e5fcb17,Frank Esports,mid,2024-03-03,3,630.53547265,702.15062597,-0.33372540
oe:player:70e6d96860b77bb3e87663215b42a1f,JimieN,oe:team:957a0b20bb6ce6491d39eb82e5fcb17,Frank Esports,mid,2024-03-12,1,895.98233996,670.65784537,1.05000833
oe:player:70e6d96860b77bb3e87663215b42a1f,JimieN,oe:team:957a0b20bb6ce6491d39eb82e5fcb17,Frank Esports,mid,2024-03-14,1,875.43401907,642.25933061,1.08659010
oe:player:70e6d96860b77bb3e87663215b42a1f,JimieN,oe:team:957a0b20bb6ce6491d39eb82e5fcb17,Frank Esports,mid,2024-03-21,3,935.43629980,761.15324658,0.76179230
oe:player:70e6d96860b77bb3e87663215b42a1f,JimieN,oe:team:957a0b20bb6ce6491d39eb82e5fcb17,Frank Esports,mid,2024-03-23,2,428.42151767,675.11064995,-1.07827971
oe:player:70e6d96860b77bb3e87663215b42a1f,JimieN,oe:team:957a0b20bb6ce6491d39eb82e5fcb17,Frank Esports,mid,2024-03-27,4,712.87483073,735.06144752,-0.09697784
oe:player:70e6d96860b77bb3e87663215b42a1f,JimieN,oe:team:957a0b20bb6ce6491d39eb82e5fcb17,Frank Esports,mid,2024-03-31,5,822.60591818,717.34819584,0.46008215
oe:player:70e6d96860b77bb3e87663215b42a1f,JimieN,oe:team:957a0b20bb6ce6491d39eb82e5fcb17,Frank Esports,mid,2024-06-08,2,770.74765104,709.94382744,0.26577389
oe:player:70e6d96860b77bb3e87663215b42a1f,JimieN,oe:team:957a0b20bb6ce6491d39eb82e5fcb17,Frank Esports,mid,2024-06-16,3,804.60291713,643.44706358,0.70441323
oe:player:70e6d96860b77bb3e87663215b42a1f,JimieN,oe:team:957a0b20bb6ce6491d39eb82e5fcb17,Frank Esports,mid,2024-06-23,1,823.66120219,703.85647983,0.50753812
oe:player:70e6d96860b77bb3e87663215b42a1f,JimieN,oe:team:957a0b20bb6ce6491d39eb82e5fcb17,Frank Esports,mid,2024-06-29,1,862.08150470,851.47797257,0.04492057
oe:player:70e6d96860b77bb3e87663215b42a1f,JimieN,oe:team:957a0b20bb6ce6491d39eb82e5fcb17,Frank Esports,mid,2024-06-30,3,588.13322834,715.24403959,-0.53848947
oe:player:70e6d96860b77bb3e87663215b42a1f,JimieN,oe:team:957a0b20bb6ce6491d39eb82e5fcb17,Frank Esports,mid,2024-07-14,3,710.43761547,771.59137433,-0.25907045
oe:player:70e6d96860b77bb3e87663215b42a1f,JimieN,oe:team:957a0b20bb6ce6491d39eb82e5fcb17,Frank Esports,mid,2024-07-19,1,676.05393896,790.45914278,-0.48466371
oe:player:70e6d96860b77bb3e87663215b42a1f,JimieN,oe:team:957a0b20bb6ce6491d39eb82e5fcb17,Frank Esports,mid,2024-07-26,1,776.72354949,765.45539106,0.04773618
oe:player:70e6d96860b77bb3e87663215b42a1f,JimieN,oe:team:957a0b20bb6ce6491d39eb82e5fcb17,Frank Esports,mid,2024-07-28,1,743.49919743,727.85070654,0.06629293
oe:player:70e6d96860b77bb3e87663215b42a1f,JimieN,oe:team:957a0b20bb6ce6491d39eb82e5fcb17,Frank Esports,mid,2024-08-05,1,706.12444880,731.82873363,-0.10889307
oe:player:70e6d96860b77bb3e87663215b42a1f,JimieN,oe:team:957a0b20bb6ce6491d39eb82e5fcb17,Frank Esports,mid,2024-08-07,1,473.39869281,819.72544632,-1.41990411
oe:player:70e6d96860b77bb3e87663215b42a1f,JimieN,oe:team:957a0b20bb6ce6491d39eb82e5fcb17,Frank Esports,mid,2024-08-10,2,662.98809347,784.08948323,-0.49650326
oe:player:70e6d96860b77bb3e87663215b42a1f,JimieN,oe:team:957a0b20bb6ce6491d39eb82e5fcb17,Frank Esports,mid,2024-08-11,3,948.21713380,774.87284859,0.71069376
oe:player:70e6d96860b77bb3e87663215b42a1f,JimieN,oe:team:957a0b20bb6ce6491d39eb82e5fcb17,Frank Esports,mid,2024-08-15,5,567.45757303,646.86702155,-0.32557058
oe:player:70e6d96860b77bb3e87663215b42a1f,JimieN,oe:team:957a0b20bb6ce6491d39eb82e5fcb17,Frank Esports,mid,2024-08-17,2,546.81937601,689.29884178,-0.58415117
oe:player:70e6d96860b77bb3e87663215b42a1f,JimieN,oe:team:957a0b20bb6ce6491d39eb82e5fcb17,Frank Esports,mid,2024-08-20,3,684.42018819,761.20313566,-0.31480220
oe:player:70e6d96860b77bb3e87663215b42a1f,JimieN,oe:team:957a0b20bb6ce6491d39eb82e5fcb17,Frank Esports,mid,2024-08-24,2,631.38218974,731.27107840,-0.40953418
oe:player:70e6d96860b77bb3e87663215b42a1f,JimieN,oe:team:957a0b20bb6ce6491d39eb82e5fcb17,Frank Esports,mid,2024-08-31,1,713.45699831,732.43746004,-0.07781794
oe:player:72bd7f020390328891f8595b5a2136f,Azhi,oe:team:4880b157399745e82e26e229d8bbf48,PSG Talon,top,2024-02-16,2,575.20603614,575.20984115,-0.00001845
oe:player:72bd7f020390328891f8595b5a2136f,Azhi,oe:team:4880b157399745e82e26e229d8bbf48,PSG Talon,top,2024-02-18,3,517.91393313,634.85093821,-0.56701992
oe:player:72bd7f020390328891f8595b5a2136f,Azhi,oe:team:4880b157399745e82e26e229d8bbf48,PSG Talon,top,2024-02-24,2,393.98710574,511.36257008,-0.56914598
oe:player:72bd7f020390328891f8595b5a2136f,Azhi,oe:team:4880b157399745e82e26e229d8bbf48,PSG Talon,top,2024-03-01,3,619.93805700,621.70752731,-0.00858005
oe:player:72bd7f020390328891f8595b5a2136f,Azhi,oe:team:4880b157399745e82e26e229d8bbf48,PSG Talon,top,2024-03-03,3,523.16074199,535.32427245,-0.05898017
oe:player:72bd7f020390328891f8595b5a2136f,Azhi,oe:team:4880b157399745e82e26e229d8bbf48,PSG Talon,top,2024-03-20,4,709.88910244,596.64794420,0.57805464
oe:player:72bd7f020390328891f8595b5a2136f,Azhi,oe:team:4880b157399745e82e26e229d8bbf48,PSG Talon,top,2024-03-24,5,511.10139257,589.54152045,-0.40040812
oe:player:72bd7f020390328891f8595b5a2136f,Azhi,oe:team:4880b157399745e82e26e229d8bbf48,PSG Talon,top,2024-03-30,3,550.65358804,462.86438204,0.44813174
oe:player:72bd7f020390328891f8595b5a2136f,Azhi,oe:team:4880b157399745e82e26e229d8bbf48,PSG Talon,top,2024-04-07,3,771.52086658,640.97339602,0.66639703
oe:player:72bd7f020390328891f8595b5a2136f,Azhi,oe:team:4880b157399745e82e26e229d8bbf48,PSG Talon,top,2024-06-15,2,655.21116503,608.10500627,0.24045969
oe:player:72bd7f020390328891f8595b5a2136f,Azhi,oe:team:4880b157399745e82e26e229d8bbf48,PSG Talon,top,2024-06-16,2,755.74267886,552.79683464,1.03596421
oe:player:72bd7f020390328891f8595b5a2136f,Azhi,oe:team:4880b157399745e82e26e229d8bbf48,PSG Talon,top,2024-06-23,2,609.83750216,702.36577535,-0.47633791
oe:player:72bd7f020390328891f8595b5a2136f,Azhi,oe:team:4880b157399745e82e26e229d8bbf48,PSG Talon,top,2024-06-30,3,556.03867299,651.03637877,-0.48905061
oe:player:72bd7f020390328891f8595b5a2136f,Azhi,oe:team:4880b157399745e82e26e229d8bbf48,PSG Talon,top,2024-07-12,2,709.32043289,571.12558022,0.71143063
oe:player:72bd7f020390328891f8595b5a2136f,Azhi,oe:team:4880b157399745e82e26e229d8bbf48,PSG Talon,top,2024-07-14,2,535.38606647,664.48509380,-0.66460509
oe:player:72bd7f020390328891f8595b5a2136f,Azhi,oe:team:4880b157399745e82e26e229d8bbf48,PSG Talon,top,2024-07-19,2,615.78745196,524.69908662,0.46892523
oe:player:72bd7f020390328891f8595b5a2136f,Azhi,oe:team:4880b157399745e82e26e229d8bbf48,PSG Talon,top,2024-07-21,2,535.78693360,619.42403006,-0.43056591
oe:player:72bd7f020390328891f8595b5a2136f,Azhi,oe:team:4880b157399745e82e26e229d8bbf48,PSG Talon,top,2024-07-26,3,708.38408531,648.81782439,0.30664863
oe:player:72bd7f020390328891f8595b5a2136f,Azhi,oe:team:4880b157399745e82e26e229d8bbf48,PSG Talon,top,2024-07-28,2,729.35012777,547.75625680,0.93484988
oe:player:72bd7f020390328891f8595b5a2136f,Azhi,oe:team:4880b157399745e82e26e229d8bbf48,PSG Talon,top,2024-08-17,3,717.67190131,660.70074035,0.29527827
oe:player:72bd7f020390328891f8595b5a2136f,Azhi,oe:team:4880b157399745e82e26e229d8bbf48,PSG Talon,top,2024-08-23,3,385.91998291,515.41217208,-0.67115062
oe:player:72bd7f020390328891f8595b5a2136f,Azhi,oe:team:4880b157399745e82e26e229d8bbf48,PSG Talon,top,2024-09-01,4,617.47493382,643.67813673,-0.13580970
oe:player:72ece7e3c2b5132dd83c0954b32de87,GuanGuan,oe:team:a31fdd71fc715fc1ee4a50fe19e828e,HELL PIGS,top,2024-06-08,2,421.96824253,431.43954724,-0.04834754
oe:player:72ece7e3c2b5132dd83c0954b32de87,GuanGuan,oe:team:a31fdd71fc715fc1ee4a50fe19e828e,HELL PIGS,top,2024-06-15,2,431.75680282,539.67861527,-0.55090133
oe:player:72ece7e3c2b5132dd83c0954b32de87,GuanGuan,oe:team:a31fdd71fc715fc1ee4a50fe19e828e,HELL PIGS,top,2024-06-22,2,604.62574850,455.49599498,0.76125277
oe:player:72ece7e3c2b5132dd83c0954b32de87,GuanGuan,oe:team:a31fdd71fc715fc1ee4a50fe19e828e,HELL PIGS,top,2024-06-29,2,423.36626901,554.51016817,-0.67513214
oe:player:72ece7e3c2b5132dd83c0954b32de87,GuanGuan,oe:team:a31fdd71fc715fc1ee4a50fe19e828e,HELL PIGS,top,2024-07-13,2,714.51092905,609.24611887,0.54190593
oe:player:72ece7e3c2b5132dd83c0954b32de87,GuanGuan,oe:team:a31fdd71fc715fc1ee4a50fe19e828e,HELL PIGS,top,2024-07-14,2,403.59497316,420.83121015,-0.08873259
oe:player:72ece7e3c2b5132dd83c0954b32de87,GuanGuan,oe:team:a31fdd71fc715fc1ee4a50fe19e828e,HELL PIGS,top,2024-07-20,2,500.46065054,535.24717005,-0.17908189
oe:player:72ece7e3c2b5132dd83c0954b32de87,GuanGuan,oe:team:a31fdd71fc715fc1ee4a50fe19e828e,HELL PIGS,top,2024-07-26,2,454.83642986,502.38618040,-0.24478733
oe:player:72ece7e3c2b5132dd83c0954b32de87,GuanGuan,oe:team:a31fdd71fc715fc1ee4a50fe19e828e,HELL PIGS,top,2024-07-27,2,681.24272946,557.01010642,0.63955271
oe:player:766cc4dd4d5005652e8514e3513683f,Gemini,oe:team:957a0b20bb6ce6491d39eb82e5fcb17,Frank Esports,jng,2024-02-16,2,648.37842137,402.84802530,1.66089211
oe:player:766cc4dd4d5005652e8514e3513683f,Gemini,oe:team:957a0b20bb6ce6491d39eb82e5fcb17,Frank Esports,jng,2024-02-18,3,341.09496452,334.33013961,0.04576071
oe:player:766cc4dd4d5005652e8514e3513683f,Gemini,oe:team:957a0b20bb6ce6491d39eb82e5fcb17,Frank Esports,jng,2024-02-24,2,116.82943206,244.17320569,-0.86141786
oe:player:766cc4dd4d5005652e8514e3513683f,Gemini,oe:team:957a0b20bb6ce6491d39eb82e5fcb17,Frank Esports,jng,2024-03-01,2,177.45707504,333.95979289,-1.05866375
oe:player:766cc4dd4d5005652e8514e3513683f,Gemini,oe:team:957a0b20bb6ce6491d39eb82e5fcb17,Frank Esports,jng,2024-03-03,3,270.47559394,392.79171865,-0.82740830
oe:player:766cc4dd4d5005652e8514e3513683f,Gemini,oe:team:957a0b20bb6ce6491d39eb82e5fcb17,Frank Esports,jng,2024-03-12,2,577.95099887,379.60876814,1.34168743
oe:player:766cc4dd4d5005652e8514e3513683f,Gemini,oe:team:957a0b20bb6ce6491d39eb82e5fcb17,Frank Esports,jng,2024-03-14,3,291.25433892,380.63804326,-0.60463670
oe:player:766cc4dd4d5005652e8514e3513683f,Gemini,oe:team:957a0b20bb6ce6491d39eb82e5fcb17,Frank Esports,jng,2024-03-21,3,411.44724113,425.67496417,-0.09692879
oe:player:766cc4dd4d5005652e8514e3513683f,Gemini,oe:team:957a0b20bb6ce6491d39eb82e5fcb17,Frank Esports,jng,2024-03-23,3,170.08970734,299.82805072,-0.88386460
oe:player:766cc4dd4d5005652e8514e3513683f,Gemini,oe:team:957a0b20bb6ce6491d39eb82e5fcb17,Frank Esports,jng,2024-03-27,4,287.60117457,366.00722434,-0.53415459
oe:player:766cc4dd4d5005652e8514e3513683f,Gemini,oe:team:957a0b20bb6ce6491d39eb82e5fcb17,Frank Esports,jng,2024-03-31,5,329.65551197,372.24141200,-0.29012371
oe:player:766cc4dd4d5005652e8514e3513683f,Gemini,oe:team:957a0b20bb6ce6491d39eb82e5fcb17,Frank Esports,jng,2024-06-08,2,465.88715781,403.60629615,0.42429900
oe:player:766cc4dd4d5005652e8514e3513683f,Gemini,oe:team:957a0b20bb6ce6491d39eb82e5fcb17,Frank Esports,jng,2024-06-16,3,499.17113150,305.78015298,1.31750904
oe:player:766cc4dd4d5005652e8514e3513683f,Gemini,oe:team:957a0b20bb6ce6491d39eb82e5fcb17,Frank Esports,jng,2024-06-23,3,401.49913723,426.13877607,-0.15232294
oe:player:766cc4dd4d5005652e8514e3513683f,Gemini,oe:team:957a0b20bb6ce6491d39eb82e5fcb17,Frank Esports,jng,2024-06-29,2,449.77034297,499.79171318,-0.30923351
oe:player:766cc4dd4d5005652e8514e3513683f,Gemini,oe:team:957a0b20bb6ce6491d39eb82e5fcb17,Frank Esports,jng,2024-06-30,3,563.52443245,442.38376150,0.74889502
oe:player:766cc4dd4d5005652e8514e3513683f,Gemini,oe:team:957a0b20bb6ce6491d39eb82e5fcb17,Frank Esports,jng,2024-07-14,3,523.60488972,425.55457317,0.60614980
oe:player:766cc4dd4d5005652e8514e3513683f,Gemini,oe:team:957a0b20bb6ce6491d39eb82e5fcb17,Frank Esports,jng,2024-07-19,2,499.24508535,483.24926751,0.09888659
oe:player:766cc4dd4d5005652e8514e3513683f,Gemini,oe:team:957a0b20bb6ce6491d39eb82e5fcb17,Frank Esports,jng,2024-07-26,2,751.72893075,486.06823657,1.64232186
oe:player:766cc4dd4d5005652e8514e3513683f,Gemini,oe:team:957a0b20bb6ce6491d39eb82e5fcb17,Frank Esports,jng,2024-07-28,2,583.02959737,417.56146616,1.02292862
oe:player:766cc4dd4d5005652e8514e3513683f,Gemini,oe:team:957a0b20bb6ce6491d39eb82e5fcb17,Frank Esports,jng,2024-08-05,3,624.27875161,428.60618851,1.20965327
oe:player:766cc4dd4d5005652e8514e3513683f,Gemini,oe:team:957a0b20bb6ce6491d39eb82e5fcb17,Frank Esports,jng,2024-08-07,3,382.93713226,486.57505096,-0.54631443
oe:player:766cc4dd4d5005652e8514e3513683f,Gemini,oe:team:957a0b20bb6ce6491d39eb82e5fcb17,Frank Esports,jng,2024-08-10,3,376.34196164,468.94428517,-0.48814166
oe:player:766cc4dd4d5005652e8514e3513683f,Gemini,oe:team:957a0b20bb6ce6491d39eb82e5fcb17,Frank Esports,jng,2024-08-11,3,552.28072060,513.57542536,0.20403016
oe:player:766cc4dd4d5005652e8514e3513683f,Gemini,oe:team:957a0b20bb6ce6491d39eb82e5fcb17,Frank Esports,jng,2024-08-15,5,644.70234214,399.53126875,1.29238889
oe:player:766cc4dd4d5005652e8514e3513683f,Gemini,oe:team:957a0b20bb6ce6491d39eb82e5fcb17,Frank Esports,jng,2024-08-17,3,510.69524378,393.98929058,0.61520095
oe:player:766cc4dd4d5005652e8514e3513683f,Gemini,oe:team:957a0b20bb6ce6491d39eb82e5fcb17,Frank Esports,jng,2024-08-20,3,694.02485602,486.84652582,1.09211486
oe:player:766cc4dd4d5005652e8514e3513683f,Gemini,oe:team:957a0b20bb6ce6491d39eb82e5fcb17,Frank Esports,jng,2024-08-24,4,506.35395810,491.53744645,0.07810340
oe:player:766cc4dd4d5005652e8514e3513683f,Gemini,oe:team:957a0b20bb6ce6491d39eb82e5fcb17,Frank Esports,jng,2024-08-31,4,365.62456549,423.06008629,-0.30276422
oe:player:7e754adda86a60e0a39d7204ba60424,Betty,oe:team:4880b157399745e82e26e229d8bbf48,PSG Talon,bot,2024-02-16,2,462.07905518,580.25682137,-0.50376642
oe:player:7e754adda86a60e0a39d7204ba60424,Betty,oe:team:4880b157399745e82e26e229d8bbf48,PSG Talon,bot,2024-02-18,3,735.45671868,760.98667671,-0.10882872
oe:player:7e754adda86a60e0a39d7204ba60424,Betty,oe:team:4880b157399745e82e26e229d8bbf48,PSG Talon,bot,2024-02-24,2,1233.34902983,604.85656295,2.67912830
oe:player:7e754adda86a60e0a39d7204ba60424,Betty,oe:team:4880b157399745e82e26e229d8bbf48,PSG Talon,bot,2024-03-01,3,932.59267281,712.01780894,0.94026324
oe:player:7e754adda86a60e0a39d7204ba60424,Betty,oe:team:4880b157399745e82e26e229d8bbf48,PSG Talon,bot,2024-03-03,3,686.07271158,589.24674118,0.41274830
oe:player:7e754adda86a60e0a39d7204ba60424,Betty,oe:team:4880b157399745e82e26e229d8bbf48,PSG Talon,bot,2024-03-20,4,750.49430575,663.51575512,0.37964331
oe:player:7e754adda86a60e0a39d7204ba60424,Betty,oe:team:4880b157399745e82e26e229d8bbf48,PSG Talon,bot,2024-03-24,5,878.82395823,725.33900159,0.66992995
oe:player:7e754adda86a60e0a39d7204ba60424,Betty,oe:team:4880b157399745e82e26e229d8bbf48,PSG Talon,bot,2024-03-30,3,806.75645027,611.63056927,0.85168394
oe:player:7e754adda86a60e0a39d7204ba60424,Betty,oe:team:4880b157399745e82e26e229d8bbf48,PSG Talon,bot,2024-04-07,3,576.26722313,718.36638401,-0.62023332
oe:player:7e754adda86a60e0a39d7204ba60424,Betty,oe:team:4880b157399745e82e26e229d8bbf48,PSG Talon,bot,2024-06-15,2,610.24150409,663.41128692,-0.23207506
oe:player:7e754adda86a60e0a39d7204ba60424,Betty,oe:team:4880b157399745e82e26e229d8bbf48,PSG Talon,bot,2024-06-16,2,543.71156487,619.85262953,-0.33233993
oe:player:7e754adda86a60e0a39d7204ba60424,Betty,oe:team:4880b157399745e82e26e229d8bbf48,PSG Talon,bot,2024-06-23,2,874.39365189,721.65266884,0.65041761
oe:player:7e754adda86a60e0a39d7204ba60424,Betty,oe:team:4880b157399745e82e26e229d8bbf48,PSG Talon,bot,2024-06-30,3,506.08602732,711.49348433,-0.87468749
oe:player:7e754adda86a60e0a39d7204ba60424,Betty,oe:team:4880b157399745e82e26e229d8bbf48,PSG Talon,bot,2024-07-12,2,488.57486299,602.37736751,-0.48460571
oe:player:7e754adda86a60e0a39d7204ba60424,Betty,oe:team:4880b157399745e82e26e229d8bbf48,PSG Talon,bot,2024-07-14,2,932.75936535,729.17406008,0.86692821
oe:player:7e754adda86a60e0a39d7204ba60424,Betty,oe:team:4880b157399745e82e26e229d8bbf48,PSG Talon,bot,2024-07-19,2,668.94541800,570.91437630,0.41744602
oe:player:7e754adda86a60e0a39d7204ba60424,Betty,oe:team:4880b157399745e82e26e229d8bbf48,PSG Talon,bot,2024-07-21,2,777.39364935,695.08609642,0.35049062
oe:player:7e754adda86a60e0a39d7204ba60424,Betty,oe:team:4880b157399745e82e26e229d8bbf48,PSG Talon,bot,2024-07-26,3,733.00678176,695.32847050,0.16044572
oe:player:7e754adda86a60e0a39d7204ba60424,Betty,oe:team:4880b157399745e82e26e229d8bbf48,PSG Talon,bot,2024-07-28,2,788.86639342,598.95524648,0.80869949
oe:player:7e754adda86a60e0a39d7204ba60424,Betty,oe:team:4880b157399745e82e26e229d8bbf48,PSG Talon,bot,2024-08-17,3,786.74615935,708.77139850,0.32610161
oe:player:7e754adda86a60e0a39d7204ba60424,Betty,oe:team:4880b157399745e82e26e229d8bbf48,PSG Talon,bot,2024-08-23,3,734.84971434,699.51956320,0.14775575
oe:player:7e754adda86a60e0a39d7204ba60424,Betty,oe:team:4880b157399745e82e26e229d8bbf48,PSG Talon,bot,2024-09-01,4,653.59597894,728.22120909,-0.31209339
oe:player:7fb26875c639817a59912a87be6f738,Marble,oe:team:d8ca3fc1f0827ec76369af7b70d43e3,Fukuoka SoftBank HAWKS gaming,bot,2024-03-24,5,565.25259762,564.45788892,0.00346874
oe:player:7fb26875c639817a59912a87be6f738,Marble,oe:team:d8ca3fc1f0827ec76369af7b70d43e3,Fukuoka SoftBank HAWKS gaming,bot,2024-03-28,5,725.70759377,708.83272034,0.07365532
oe:player:7fb26875c639817a59912a87be6f738,Marble,oe:team:d8ca3fc1f0827ec76369af7b70d43e3,Fukuoka SoftBank HAWKS gaming,bot,2024-03-31,5,1136.86769482,697.13653236,1.91933518
oe:player:7fb26875c639817a59912a87be6f738,Marble,oe:team:d8ca3fc1f0827ec76369af7b70d43e3,Fukuoka SoftBank HAWKS gaming,bot,2024-04-06,3,748.03104028,559.94723128,0.82094676
oe:player:7fb26875c639817a59912a87be6f738,Marble,oe:team:d8ca3fc1f0827ec76369af7b70d43e3,Fukuoka SoftBank HAWKS gaming,bot,2024-04-07,3,655.23909902,639.06618977,0.07059139
oe:player:7fb26875c639817a59912a87be6f738,Marble,oe:team:d8ca3fc1f0827ec76369af7b70d43e3,Fukuoka SoftBank HAWKS gaming,bot,2024-08-18,5,969.27398605,790.41928746,0.74799595
oe:player:7fb26875c639817a59912a87be6f738,Marble,oe:team:d8ca3fc1f0827ec76369af7b70d43e3,Fukuoka SoftBank HAWKS gaming,bot,2024-08-23,3,491.68730823,668.04757297,-0.73756387
oe:player:7fb26875c639817a59912a87be6f738,Marble,oe:team:d8ca3fc1f0827ec76369af7b70d43e3,Fukuoka SoftBank HAWKS gaming,bot,2024-08-31,4,768.65902277,764.31390871,0.01817189
oe:player:7fb26875c639817a59912a87be6f738,Marble,oe:team:d8ca3fc1f0827ec76369af7b70d43e3,Fukuoka SoftBank HAWKS gaming,bot,2024-09-01,4,603.72168514,670.20249513,-0.27803226
oe:player:82a08dfbbc2a9515bc6962cd307507c,Jett,oe:team:984c3ce601b35d7617ad0bc8570946c,QT DIG∞,mid,2024-08-06,3,721.91299597,633.64478324,0.37393753
oe:player:82a08dfbbc2a9515bc6962cd307507c,Jett,oe:team:984c3ce601b35d7617ad0bc8570946c,QT DIG∞,mid,2024-08-08,2,616.70692336,691.02277319,-0.30468735
oe:player:886831dade87c08a01092da3429cdb7,Lilv,oe:team:0092987a7da75e9fd0cbf8110d10b76,West Point Esports,bot,2024-06-08,2,742.91505916,616.08847271,0.55357170
oe:player:886831dade87c08a01092da3429cdb7,Lilv,oe:team:0092987a7da75e9fd0cbf8110d10b76,West Point Esports,bot,2024-06-15,2,454.77175496,480.37272218,-0.11174290
oe:player:886831dade87c08a01092da3429cdb7,Lilv,oe:team:0092987a7da75e9fd0cbf8110d10b76,West Point Esports,bot,2024-06-22,2,818.84234492,620.89983808,0.86397792
oe:player:886831dade87c08a01092da3429cdb7,Lilv,oe:team:0092987a7da75e9fd0cbf8110d10b76,West Point Esports,bot,2024-06-28,1,903.81387619,648.93389491,1.08535656
oe:player:886831dade87c08a01092da3429cdb7,Lilv,oe:team:0092987a7da75e9fd0cbf8110d10b76,West Point Esports,bot,2024-06-30,2,568.61339223,612.01916678,-0.18483500
oe:player:886831dade87c08a01092da3429cdb7,Lilv,oe:team:0092987a7da75e9fd0cbf8110d10b76,West Point Esports,bot,2024-07-12,1,385.21912351,551.73665746,-0.70908236
oe:player:886831dade87c08a01092da3429cdb7,Lilv,oe:team:0092987a7da75e9fd0cbf8110d10b76,West Point Esports,bot,2024-07-13,2,848.24246559,629.42066723,0.93180984
oe:player:886831dade87c08a01092da3429cdb7,Lilv,oe:team:0092987a7da75e9fd0cbf8110d10b76,West Point Esports,bot,2024-07-19,2,337.35624421,582.50377744,-1.04391284
oe:player:886831dade87c08a01092da3429cdb7,Lilv,oe:team:0092987a7da75e9fd0cbf8110d10b76,West Point Esports,bot,2024-07-21,2,558.21525604,565.99953306,-0.03314782
oe:player:886831dade87c08a01092da3429cdb7,Lilv,oe:team:0092987a7da75e9fd0cbf8110d10b76,West Point Esports,bot,2024-07-27,2,779.28499133,647.22479024,0.56235254
oe:player:886831dade87c08a01092da3429cdb7,Lilv,oe:team:0092987a7da75e9fd0cbf8110d10b76,West Point Esports,bot,2024-08-05,2,718.78295313,525.65829852,0.82238358
oe:player:886831dade87c08a01092da3429cdb7,Lilv,oe:team:0092987a7da75e9fd0cbf8110d10b76,West Point Esports,bot,2024-08-07,3,789.51382735,630.13801687,0.66653245
oe:player:8c730b10e2b23f98f9bbd735daa9a40,HotPot,oe:team:a31fdd71fc715fc1ee4a50fe19e828e,HELL PIGS,jng,2024-06-29,2,387.39198780,350.42998542,0.22850013
oe:player:8c730b10e2b23f98f9bbd735daa9a40,HotPot,oe:team:a31fdd71fc715fc1ee4a50fe19e828e,HELL PIGS,jng,2024-07-20,1,456.93379791,339.15974204,0.72808251
oe:player:8c730b10e2b23f98f9bbd735daa9a40,HotPot,oe:team:a31fdd71fc715fc1ee4a50fe19e828e,HELL PIGS,jng,2024-07-26,2,538.91426818,365.84177202,1.06993902
oe:player:8c730b10e2b23f98f9bbd735daa9a40,HotPot,oe:team:a31fdd71fc715fc1ee4a50fe19e828e,HELL PIGS,jng,2024-07-27,2,631.57244422,368.58445458,1.62579912
oe:player:8e422c119fcc0bdb1e78777d4febaaf,Thien,oe:team:788115a84f68bc65fa6d3a4e0f67a3e,Ground Zero Gaming,top,2024-03-11,2,632.57689898,624.22834115,0.04048161
oe:player:8e422c119fcc0bdb1e78777d4febaaf,Thien,oe:team:788115a84f68bc65fa6d3a4e0f67a3e,Ground Zero Gaming,top,2024-03-13,2,289.37295143,573.23185945,-1.37641336
oe:player:8e422c119fcc0bdb1e78777d4febaaf,Thien,oe:team:788115a84f68bc65fa6d3a4e0f67a3e,Ground Zero Gaming,top,2024-03-16,2,833.53471185,590.20150721,1.17990687
oe:player:8e422c119fcc0bdb1e78777d4febaaf,Thien,oe:team:788115a84f68bc65fa6d3a4e0f67a3e,Ground Zero Gaming,top,2024-08-06,3,473.63212847,521.34164047,-0.24560979
oe:player:8e422c119fcc0bdb1e78777d4febaaf,Thien,oe:team:788115a84f68bc65fa6d3a4e0f67a3e,Ground Zero Gaming,top,2024-08-08,2,476.31616961,463.00036547,0.06901505
oe:player:8e422c119fcc0bdb1e78777d4febaaf,Thien,oe:team:788115a84f68bc65fa6d3a4e0f67a3e,Ground Zero Gaming,top,2024-08-10,3,559.59906480,564.70712462,-0.02647478
oe:player:8e422c119fcc0bdb1e78777d4febaaf,Thien,oe:team:788115a84f68bc65fa6d3a4e0f67a3e,Ground Zero Gaming,top,2024-08-11,3,439.79356925,591.57965799,-0.78669863
oe:player:8fdc2bafb90349478271d33a1d215d4,Arding,oe:team:a31fdd71fc715fc1ee4a50fe19e828e,HELL PIGS,sup,2024-02-15,3,224.60700878,255.69414339,-0.24462353
oe:player:8fdc2bafb90349478271d33a1d215d4,Arding,oe:team:a31fdd71fc715fc1ee4a50fe19e828e,HELL PIGS,sup,2024-02-17,3,303.63454029,274.61787889,0.22833105
oe:player:8fdc2bafb90349478271d33a1d215d4,Arding,oe:team:a31fdd71fc715fc1ee4a50fe19e828e,HELL PIGS,sup,2024-02-23,2,156.86875000,236.57308455,-0.62719049
oe:player:8fdc2bafb90349478271d33a1d215d4,Arding,oe:team:a31fdd71fc715fc1ee4a50fe19e828e,HELL PIGS,sup,2024-02-25,2,238.92505117,228.64304938,0.08090870
oe:player:8fdc2bafb90349478271d33a1d215d4,Arding,oe:team:a31fdd71fc715fc1ee4a50fe19e828e,HELL PIGS,sup,2024-03-02,2,321.16109446,304.39190585,0.13195613
oe:player:90738b0beaf27202def5974360f039c,Kazmma,oe:team:a31fdd71fc715fc1ee4a50fe19e828e,HELL PIGS,jng,2024-02-15,3,246.67478331,387.84046118,-0.95491623
oe:player:90738b0beaf27202def5974360f039c,Kazmma,oe:team:a31fdd71fc715fc1ee4a50fe19e828e,HELL PIGS,jng,2024-02-17,3,342.47185559,351.27449070,-0.05954549
oe:player:90738b0beaf27202def5974360f039c,Kazmma,oe:team:a31fdd71fc715fc1ee4a50fe19e828e,HELL PIGS,jng,2024-02-23,2,219.51875000,315.71698912,-0.65073367
oe:player:90738b0beaf27202def5974360f039c,Kazmma,oe:team:a31fdd71fc715fc1ee4a50fe19e828e,HELL PIGS,jng,2024-02-25,2,345.09026146,325.69845357,0.13117602
oe:player:90738b0beaf27202def5974360f039c,Kazmma,oe:team:a31fdd71fc715fc1ee4a50fe19e828e,HELL PIGS,jng,2024-03-02,2,298.63611012,373.84921855,-0.50877961
oe:player:9170917b7452bef889def6c113af150,Forest,oe:team:d8ca3fc1f0827ec76369af7b70d43e3,Fukuoka SoftBank HAWKS gaming,jng,2024-03-24,5,329.30412118,285.31791903,0.29966351
oe:player:9170917b7452bef889def6c113af150,Forest,oe:team:d8ca3fc1f0827ec76369af7b70d43e3,Fukuoka SoftBank HAWKS gaming,jng,2024-03-28,5,532.57913756,418.81929528,0.77500834
oe:player:9170917b7452bef889def6c113af150,Forest,oe:team:d8ca3fc1f0827ec76369af7b70d43e3,Fukuoka SoftBank HAWKS gaming,jng,2024-03-31,5,395.35651054,332.97686662,0.42497197
oe:player:9170917b7452bef889def6c113af150,Forest,oe:team:d8ca3fc1f0827ec76369af7b70d43e3,Fukuoka SoftBank HAWKS gaming,jng,2024-04-06,3,485.95185297,287.12865205,1.35451698
oe:player:9170917b7452bef889def6c113af150,Forest,oe:team:d8ca3fc1f0827ec76369af7b70d43e3,Fukuoka SoftBank HAWKS gaming,jng,2024-04-07,3,330.72501977,290.60751612,0.27330734
oe:player:9170917b7452bef889def6c113af150,Forest,oe:team:d8ca3fc1f0827ec76369af7b70d43e3,Fukuoka SoftBank HAWKS gaming,jng,2024-08-18,5,610.15227713,523.80166026,0.45518656
oe:player:9170917b7452bef889def6c113af150,Forest,oe:team:d8ca3fc1f0827ec76369af7b70d43e3,Fukuoka SoftBank HAWKS gaming,jng,2024-08-23,3,592.39819060,497.58317959,0.49980557
oe:player:9170917b7452bef889def6c113af150,Forest,oe:team:d8ca3fc1f0827ec76369af7b70d43e3,Fukuoka SoftBank HAWKS gaming,jng,2024-08-31,4,597.83278461,489.23742188,0.57244698
oe:player:9170917b7452bef889def6c113af150,Forest,oe:team:d8ca3fc1f0827ec76369af7b70d43e3,Fukuoka SoftBank HAWKS gaming,jng,2024-09-01,4,339.17329762,377.65628646,-0.20285830
oe:player:922947616039031e1d3e40d6176930c,ChiCh1,oe:team:b41d715b166da7092724123264e4560,J Team,bot,2024-02-15,3,557.92042308,625.21909782,-0.28687979
oe:player:922947616039031e1d3e40d6176930c,ChiCh1,oe:team:b41d715b166da7092724123264e4560,J Team,bot,2024-02-17,2,463.45234062,648.08115277,-0.78703294
oe:player:922947616039031e1d3e40d6176930c,ChiCh1,oe:team:b41d715b166da7092724123264e4560,J Team,bot,2024-02-23,2,729.02152778,654.39134793,0.31813242
oe:player:922947616039031e1d3e40d6176930c,ChiCh1,oe:team:b41d715b166da7092724123264e4560,J Team,bot,2024-02-25,2,639.62387306,673.43192412,-0.14411646
oe:player:922947616039031e1d3e40d6176930c,ChiCh1,oe:team:b41d715b166da7092724123264e4560,J Team,bot,2024-03-02,2,757.65940334,620.11923511,0.58630418
oe:player:922947616039031e1d3e40d6176930c,ChiCh1,oe:team:b41d715b166da7092724123264e4560,J Team,bot,2024-03-12,2,527.51729867,586.85247323,-0.25293310
oe:player:922947616039031e1d3e40d6176930c,ChiCh1,oe:team:b41d715b166da7092724123264e4560,J Team,bot,2024-03-14,2,727.15845957,652.24546186,0.31933801
oe:player:922947616039031e1d3e40d6176930c,ChiCh1,oe:team:b41d715b166da7092724123264e4560,J Team,bot,2024-03-16,3,744.91553511,613.23878791,0.56130967
oe:player:922947616039031e1d3e40d6176930c,ChiCh1,oe:team:b41d715b166da7092724123264e4560,J Team,bot,2024-06-08,2,618.63636364,639.92939618,-0.09293966
oe:player:922947616039031e1d3e40d6176930c,ChiCh1,oe:team:b41d715b166da7092724123264e4560,J Team,bot,2024-06-16,2,465.50531613,554.73702238,-0.38947786
oe:player:922947616039031e1d3e40d6176930c,ChiCh1,oe:team:b41d715b166da7092724123264e4560,J Team,bot,2024-06-23,3,809.04636094,681.81436073,0.54179259
oe:player:922947616039031e1d3e40d6176930c,ChiCh1,oe:team:b41d715b166da7092724123264e4560,J Team,bot,2024-06-28,1,1231.03448276,765.24479217,1.98347432
oe:player:922947616039031e1d3e40d6176930c,ChiCh1,oe:team:b41d715b166da7092724123264e4560,J Team,bot,2024-06-29,2,754.39625099,729.85596058,0.10450003
oe:player:922947616039031e1d3e40d6176930c,ChiCh1,oe:team:b41d715b166da7092724123264e4560,J Team,bot,2024-07-12,1,587.71912351,659.55423310,-0.30589577
oe:player:922947616039031e1d3e40d6176930c,ChiCh1,oe:team:b41d715b166da7092724123264e4560,J Team,bot,2024-07-13,2,475.08273244,557.27795950,-0.35001230
oe:player:922947616039031e1d3e40d6176930c,ChiCh1,oe:team:b41d715b166da7092724123264e4560,J Team,bot,2024-07-20,2,897.79051253,716.31638708,0.77277208
oe:player:922947616039031e1d3e40d6176930c,ChiCh1,oe:team:b41d715b166da7092724123264e4560,J Team,bot,2024-07-21,2,985.57328829,652.02258168,1.42036046
oe:player:922947616039031e1d3e40d6176930c,ChiCh1,oe:team:b41d715b166da7092724123264e4560,J Team,bot,2024-07-28,2,713.80409345,615.76121057,0.41749645
oe:player:922947616039031e1d3e40d6176930c,ChiCh1,oe:team:b41d715b166da7092724123264e4560,J Team,bot,2024-08-06,3,753.28736682,640.93755066,0.47841972
oe:player:922947616039031e1d3e40d6176930c,ChiCh1,oe:team:b41d715b166da7092724123264e4560,J Team,bot,2024-08-08,2,701.88434927,617.63727249,0.35233333
oe:player:922947616039031e1d3e40d6176930c,ChiCh1,oe:team:b41d715b166da7092724123264e4560,J Team,bot,2024-08-10,3,901.51492234,671.43148746,0.96224186
oe:player:94e552221e552e3ebaaeefff76fd6ea,Gori,oe:team:0916b3c324c8577b0c6344f3e067f62,CTBC Flying Oyster,mid,2024-02-16,2,768.54862047,585.89827908,0.85114750
oe:player:94e552221e552e3ebaaeefff76fd6ea,Gori,oe:team:0916b3c324c8577b0c6344f3e067f62,CTBC Flying Oyster,mid,2024-02-18,3,787.84888648,603.72319030,0.85802263
oe:player:94e552221e552e3ebaaeefff76fd6ea,Gori,oe:team:0916b3c324c8577b0c6344f3e067f62,CTBC Flying Oyster,mid,2024-02-24,2,666.37794572,605.96323679,0.28153152
oe:player:94e552221e552e3ebaaeefff76fd6ea,Gori,oe:team:0916b3c324c8577b0c6344f3e067f62,CTBC Flying Oyster,mid,2024-03-01,2,845.63575602,592.35557542,1.18028135
oe:player:94e552221e552e3ebaaeefff76fd6ea,Gori,oe:team:0916b3c324c8577b0c6344f3e067f62,CTBC Flying Oyster,mid,2024-03-03,3,568.06996709,554.04038068,0.06537764
oe:player:94e552221e552e3ebaaeefff76fd6ea,Gori,oe:team:0916b3c324c8577b0c6344f3e067f62,CTBC Flying Oyster,mid,2024-03-23,3,790.17757274,658.39391329,0.57602718
oe:player:94e552221e552e3ebaaeefff76fd6ea,Gori,oe:team:0916b3c324c8577b0c6344f3e067f62,CTBC Flying Oyster,mid,2024-03-30,3,556.86278051,664.22337290,-0.46927381
oe:player:94e552221e552e3ebaaeefff76fd6ea,Gori,oe:team:0916b3c324c8577b0c6344f3e067f62,CTBC Flying Oyster,mid,2024-04-06,3,718.45993235,666.74834696,0.22603166
oe:player:94e552221e552e3ebaaeefff76fd6ea,Gori,oe:team:0916b3c324c8577b0c6344f3e067f62,CTBC Flying Oyster,mid,2024-06-08,2,855.66228224,684.80501254,0.74681818
oe:player:94e552221e552e3ebaaeefff76fd6ea,Gori,oe:team:0916b3c324c8577b0c6344f3e067f62,CTBC Flying Oyster,mid,2024-06-16,3,607.94899343,623.76562461,-0.06913459
oe:player:94e552221e552e3ebaaeefff76fd6ea,Gori,oe:team:0916b3c324c8577b0c6344f3e067f62,CTBC Flying Oyster,mid,2024-06-22,2,990.22371220,734.05038911,1.11973517
oe:player:94e552221e552e3ebaaeefff76fd6ea,Gori,oe:team:0916b3c324c8577b0c6344f3e067f62,CTBC Flying Oyster,mid,2024-06-30,2,1107.41413401,782.98827456,1.37439065
oe:player:94e552221e552e3ebaaeefff76fd6ea,Gori,oe:team:0916b3c324c8577b0c6344f3e067f62,CTBC Flying Oyster,mid,2024-07-12,2,416.82517781,654.92874915,-1.00869678
oe:player:94e552221e552e3ebaaeefff76fd6ea,Gori,oe:team:0916b3c324c8577b0c6344f3e067f62,CTBC Flying Oyster,mid,2024-07-13,2,973.86892731,652.33501126,1.36213928
oe:player:94e552221e552e3ebaaeefff76fd6ea,Gori,oe:team:0916b3c324c8577b0c6344f3e067f62,CTBC Flying Oyster,mid,2024-07-19,2,680.22217886,644.08136756,0.15310615
oe:player:94e552221e552e3ebaaeefff76fd6ea,Gori,oe:team:0916b3c324c8577b0c6344f3e067f62,CTBC Flying Oyster,mid,2024-07-27,3,802.14390702,713.74888092,0.37447476
oe:player:94e552221e552e3ebaaeefff76fd6ea,Gori,oe:team:0916b3c324c8577b0c6344f3e067f62,CTBC Flying Oyster,mid,2024-07-28,2,759.22286223,647.26068741,0.47431412
oe:player:94e552221e552e3ebaaeefff76fd6ea,Gori,oe:team:0916b3c324c8577b0c6344f3e067f62,CTBC Flying Oyster,mid,2024-08-06,3,830.02505811,693.72334984,0.57742559
oe:player:94e552221e552e3ebaaeefff76fd6ea,Gori,oe:team:0916b3c324c8577b0c6344f3e067f62,CTBC Flying Oyster,mid,2024-08-08,2,1130.84383257,785.20556452,1.41708139
oe:player:94e552221e552e3ebaaeefff76fd6ea,Gori,oe:team:0916b3c324c8577b0c6344f3e067f62,CTBC Flying Oyster,mid,2024-08-15,5,930.20803971,785.30413780,0.59409111
oe:player:94e552221e552e3ebaaeefff76fd6ea,Gori,oe:team:0916b3c324c8577b0c6344f3e067f62,CTBC Flying Oyster,mid,2024-08-21,3,778.33261446,785.48220022,-0.02931257
oe:player:94e552221e552e3ebaaeefff76fd6ea,Gori,oe:team:0916b3c324c8577b0c6344f3e067f62,CTBC Flying Oyster,mid,2024-08-24,4,845.02806723,665.86757199,0.73453962
oe:player:94febb5b16671d3d345f1998ab6ceca,GodJJ,oe:team:a31fdd71fc715fc1ee4a50fe19e828e,HELL PIGS,bot,2024-02-15,3,471.83455923,653.19570912,-0.77310360
oe:player:94febb5b16671d3d345f1998ab6ceca,GodJJ,oe:team:a31fdd71fc715fc1ee4a50fe19e828e,HELL PIGS,bot,2024-02-17,3,594.48426227,633.11948968,-0.16469367
oe:player:94febb5b16671d3d345f1998ab6ceca,GodJJ,oe:team:a31fdd71fc715fc1ee4a50fe19e828e,HELL PIGS,bot,2024-02-23,1,605.69444444,596.22003707,0.04038736
oe:player:94febb5b16671d3d345f1998ab6ceca,GodJJ,oe:team:a31fdd71fc715fc1ee4a50fe19e828e,HELL PIGS,bot,2024-03-02,1,688.24869483,581.54434182,0.45485772
oe:player:95a8aae7c0baf0df5110b78a8f80ae9,Likai,oe:team:b41d715b166da7092724123264e4560,J Team,top,2024-02-15,3,724.39588502,553.66788601,0.82784895
oe:player:95a8aae7c0baf0df5110b78a8f80ae9,Likai,oe:team:b41d715b166da7092724123264e4560,J Team,top,2024-02-17,2,536.69433257,612.72270143,-0.36865661
oe:player:95a8aae7c0baf0df5110b78a8f80ae9,Likai,oe:team:b41d715b166da7092724123264e4560,J Team,top,2024-02-23,2,544.83541667,608.79485506,-0.31013515
oe:player:95a8aae7c0baf0df5110b78a8f80ae9,Likai,oe:team:b41d715b166da7092724123264e4560,J Team,top,2024-02-25,2,448.83398054,578.53592453,-0.62891628
oe:player:95a8aae7c0baf0df5110b78a8f80ae9,Likai,oe:team:b41d715b166da7092724123264e4560,J Team,top,2024-03-02,2,482.86573369,515.05439833,-0.15608074
oe:player:95a8aae7c0baf0df5110b78a8f80ae9,Likai,oe:team:b41d715b166da7092724123264e4560,J Team,top,2024-03-12,2,437.27460711,564.99194799,-0.61929307
oe:player:95a8aae7c0baf0df5110b78a8f80ae9,Likai,oe:team:b41d715b166da7092724123264e4560,J Team,top,2024-03-14,2,820.04812677,552.03756891,1.29956575
oe:player:95a8aae7c0baf0df5110b78a8f80ae9,Likai,oe:team:b41d715b166da7092724123264e4560,J Team,top,2024-03-16,3,479.08224510,533.99089193,-0.26624845
oe:player:95a8aae7c0baf0df5110b78a8f80ae9,Likai,oe:team:b41d715b166da7092724123264e4560,J Team,top,2024-06-08,2,709.28796371,613.34501371,0.48975362
oe:player:95a8aae7c0baf0df5110b78a8f80ae9,Likai,oe:team:b41d715b166da7092724123264e4560,J Team,top,2024-06-16,2,257.37302798,449.33489824,-0.97989504
oe:player:95a8aae7c0baf0df5110b78a8f80ae9,Likai,oe:team:b41d715b166da7092724123264e4560,J Team,top,2024-06-23,3,559.96717736,539.15389339,0.10714732
oe:player:95a8aae7c0baf0df5110b78a8f80ae9,Likai,oe:team:b41d715b166da7092724123264e4560,J Team,top,2024-06-28,1,441.03863731,517.44416246,-0.39333759
oe:player:95a8aae7c0baf0df5110b78a8f80ae9,Likai,oe:team:b41d715b166da7092724123264e4560,J Team,top,2024-06-29,2,331.77014454,632.47862953,-1.54805496
oe:player:95a8aae7c0baf0df5110b78a8f80ae9,Likai,oe:team:b41d715b166da7092724123264e4560,J Team,top,2024-07-12,1,592.29083665,664.80864085,-0.37332351
oe:player:95a8aae7c0baf0df5110b78a8f80ae9,Likai,oe:team:b41d715b166da7092724123264e4560,J Team,top,2024-07-13,2,568.93393469,507.35043361,0.31703344
oe:player:95a8aae7c0baf0df5110b78a8f80ae9,Likai,oe:team:b41d715b166da7092724123264e4560,J Team,top,2024-07-20,2,458.41218150,484.49271360,-0.13426324
oe:player:95a8aae7c0baf0df5110b78a8f80ae9,Likai,oe:team:b41d715b166da7092724123264e4560,J Team,top,2024-07-21,2,709.40415359,613.82559199,0.49204087
oe:player:95a8aae7c0baf0df5110b78a8f80ae9,Likai,oe:team:b41d715b166da7092724123264e4560,J Team,top,2024-07-28,2,569.02637999,560.91356569,0.04176498
oe:player:95a8aae7c0baf0df5110b78a8f80ae9,Likai,oe:team:b41d715b166da7092724123264e4560,J Team,top,2024-08-06,3,557.09227675,556.09452658,0.00513644
oe:player:95a8aae7c0baf0df5110b78a8f80ae9,Likai,oe:team:b41d715b166da7092724123264e4560,J Team,top,2024-08-08,2,543.32013578,464.71026679,0.40743046
oe:player:95a8aae7c0baf0df5110b78a8f80ae9,Likai,oe:team:b41d715b166da7092724123264e4560,J Team,top,2024-08-10,3,572.86844852,556.31229323,0.08580961
oe:player:994882ce341b5949034f3975746ff32,Benvi,oe:team:788115a84f68bc65fa6d3a4e0f67a3e,Ground Zero Gaming,sup,2024-03-11,2,535.46633773,362.50944926,1.36099143
oe:player:994882ce341b5949034f3975746ff32,Benvi,oe:team:788115a84f68bc65fa6d3a4e0f67a3e,Ground Zero Gaming,sup,2024-03-13,2,440.01017844,250.80888605,1.48881805
oe:player:994882ce341b5949034f3975746ff32,Benvi,oe:team:788115a84f68bc65fa6d3a4e0f67a3e,Ground Zero Gaming,sup,2024-03-16,2,286.20526346,290.43359447,-0.03327258
oe:player:9a78213b3bc77c76369c2aca27257b9,MnM,oe:team:957a0b20bb6ce6491d39eb82e5fcb17,Frank Esports,bot,2024-02-16,2,711.47229507,651.63641431,0.25506750
oe:player:9a78213b3bc77c76369c2aca27257b9,MnM,oe:team:957a0b20bb6ce6491d39eb82e5fcb17,Frank Esports,bot,2024-02-18,3,518.35351440,620.07996123,-0.43363798
oe:player:9a78213b3bc77c76369c2aca27257b9,MnM,oe:team:957a0b20bb6ce6491d39eb82e5fcb17,Frank Esports,bot,2024-02-24,2,526.36208636,564.51171021,-0.16262365
oe:player:9a78213b3bc77c76369c2aca27257b9,MnM,oe:team:957a0b20bb6ce6491d39eb82e5fcb17,Frank Esports,bot,2024-03-12,2,618.92445087,622.75320702,-0.01632116
oe:player:9a78213b3bc77c76369c2aca27257b9,MnM,oe:team:957a0b20bb6ce6491d39eb82e5fcb17,Frank Esports,bot,2024-03-14,3,741.93748389,626.90827645,0.49034479
oe:player:9a78213b3bc77c76369c2aca27257b9,MnM,oe:team:957a0b20bb6ce6491d39eb82e5fcb17,Frank Esports,bot,2024-03-21,3,1039.27958739,691.62655303,1.51743328
oe:player:9a78213b3bc77c76369c2aca27257b9,MnM,oe:team:957a0b20bb6ce6491d39eb82e5fcb17,Frank Esports,bot,2024-03-23,3,489.50399280,589.34050721,-0.43576565
oe:player:9a78213b3bc77c76369c2aca27257b9,MnM,oe:team:957a0b20bb6ce6491d39eb82e5fcb17,Frank Esports,bot,2024-03-27,4,776.16254756,620.70228649,0.67855175
oe:player:9a78213b3bc77c76369c2aca27257b9,MnM,oe:team:957a0b20bb6ce6491d39eb82e5fcb17,Frank Esports,bot,2024-03-31,5,856.31980477,646.02350747,0.91789965
oe:player:a179853ac2a0832657b9de8b9ba0020,HongQ,oe:team:0916b3c324c8577b0c6344f3e067f62,CTBC Flying Oyster,mid,2024-07-20,2,966.65282882,758.46244933,0.88197319
oe:player:a214c0e659e36eb1194137976cab361,Kerry,oe:team:a31fdd71fc715fc1ee4a50fe19e828e,HELL PIGS,sup,2024-06-08,2,144.75662901,179.32958070,-0.23382891
oe:player:a214c0e659e36eb1194137976cab361,Kerry,oe:team:a31fdd71fc715fc1ee4a50fe19e828e,HELL PIGS,sup,2024-06-15,2,142.80216549,217.59628181,-0.50585865
oe:player:a214c0e659e36eb1194137976cab361,Kerry,oe:team:a31fdd71fc715fc1ee4a50fe19e828e,HELL PIGS,sup,2024-06-22,2,192.79155220,155.14411600,0.25462272
oe:player:a214c0e659e36eb1194137976cab361,Kerry,oe:team:a31fdd71fc715fc1ee4a50fe19e828e,HELL PIGS,sup,2024-07-13,2,197.05243060,232.65435759,-0.24325548
oe:player:a214c0e659e36eb1194137976cab361,Kerry,oe:team:a31fdd71fc715fc1ee4a50fe19e828e,HELL PIGS,sup,2024-07-14,2,204.66222243,131.66382005,0.49877248
oe:player:a214c0e659e36eb1194137976cab361,Kerry,oe:team:a31fdd71fc715fc1ee4a50fe19e828e,HELL PIGS,sup,2024-07-20,1,148.89385475,184.94060623,-0.24629481
oe:player:a214c0e659e36eb1194137976cab361,Kerry,oe:team:a31fdd71fc715fc1ee4a50fe19e828e,HELL PIGS,sup,2024-07-26,2,114.58360469,139.38767301,-0.16947750
oe:player:a214c0e659e36eb1194137976cab361,Kerry,oe:team:a31fdd71fc715fc1ee4a50fe19e828e,HELL PIGS,sup,2024-07-27,2,182.31446904,199.98164461,-0.12071361
oe:player:a22a6d1fe8786cf83675e2d932fbffe,JunJia,oe:team:4880b157399745e82e26e229d8bbf48,PSG Talon,jng,2024-02-16,2,271.81100962,339.24690651,-0.45617060
oe:player:a22a6d1fe8786cf83675e2d932fbffe,JunJia,oe:team:4880b157399745e82e26e229d8bbf48,PSG Talon,jng,2024-02-18,3,391.74063082,425.56098393,-0.22877802
oe:player:a22a6d1fe8786cf83675e2d932fbffe,JunJia,oe:team:4880b157399745e82e26e229d8bbf48,PSG Talon,jng,2024-02-24,2,424.91913791,322.22565591,0.69467079
oe:player:a22a6d1fe8786cf83675e2d932fbffe,JunJia,oe:team:4880b157399745e82e26e229d8bbf48,PSG Talon,jng,2024-03-01,3,422.01314087,413.01059120,0.06089781
oe:player:a22a6d1fe8786cf83675e2d932fbffe,JunJia,oe:team:4880b157399745e82e26e229d8bbf48,PSG Talon,jng,2024-03-03,3,314.40648335,344.81280586,-0.20568378
oe:player:a22a6d1fe8786cf83675e2d932fbffe,JunJia,oe:team:4880b157399745e82e26e229d8bbf48,PSG Talon,jng,2024-03-20,4,389.64846278,412.03072819,-0.15248300
oe:player:a22a6d1fe8786cf83675e2d932fbffe,JunJia,oe:team:4880b157399745e82e26e229d8bbf48,PSG Talon,jng,2024-03-24,5,407.82042997,382.31465170,0.17376247
oe:player:a22a6d1fe8786cf83675e2d932fbffe,JunJia,oe:team:4880b157399745e82e26e229d8bbf48,PSG Talon,jng,2024-03-30,3,448.06582083,328.80474932,0.81248640
oe:player:a22a6d1fe8786cf83675e2d932fbffe,JunJia,oe:team:4880b157399745e82e26e229d8bbf48,PSG Talon,jng,2024-04-07,3,585.19848946,400.99502641,1.25491752
oe:player:a22a6d1fe8786cf83675e2d932fbffe,JunJia,oe:team:4880b157399745e82e26e229d8bbf48,PSG Talon,jng,2024-06-15,2,451.18240662,451.17802646,0.00002984
oe:player:a22a6d1fe8786cf83675e2d932fbffe,JunJia,oe:team:4880b157399745e82e26e229d8bbf48,PSG Talon,jng,2024-06-16,2,494.43823049,331.34306624,1.11111363
oe:player:a22a6d1fe8786cf83675e2d932fbffe,JunJia,oe:team:4880b157399745e82e26e229d8bbf48,PSG Talon,jng,2024-06-23,2,919.94721408,554.55970716,2.25883581
oe:player:a22a6d1fe8786cf83675e2d932fbffe,JunJia,oe:team:4880b157399745e82e26e229d8bbf48,PSG Talon,jng,2024-06-30,3,569.91489413,473.77341990,0.59434929
oe:player:a22a6d1fe8786cf83675e2d932fbffe,JunJia,oe:team:4880b157399745e82e26e229d8bbf48,PSG Talon,jng,2024-07-12,2,448.26472819,329.42418612,0.73467556
oe:player:a22a6d1fe8786cf83675e2d932fbffe,JunJia,oe:team:4880b157399745e82e26e229d8bbf48,PSG Talon,jng,2024-07-14,2,762.51342191,477.09978959,1.76443507
oe:player:a22a6d1fe8786cf83675e2d932fbffe,JunJia,oe:team:4880b157399745e82e26e229d8bbf48,PSG Talon,jng,2024-07-19,2,577.44899642,389.59756523,1.16130281
oe:player:a22a6d1fe8786cf83675e2d932fbffe,JunJia,oe:team:4880b157399745e82e26e229d8bbf48,PSG Talon,jng,2024-07-21,2,566.84649103,468.58087971,0.60748076
oe:player:a22a6d1fe8786cf83675e2d932fbffe,JunJia,oe:team:4880b157399745e82e26e229d8bbf48,PSG Talon,jng,2024-07-26,3,689.24632280,476.40536288,1.31578878
oe:player:a22a6d1fe8786cf83675e2d932fbffe,JunJia,oe:team:4880b157399745e82e26e229d8bbf48,PSG Talon,jng,2024-07-28,2,562.57221836,328.43051448,1.44747058
oe:player:a22a6d1fe8786cf83675e2d932fbffe,JunJia,oe:team:4880b157399745e82e26e229d8bbf48,PSG Talon,jng,2024-08-17,3,333.17831314,375.15249808,-0.22126171
oe:player:a22a6d1fe8786cf83675e2d932fbffe,JunJia,oe:team:4880b157399745e82e26e229d8bbf48,PSG Talon,jng,2024-08-23,3,636.42646799,557.60022992,0.41552273
oe:player:a22a6d1fe8786cf83675e2d932fbffe,JunJia,oe:team:4880b157399745e82e26e229d8bbf48,PSG Talon,jng,2024-09-01,4,393.86820642,435.55053093,-0.21972320
oe:player:a5a7b88f861bef4c6247a78eb680b7b,Kongyue,oe:team:0092987a7da75e9fd0cbf8110d10b76,West Point Esports,jng,2024-06-15,2,469.15645023,257.17695052,1.44414651
oe:player:a5a7b88f861bef4c6247a78eb680b7b,Kongyue,oe:team:0092987a7da75e9fd0cbf8110d10b76,West Point Esports,jng,2024-06-22,2,503.41352133,348.38685549,1.05614561
oe:player:a5a7b88f861bef4c6247a78eb680b7b,Kongyue,oe:team:0092987a7da75e9fd0cbf8110d10b76,West Point Esports,jng,2024-06-28,1,392.30577482,361.99595014,0.18737619
oe:player:a5a7b88f861bef4c6247a78eb680b7b,Kongyue,oe:team:0092987a7da75e9fd0cbf8110d10b76,West Point Esports,jng,2024-06-30,2,407.30137222,351.42646007,0.34542027
oe:player:a5a7b88f861bef4c6247a78eb680b7b,Kongyue,oe:team:0092987a7da75e9fd0cbf8110d10b76,West Point Esports,jng,2024-07-12,1,310.42828685,256.61814693,0.33265579
oe:player:a5a7b88f861bef4c6247a78eb680b7b,Kongyue,oe:team:0092987a7da75e9fd0cbf8110d10b76,West Point Esports,jng,2024-07-13,2,585.60618840,412.86343418,1.06790055
oe:player:a5a7b88f861bef4c6247a78eb680b7b,Kongyue,oe:team:0092987a7da75e9fd0cbf8110d10b76,West Point Esports,jng,2024-07-19,2,247.44276659,309.49550807,-0.38361179
oe:player:a5a7b88f861bef4c6247a78eb680b7b,Kongyue,oe:team:0092987a7da75e9fd0cbf8110d10b76,West Point Esports,jng,2024-07-21,2,373.06395688,308.50018461,0.39913505
oe:player:a5a7b88f861bef4c6247a78eb680b7b,Kongyue,oe:team:0092987a7da75e9fd0cbf8110d10b76,West Point Esports,jng,2024-07-27,2,738.24797533,355.84499758,2.36402593
oe:player:a5a7b88f861bef4c6247a78eb680b7b,Kongyue,oe:team:0092987a7da75e9fd0cbf8110d10b76,West Point Esports,jng,2024-08-05,2,324.76647171,283.52673692,0.25494520
oe:player:a5a7b88f861bef4c6247a78eb680b7b,Kongyue,oe:team:0092987a7da75e9fd0cbf8110d10b76,West Point Esports,jng,2024-08-07,3,442.69292203,365.60358612,0.40636687
oe:player:aa8dcbc0e74672795afde4d6464b325,Yursan,oe:team:b41d715b166da7092724123264e4560,J Team,sup,2024-02-15,3,166.25676914,268.01707590,-0.80074813
oe:player:aa8dcbc0e74672795afde4d6464b325,Yursan,oe:team:b41d715b166da7092724123264e4560,J Team,sup,2024-02-17,2,50.81249503,276.19545524,-1.77353027
oe:player:aa8dcbc0e74672795afde4d6464b325,Yursan,oe:team:b41d715b166da7092724123264e4560,J Team,sup,2024-02-23,2,175.70902778,283.18350506,-0.84571273
oe:player:aa8dcbc0e74672795afde4d6464b325,Yursan,oe:team:b41d715b166da7092724123264e4560,J Team,sup,2024-07-20,2,248.90491114,238.87933157,0.06850127
oe:player:aa8dcbc0e74672795afde4d6464b325,Yursan,oe:team:b41d715b166da7092724123264e4560,J Team,sup,2024-07-21,2,180.32157006,240.60668653,-0.41190705
oe:player:aa8dcbc0e74672795afde4d6464b325,Yursan,oe:team:b41d715b166da7092724123264e4560,J Team,sup,2024-07-28,2,148.67655258,171.08364638,-0.15309981
oe:player:accd847941be215a4c9502a3e602bea,Cha9,oe:team:0092987a7da75e9fd0cbf8110d10b76,West Point Esports,sup,2024-02-15,3,207.61447920,223.34070316,-0.12374908
oe:player:accd847941be215a4c9502a3e602bea,Cha9,oe:team:0092987a7da75e9fd0cbf8110d10b76,West Point Esports,sup,2024-02-17,3,211.88936026,251.58158608,-0.31233667
oe:player:accd847941be215a4c9502a3e602bea,Cha9,oe:team:0092987a7da75e9fd0cbf8110d10b76,West Point Esports,sup,2024-02-23,2,189.20238554,262.94474990,-0.58027597
oe:player:accd847941be215a4c9502a3e602bea,Cha9,oe:team:0092987a7da75e9fd0cbf8110d10b76,West Point Esports,sup,2024-02-25,2,140.12011675,231.78772670,-0.72132907
oe:player:accd847941be215a4c9502a3e602bea,Cha9,oe:team:0092987a7da75e9fd0cbf8110d10b76,West Point Esports,sup,2024-03-02,2,549.28152493,242.27577777,2.41581700
oe:player:accd847941be215a4c9502a3e602bea,Cha9,oe:team:0092987a7da75e9fd0cbf8110d10b76,West Point Esports,sup,2024-06-08,2,155.12146272,144.01198419,0.07513727
oe:player:accd847941be215a4c9502a3e602bea,Cha9,oe:team:0092987a7da75e9fd0cbf8110d10b76,West Point Esports,sup,2024-06-15,2,216.22081213,123.80772920,0.62502185
oe:player:accd847941be215a4c9502a3e602bea,Cha9,oe:team:0092987a7da75e9fd0cbf8110d10b76,West Point Esports,sup,2024-06-22,2,149.84470721,232.50009767,-0.55902718
oe:player:accd847941be215a4c9502a3e602bea,Cha9,oe:team:0092987a7da75e9fd0cbf8110d10b76,West Point Esports,sup,2024-06-28,1,120.39883673,200.18829473,-0.54517338
oe:player:accd847941be215a4c9502a3e602bea,Cha9,oe:team:0092987a7da75e9fd0cbf8110d10b76,West Point Esports,sup,2024-06-30,2,149.17574792,173.72616318,-0.16774438
oe:player:accd847941be215a4c9502a3e602bea,Cha9,oe:team:0092987a7da75e9fd0cbf8110d10b76,West Point Esports,sup,2024-07-12,1,196.61354582,161.14204209,0.24236434
oe:player:accd847941be215a4c9502a3e602bea,Cha9,oe:team:0092987a7da75e9fd0cbf8110d10b76,West Point Esports,sup,2024-07-13,2,219.36068975,237.22682518,-0.12207304
oe:player:accd847941be215a4c9502a3e602bea,Cha9,oe:team:0092987a7da75e9fd0cbf8110d10b76,West Point Esports,sup,2024-07-19,2,129.08314076,150.96046167,-0.14948006
oe:player:accd847941be215a4c9502a3e602bea,Cha9,oe:team:0092987a7da75e9fd0cbf8110d10b76,West Point Esports,sup,2024-07-21,2,167.98485275,174.98105401,-0.04780259
oe:player:accd847941be215a4c9502a3e602bea,Cha9,oe:team:0092987a7da75e9fd0cbf8110d10b76,West Point Esports,sup,2024-07-27,2,177.90543358,209.49126544,-0.21581491
oe:player:accd847941be215a4c9502a3e602bea,Cha9,oe:team:0092987a7da75e9fd0cbf8110d10b76,West Point Esports,sup,2024-08-05,2,203.85147597,120.78514396,0.56756311
oe:player:accd847941be215a4c9502a3e602bea,Cha9,oe:team:0092987a7da75e9fd0cbf8110d10b76,West Point Esports,sup,2024-08-07,3,138.84705817,158.83662464,-0.15080496
oe:player:b168931509a558db4b062201d259c45,Swip3rR,oe:team:22fca4d0e6f23af1d0bfc7b3b4de18c,Antic Esports,jng,2024-03-12,2,203.55704145,292.64283210,-0.60262146
oe:player:b168931509a558db4b062201d259c45,Swip3rR,oe:team:22fca4d0e6f23af1d0bfc7b3b4de18c,Antic Esports,jng,2024-03-14,2,248.12565133,382.35416428,-0.90798973
oe:player:c11a22bb557caefe8a0f3535dbf6d20,HRK,oe:team:af4b23d4634c4e6ecb5659fb1e689e9,V3 Esports,jng,2024-03-11,2,224.28436703,419.31945365,-1.31931623
oe:player:c11a22bb557caefe8a0f3535dbf6d20,HRK,oe:team:af4b23d4634c4e6ecb5659fb1e689e9,V3 Esports,jng,2024-03-13,2,235.88230160,331.61810091,-0.64760550
oe:player:c1ddab75d1d921ffed44398c4188d60,BioPanther,oe:team:0b27fc98592297c4441bce44760a642,Team Bliss,top,2024-08-05,3,355.74595807,531.97377328,-0.90722529
oe:player:c1ddab75d1d921ffed44398c4188d60,BioPanther,oe:team:0b27fc98592297c4441bce44760a642,Team Bliss,top,2024-08-07,2,402.42002723,410.72838672,-0.04306175
oe:player:c1ddab75d1d921ffed44398c4188d60,BioPanther,oe:team:0b27fc98592297c4441bce44760a642,Team Bliss,top,2024-08-10,3,321.33118874,434.00088750,-0.58396061
oe:player:c663dfeadae6cae117d735cd1696f88,Minji,oe:team:b41d715b166da7092724123264e4560,J Team,mid,2024-02-15,3,906.25391604,661.53803380,1.14037187
oe:player:c663dfeadae6cae117d735cd1696f88,Minji,oe:team:b41d715b166da7092724123264e4560,J Team,mid,2024-02-17,2,433.87916505,661.24528679,-1.05952228
oe:player:c663dfeadae6cae117d735cd1696f88,Minji,oe:team:b41d715b166da7092724123264e4560,J Team,mid,2024-02-23,2,877.71666667,670.80390825,0.96420995
oe:player:c663dfeadae6cae117d735cd1696f88,Minji,oe:team:b41d715b166da7092724123264e4560,J Team,mid,2024-02-25,2,984.35893982,650.81658242,1.55430174
oe:player:c663dfeadae6cae117d735cd1696f88,Minji,oe:team:b41d715b166da7092724123264e4560,J Team,mid,2024-03-02,2,874.38082334,668.47773485,0.95950491
oe:player:c663dfeadae6cae117d735cd1696f88,Minji,oe:team:b41d715b166da7092724123264e4560,J Team,mid,2024-03-12,2,506.75656694,595.43876302,-0.41325753
oe:player:c663dfeadae6cae117d735cd1696f88,Minji,oe:team:b41d715b166da7092724123264e4560,J Team,mid,2024-03-14,2,685.47472623,605.86806232,0.37096571
oe:player:c663dfeadae6cae117d735cd1696f88,Minji,oe:team:b41d715b166da7092724123264e4560,J Team,mid,2024-03-16,3,738.20570619,606.82254112,0.61224333
oe:player:c663dfeadae6cae117d735cd1696f88,Minji,oe:team:b41d715b166da7092724123264e4560,J Team,mid,2024-06-08,2,910.05799709,711.33427586,0.86862261
oe:player:c663dfeadae6cae117d735cd1696f88,Minji,oe:team:b41d715b166da7092724123264e4560,J Team,mid,2024-06-16,2,396.14405207,556.90635385,-0.70269301
oe:player:c663dfeadae6cae117d735cd1696f88,Minji,oe:team:b41d715b166da7092724123264e4560,J Team,mid,2024-06-23,3,681.36859844,783.41971489,-0.43232713
oe:player:c663dfeadae6cae117d735cd1696f88,Minji,oe:team:b41d715b166da7092724123264e4560,J Team,mid,2024-06-28,1,1077.65683423,756.82008038,1.35918584
oe:player:c663dfeadae6cae117d735cd1696f88,Minji,oe:team:b41d715b166da7092724123264e4560,J Team,mid,2024-06-29,2,634.41869197,755.86863047,-0.51450787
oe:player:c663dfeadae6cae117d735cd1696f88,Minji,oe:team:b41d715b166da7092724123264e4560,J Team,mid,2024-07-12,1,538.50597610,694.49331120,-0.66082135
oe:player:c663dfeadae6cae117d735cd1696f88,Minji,oe:team:b41d715b166da7092724123264e4560,J Team,mid,2024-07-13,2,686.81880527,596.12982408,0.38419282
oe:player:c663dfeadae6cae117d735cd1696f88,Minji,oe:team:b41d715b166da7092724123264e4560,J Team,mid,2024-07-20,2,681.55895120,747.25390579,-0.27830867
oe:player:c663dfeadae6cae117d735cd1696f88,Minji,oe:team:b41d715b166da7092724123264e4560,J Team,mid,2024-07-21,2,673.08278545,654.80329386,0.07743884
oe:player:c663dfeadae6cae117d735cd1696f88,Minji,oe:team:b41d715b166da7092724123264e4560,J Team,mid,2024-07-28,2,626.39638880,630.33356150,-0.01667935
oe:player:c663dfeadae6cae117d735cd1696f88,Minji,oe:team:b41d715b166da7092724123264e4560,J Team,mid,2024-08-06,3,829.93627462,661.38007549,0.71406781
oe:player:c663dfeadae6cae117d735cd1696f88,Minji,oe:team:b41d715b166da7092724123264e4560,J Team,mid,2024-08-08,2,467.34109098,602.63891615,-0.55470718
oe:player:c663dfeadae6cae117d735cd1696f88,Minji,oe:team:b41d715b166da7092724123264e4560,J Team,mid,2024-08-10,3,731.37855337,743.44107165,-0.04945509
oe:player:ca38694b78ea467cb0eefc93f5d6761,Dragku,oe:team:22fca4d0e6f23af1d0bfc7b3b4de18c,Antic Esports,sup,2024-03-12,2,293.57942141,205.71496089,0.69140223
oe:player:ca38694b78ea467cb0eefc93f5d6761,Dragku,oe:team:22fca4d0e6f23af1d0bfc7b3b4de18c,Antic Esports,sup,2024-03-14,2,182.81081112,257.22698323,-0.58557814
oe:player:ce3077d1f44c6fd8ddb53957e5e2e5c,Relhia,oe:team:0092987a7da75e9fd0cbf8110d10b76,West Point Esports,top,2024-02-15,3,529.15488627,520.86356388,0.04020408
oe:player:ce3077d1f44c6fd8ddb53957e5e2e5c,Relhia,oe:team:0092987a7da75e9fd0cbf8110d10b76,West Point Esports,top,2024-02-17,3,454.52769638,559.68984251,-0.50992440
oe:player:ce3077d1f44c6fd8ddb53957e5e2e5c,Relhia,oe:team:0092987a7da75e9fd0cbf8110d10b76,West Point Esports,top,2024-02-23,2,577.70536345,573.31832189,0.02127248
oe:player:ce3077d1f44c6fd8ddb53957e5e2e5c,Relhia,oe:team:0092987a7da75e9fd0cbf8110d10b76,West Point Esports,top,2024-02-25,2,470.31730629,550.82989706,-0.39040031
oe:player:ce3077d1f44c6fd8ddb53957e5e2e5c,Relhia,oe:team:0092987a7da75e9fd0cbf8110d10b76,West Point Esports,top,2024-03-02,2,462.98749026,554.11686416,-0.44188040
oe:player:ce3077d1f44c6fd8ddb53957e5e2e5c,Relhia,oe:team:0092987a7da75e9fd0cbf8110d10b76,West Point Esports,top,2024-06-08,2,435.86606797,441.13678161,-0.02690506
oe:player:d51674883fd227c219c9a1fc7da7db4,Kisee,oe:team:788115a84f68bc65fa6d3a4e0f67a3e,Ground Zero Gaming,mid,2024-03-11,2,460.24317895,659.80782169,-0.92996786
oe:player:d51674883fd227c219c9a1fc7da7db4,Kisee,oe:team:788115a84f68bc65fa6d3a4e0f67a3e,Ground Zero Gaming,mid,2024-03-13,2,614.75065331,627.76184850,-0.06063195
oe:player:d51674883fd227c219c9a1fc7da7db4,Kisee,oe:team:788115a84f68bc65fa6d3a4e0f67a3e,Ground Zero Gaming,mid,2024-03-16,2,935.14749617,661.49073903,1.27523586
oe:player:dd77279f7d325eec933f05b1672f6a1,1116,oe:team:0092987a7da75e9fd0cbf8110d10b76,West Point Esports,mid,2024-06-08,2,737.26893471,557.84040363,0.78428321
oe:player:dd77279f7d325eec933f05b1672f6a1,1116,oe:team:0092987a7da75e9fd0cbf8110d10b76,West Point Esports,mid,2024-06-15,2,607.66421951,610.77222053,-0.01358509
oe:player:dd77279f7d325eec933f05b1672f6a1,1116,oe:team:0092987a7da75e9fd0cbf8110d10b76,West Point Esports,mid,2024-06-22,2,1076.63972896,706.43501543,1.61816708
oe:player:dd77279f7d325eec933f05b1672f6a1,1116,oe:team:0092987a7da75e9fd0cbf8110d10b76,West Point Esports,mid,2024-06-28,1,1018.32987121,643.97322430,1.58591635
oe:player:dd77279f7d325eec933f05b1672f6a1,1116,oe:team:0092987a7da75e9fd0cbf8110d10b76,West Point Esports,mid,2024-06-30,2,482.48872177,613.30524647,-0.55418828
oe:player:dd77279f7d325eec933f05b1672f6a1,1116,oe:team:0092987a7da75e9fd0cbf8110d10b76,West Point Esports,mid,2024-07-12,1,1195.57768924,685.05377632,2.16277239
oe:player:dd77279f7d325eec933f05b1672f6a1,1116,oe:team:0092987a7da75e9fd0cbf8110d10b76,West Point Esports,mid,2024-07-13,2,747.83868507,686.19336158,0.26115291
oe:player:dd77279f7d325eec933f05b1672f6a1,1116,oe:team:0092987a7da75e9fd0cbf8110d10b76,West Point Esports,mid,2024-07-19,2,500.48692906,620.89805386,-0.51010707
oe:player:dd77279f7d325eec933f05b1672f6a1,1116,oe:team:0092987a7da75e9fd0cbf8110d10b76,West Point Esports,mid,2024-07-21,2,701.57127810,676.31776641,0.10698343
oe:player:dd77279f7d325eec933f05b1672f6a1,1116,oe:team:0092987a7da75e9fd0cbf8110d10b76,West Point Esports,mid,2024-07-27,2,862.18897709,685.47614272,0.74862240
oe:player:dd77279f7d325eec933f05b1672f6a1,1116,oe:team:0092987a7da75e9fd0cbf8110d10b76,West Point Esports,mid,2024-08-05,2,762.76421696,575.23385277,0.79444955
oe:player:dd77279f7d325eec933f05b1672f6a1,1116,oe:team:0092987a7da75e9fd0cbf8110d10b76,West Point Esports,mid,2024-08-07,3,700.36691754,679.83203329,0.08419092
oe:player:dd77279f7d325eec933f05b1672f6a1,1116,oe:team:89008bdacc273b554227d6b76869381,Beyond Gaming,mid,2024-02-15,3,589.74797491,681.45266725,-0.42734231
oe:player:dd77279f7d325eec933f05b1672f6a1,1116,oe:team:89008bdacc273b554227d6b76869381,Beyond Gaming,mid,2024-02-17,2,869.38271373,650.95008613,1.01789235
oe:player:dd77279f7d325eec933f05b1672f6a1,1116,oe:team:89008bdacc273b554227d6b76869381,Beyond Gaming,mid,2024-02-24,2,841.37120771,607.79674408,1.08845305
oe:player:dd77279f7d325eec933f05b1672f6a1,1116,oe:team:89008bdacc273b554227d6b76869381,Beyond Gaming,mid,2024-03-01,3,650.29216592,571.39502993,0.36765932
oe:player:dd77279f7d325eec933f05b1672f6a1,1116,oe:team:89008bdacc273b554227d6b76869381,Beyond Gaming,mid,2024-03-03,3,713.61559236,604.67886084,0.50764332
oe:player:dd77279f7d325eec933f05b1672f6a1,1116,oe:team:89008bdacc273b554227d6b76869381,Beyond Gaming,mid,2024-03-11,2,790.39810288,643.25211451,0.68569781
oe:player:dd77279f7d325eec933f05b1672f6a1,1116,oe:team:89008bdacc273b554227d6b76869381,Beyond Gaming,mid,2024-03-13,2,660.00369065,674.74885812,-0.06871223
oe:player:dd77279f7d325eec933f05b1672f6a1,1116,oe:team:89008bdacc273b554227d6b76869381,Beyond Gaming,mid,2024-03-20,4,665.17754129,627.87123806,0.16306608
oe:player:dd77279f7d325eec933f05b1672f6a1,1116,oe:team:89008bdacc273b554227d6b76869381,Beyond Gaming,mid,2024-03-27,4,689.38928062,716.17893637,-0.11709775
oe:player:dd83595fada79ef88d594b2518b6a8c,Kevy,oe:team:0b27fc98592297c4441bce44760a642,Team Bliss,jng,2024-08-05,3,580.29233163,356.76298868,1.38186466
oe:player:dd83595fada79ef88d594b2518b6a8c,Kevy,oe:team:0b27fc98592297c4441bce44760a642,Team Bliss,jng,2024-08-07,2,643.47638313,437.96013575,1.08335340
oe:player:dd83595fada79ef88d594b2518b6a8c,Kevy,oe:team:0b27fc98592297c4441bce44760a642,Team Bliss,jng,2024-08-10,3,261.42902024,356.85952832,-0.50305008
oe:player:de6a79c709c8f1a5538dff9c2bf0ed3,Leemas,oe:team:788115a84f68bc65fa6d3a4e0f67a3e,Ground Zero Gaming,bot,2024-03-11,2,649.88269357,651.43684244,-0.00662500
oe:player:de6a79c709c8f1a5538dff9c2bf0ed3,Leemas,oe:team:788115a84f68bc65fa6d3a4e0f67a3e,Ground Zero Gaming,bot,2024-03-13,2,855.00850190,620.37403893,1.00019629
oe:player:de6a79c709c8f1a5538dff9c2bf0ed3,Leemas,oe:team:788115a84f68bc65fa6d3a4e0f67a3e,Ground Zero Gaming,bot,2024-03-16,2,550.77154899,667.60299330,-0.49802734
oe:player:de6a79c709c8f1a5538dff9c2bf0ed3,Leemas,oe:team:788115a84f68bc65fa6d3a4e0f67a3e,Ground Zero Gaming,bot,2024-08-06,3,697.96003147,643.80262882,0.23061871
oe:player:de6a79c709c8f1a5538dff9c2bf0ed3,Leemas,oe:team:788115a84f68bc65fa6d3a4e0f67a3e,Ground Zero Gaming,bot,2024-08-08,2,483.70330233,653.77550746,-0.71126630
oe:player:de6a79c709c8f1a5538dff9c2bf0ed3,Leemas,oe:team:788115a84f68bc65fa6d3a4e0f67a3e,Ground Zero Gaming,bot,2024-08-10,3,913.68443403,697.88793449,0.90249185
oe:player:de6a79c709c8f1a5538dff9c2bf0ed3,Leemas,oe:team:788115a84f68bc65fa6d3a4e0f67a3e,Ground Zero Gaming,bot,2024-08-11,3,627.21091971,721.80043841,-0.39558691
oe:player:e04d1bb5ea9774dff099866c0c4642c,RenYe,oe:team:0092987a7da75e9fd0cbf8110d10b76,West Point Esports,jng,2024-02-15,3,238.06517003,313.99585264,-0.51363364
oe:player:e04d1bb5ea9774dff099866c0c4642c,RenYe,oe:team:0092987a7da75e9fd0cbf8110d10b76,West Point Esports,jng,2024-02-17,3,345.74235868,368.98171151,-0.15720277
oe:player:e04d1bb5ea9774dff099866c0c4642c,RenYe,oe:team:0092987a7da75e9fd0cbf8110d10b76,West Point Esports,jng,2024-02-23,2,248.08005041,352.27047151,-0.70479684
oe:player:e04d1bb5ea9774dff099866c0c4642c,RenYe,oe:team:0092987a7da75e9fd0cbf8110d10b76,West Point Esports,jng,2024-02-25,2,297.57177666,384.94642116,-0.59104640
oe:player:e04d1bb5ea9774dff099866c0c4642c,RenYe,oe:team:0092987a7da75e9fd0cbf8110d10b76,West Point Esports,jng,2024-03-02,2,172.24136011,302.01911745,-0.87788256
oe:player:e16c97254df6fe42751e7e9f7c98543,Prage,oe:team:a31fdd71fc715fc1ee4a50fe19e828e,HELL PIGS,bot,2024-02-23,1,711.82222222,566.31112375,0.62028254
oe:player:e16c97254df6fe42751e7e9f7c98543,Prage,oe:team:a31fdd71fc715fc1ee4a50fe19e828e,HELL PIGS,bot,2024-02-25,2,690.78814521,567.20178872,0.52682207
oe:player:e16c97254df6fe42751e7e9f7c98543,Prage,oe:team:a31fdd71fc715fc1ee4a50fe19e828e,HELL PIGS,bot,2024-03-02,1,395.32544379,660.05852317,-1.12850022
oe:player:e3aa452243a476669824e52c1b7fc6b,Maple,oe:team:4880b157399745e82e26e229d8bbf48,PSG Talon,mid,2024-02-16,2,431.39708748,611.13386027,-0.83757032
oe:player:e3aa452243a476669824e52c1b7fc6b,Maple,oe:team:4880b157399745e82e26e229d8bbf48,PSG Talon,mid,2024-02-18,3,540.10608480,677.71399878,-0.64125055
oe:player:e3aa452243a476669824e52c1b7fc6b,Maple,oe:team:4880b157399745e82e26e229d8bbf48,PSG Talon,mid,2024-02-24,2,569.66219950,604.64336714,-0.16301165
oe:player:e3aa452243a476669824e52c1b7fc6b,Maple,oe:team:4880b157399745e82e26e229d8bbf48,PSG Talon,mid,2024-03-01,3,925.55521686,698.81169333,1.05662098
oe:player:e3aa452243a476669824e52c1b7fc6b,Maple,oe:team:4880b157399745e82e26e229d8bbf48,PSG Talon,mid,2024-03-03,3,648.37969643,604.22641380,0.20575355
oe:player:e3aa452243a476669824e52c1b7fc6b,Maple,oe:team:4880b157399745e82e26e229d8bbf48,PSG Talon,mid,2024-03-20,4,745.78132227,749.28689689,-0.01532289
oe:player:e3aa452243a476669824e52c1b7fc6b,Maple,oe:team:4880b157399745e82e26e229d8bbf48,PSG Talon,mid,2024-03-24,5,563.30681414,710.86874240,-0.64499409
oe:player:e3aa452243a476669824e52c1b7fc6b,Maple,oe:team:4880b157399745e82e26e229d8bbf48,PSG Talon,mid,2024-03-30,3,554.42463918,623.61125121,-0.30241511
oe:player:e3aa452243a476669824e52c1b7fc6b,Maple,oe:team:4880b157399745e82e26e229d8bbf48,PSG Talon,mid,2024-04-07,3,596.31018803,718.24760923,-0.53298922
oe:player:e3aa452243a476669824e52c1b7fc6b,Maple,oe:team:4880b157399745e82e26e229d8bbf48,PSG Talon,mid,2024-06-15,2,660.46694056,727.82723671,-0.29443227
oe:player:e3aa452243a476669824e52c1b7fc6b,Maple,oe:team:4880b157399745e82e26e229d8bbf48,PSG Talon,mid,2024-06-16,2,810.66069376,712.33099895,0.42979970
oe:player:e3aa452243a476669824e52c1b7fc6b,Maple,oe:team:4880b157399745e82e26e229d8bbf48,PSG Talon,mid,2024-06-23,2,905.58771779,857.00117643,0.20583097
oe:player:e3aa452243a476669824e52c1b7fc6b,Maple,oe:team:4880b157399745e82e26e229d8bbf48,PSG Talon,mid,2024-06-30,3,709.18631479,707.57903620,0.00680904
oe:player:e3aa452243a476669824e52c1b7fc6b,Maple,oe:team:4880b157399745e82e26e229d8bbf48,PSG Talon,mid,2024-07-12,2,832.78160288,642.64293156,0.80549933
oe:player:e3aa452243a476669824e52c1b7fc6b,Maple,oe:team:4880b157399745e82e26e229d8bbf48,PSG Talon,mid,2024-07-14,2,905.71861104,712.33110402,0.81926262
oe:player:e3aa452243a476669824e52c1b7fc6b,Maple,oe:team:4880b157399745e82e26e229d8bbf48,PSG Talon,mid,2024-07-19,2,728.41536955,600.04411541,0.54382919
oe:player:e3aa452243a476669824e52c1b7fc6b,Maple,oe:team:4880b157399745e82e26e229d8bbf48,PSG Talon,mid,2024-07-21,2,805.02753169,773.89497727,0.13188928
oe:player:e3aa452243a476669824e52c1b7fc6b,Maple,oe:team:4880b157399745e82e26e229d8bbf48,PSG Talon,mid,2024-07-26,3,751.16538156,749.43347504,0.00733701
oe:player:e3aa452243a476669824e52c1b7fc6b,Maple,oe:team:4880b157399745e82e26e229d8bbf48,PSG Talon,mid,2024-07-28,2,1247.06146311,659.17966483,2.49048965
oe:player:e3aa452243a476669824e52c1b7fc6b,Maple,oe:team:4880b157399745e82e26e229d8bbf48,PSG Talon,mid,2024-08-17,3,808.86140577,722.95159051,0.35222142
oe:player:e3aa452243a476669824e52c1b7fc6b,Maple,oe:team:4880b157399745e82e26e229d8bbf48,PSG Talon,mid,2024-08-23,3,832.60032360,821.85594810,0.04405084
oe:player:e3aa452243a476669824e52c1b7fc6b,Maple,oe:team:4880b157399745e82e26e229d8bbf48,PSG Talon,mid,2024-09-01,4,966.89577343,834.69712072,0.54200089
oe:player:e9a0da5ca2d009aeedf5afcfccffde5,Feng,oe:team:7e56e9367c023df96cc8257ff4e16c0,Deep Cross Gaming,bot,2024-06-08,2,527.31835732,669.85023042,-0.62212202
oe:player:e9a0da5ca2d009aeedf5afcfccffde5,Feng,oe:team:7e56e9367c023df96cc8257ff4e16c0,Deep Cross Gaming,bot,2024-06-15,2,772.67288623,792.61369663,-0.08703750
oe:player:e9a0da5ca2d009aeedf5afcfccffde5,Feng,oe:team:7e56e9367c023df96cc8257ff4e16c0,Deep Cross Gaming,bot,2024-06-22,2,654.55181416,738.19696591,-0.36509371
oe:player:e9a0da5ca2d009aeedf5afcfccffde5,Feng,oe:team:7e56e9367c023df96cc8257ff4e16c0,Deep Cross Gaming,bot,2024-06-23,2,416.62894601,689.28574878,-1.16105568
oe:player:e9a0da5ca2d009aeedf5afcfccffde5,Feng,oe:team:7e56e9367c023df96cc8257ff4e16c0,Deep Cross Gaming,bot,2024-06-29,2,812.46656215,818.29558309,-0.02482175
oe:player:e9a0da5ca2d009aeedf5afcfccffde5,Feng,oe:team:7e56e9367c023df96cc8257ff4e16c0,Deep Cross Gaming,bot,2024-07-14,3,836.21011424,695.13362669,0.60074664
oe:player:e9a0da5ca2d009aeedf5afcfccffde5,Feng,oe:team:7e56e9367c023df96cc8257ff4e16c0,Deep Cross Gaming,bot,2024-07-20,2,976.10644970,655.07129429,1.36706544
oe:player:e9a0da5ca2d009aeedf5afcfccffde5,Feng,oe:team:7e56e9367c023df96cc8257ff4e16c0,Deep Cross Gaming,bot,2024-07-21,2,573.85016227,623.29233024,-0.21053980
oe:player:e9a0da5ca2d009aeedf5afcfccffde5,Feng,oe:team:7e56e9367c023df96cc8257ff4e16c0,Deep Cross Gaming,bot,2024-07-26,3,894.94075902,665.88566472,0.97538633
oe:player:e9a0da5ca2d009aeedf5afcfccffde5,Feng,oe:team:7e56e9367c023df96cc8257ff4e16c0,Deep Cross Gaming,bot,2024-07-27,3,704.40086121,663.70847990,0.17328055
oe:player:e9a0da5ca2d009aeedf5afcfccffde5,Feng,oe:team:7e56e9367c023df96cc8257ff4e16c0,Deep Cross Gaming,bot,2024-08-14,4,868.94516305,798.88463265,0.29300317
oe:player:e9a0da5ca2d009aeedf5afcfccffde5,Feng,oe:team:7e56e9367c023df96cc8257ff4e16c0,Deep Cross Gaming,bot,2024-08-18,5,776.84073760,756.43786130,0.08532775
oe:player:e9a0da5ca2d009aeedf5afcfccffde5,Feng,oe:team:7e56e9367c023df96cc8257ff4e16c0,Deep Cross Gaming,bot,2024-08-21,3,832.90228224,689.03194315,0.60168635
oe:player:e9a0da5ca2d009aeedf5afcfccffde5,Feng,oe:team:89008bdacc273b554227d6b76869381,Beyond Gaming,bot,2024-02-15,3,630.05784595,693.50169290,-0.27044748
oe:player:e9a0da5ca2d009aeedf5afcfccffde5,Feng,oe:team:89008bdacc273b554227d6b76869381,Beyond Gaming,bot,2024-02-17,2,586.61926032,658.07256960,-0.30459010
oe:player:e9a0da5ca2d009aeedf5afcfccffde5,Feng,oe:team:89008bdacc273b554227d6b76869381,Beyond Gaming,bot,2024-02-24,2,447.45253068,604.59992024,-0.66988555
oe:player:e9a0da5ca2d009aeedf5afcfccffde5,Feng,oe:team:89008bdacc273b554227d6b76869381,Beyond Gaming,bot,2024-03-01,3,812.61536080,568.88428284,1.03897320
oe:player:e9a0da5ca2d009aeedf5afcfccffde5,Feng,oe:team:89008bdacc273b554227d6b76869381,Beyond Gaming,bot,2024-03-03,3,818.34279952,609.10230498,0.89194726
oe:player:e9a0da5ca2d009aeedf5afcfccffde5,Feng,oe:team:89008bdacc273b554227d6b76869381,Beyond Gaming,bot,2024-03-11,2,1081.86227600,691.23479306,1.66516100
oe:player:e9a0da5ca2d009aeedf5afcfccffde5,Feng,oe:team:89008bdacc273b554227d6b76869381,Beyond Gaming,bot,2024-03-13,2,996.34115540,734.48483032,1.11623723
oe:player:e9a0da5ca2d009aeedf5afcfccffde5,Feng,oe:team:89008bdacc273b554227d6b76869381,Beyond Gaming,bot,2024-03-20,4,899.46278544,670.25192121,1.00045781
oe:player:e9a0da5ca2d009aeedf5afcfccffde5,Feng,oe:team:89008bdacc273b554227d6b76869381,Beyond Gaming,bot,2024-03-27,4,859.23020517,720.98347233,0.60341827
oe:player:eaaf2e20683cde8408d05159c05528c,Aladoric,oe:team:0b27fc98592297c4441bce44760a642,Team Bliss,sup,2024-08-05,3,142.70983411,178.26444963,-0.24293222
oe:player:eaaf2e20683cde8408d05159c05528c,Aladoric,oe:team:0b27fc98592297c4441bce44760a642,Team Bliss,sup,2024-08-07,2,174.82736342,146.91930491,0.21054352
oe:player:eaaf2e20683cde8408d05159c05528c,Aladoric,oe:team:0b27fc98592297c4441bce44760a642,Team Bliss,sup,2024-08-10,3,179.48736508,161.42285909,0.13628195
oe:player:ee240e952b7fac76ef76014c85f1b66,RYue,oe:team:0092987a7da75e9fd0cbf8110d10b76,West Point Esports,jng,2024-06-08,2,335.35686597,288.29428537,0.32062186
oe:player:ee240e952b7fac76ef76014c85f1b66,RYue,oe:team:0092987a7da75e9fd0cbf8110d10b76,West Point Esports,top,2024-06-15,2,466.56767013,438.34304502,0.14407637
oe:player:ee240e952b7fac76ef76014c85f1b66,RYue,oe:team:0092987a7da75e9fd0cbf8110d10b76,West Point Esports,top,2024-06-22,2,654.21444716,565.84151700,0.45111144
oe:player:ee240e952b7fac76ef76014c85f1b66,RYue,oe:team:0092987a7da75e9fd0cbf8110d10b76,West Point Esports,top,2024-06-28,1,730.74366431,638.40953388,0.47533846
oe:player:ee240e952b7fac76ef76014c85f1b66,RYue,oe:team:0092987a7da75e9fd0cbf8110d10b76,West Point Esports,top,2024-06-30,2,471.22275623,521.88511430,-0.26081111
oe:player:ee240e952b7fac76ef76014c85f1b66,RYue,oe:team:0092987a7da75e9fd0cbf8110d10b76,West Point Esports,top,2024-07-12,1,395.58764940,347.24507158,0.24886882
oe:player:ee240e952b7fac76ef76014c85f1b66,RYue,oe:team:0092987a7da75e9fd0cbf8110d10b76,West Point Esports,top,2024-07-13,2,409.68141219,557.31155849,-0.76000376
oe:player:ee240e952b7fac76ef76014c85f1b66,RYue,oe:team:0092987a7da75e9fd0cbf8110d10b76,West Point Esports,top,2024-07-19,2,344.00718073,411.16187357,-0.34571407
oe:player:ee240e952b7fac76ef76014c85f1b66,RYue,oe:team:0092987a7da75e9fd0cbf8110d10b76,West Point Esports,top,2024-07-21,2,665.51350248,508.27742478,0.80945534
oe:player:ee240e952b7fac76ef76014c85f1b66,RYue,oe:team:0092987a7da75e9fd0cbf8110d10b76,West Point Esports,top,2024-07-27,2,530.68321017,551.12049085,-0.10521164
oe:player:ee240e952b7fac76ef76014c85f1b66,RYue,oe:team:0092987a7da75e9fd0cbf8110d10b76,West Point Esports,top,2024-08-05,2,507.37358759,416.48632741,0.46788994
oe:player:ee240e952b7fac76ef76014c85f1b66,RYue,oe:team:0092987a7da75e9fd0cbf8110d10b76,West Point Esports,top,2024-08-07,3,554.54152347,517.65419634,0.19118491
oe:player:f071dd79110aa46822a4c35a240dfdd,Lauva,oe:team:b41d715b166da7092724123264e4560,J Team,jng,2024-02-15,3,304.54582509,368.04594973,-0.42954704
oe:player:f071dd79110aa46822a4c35a240dfdd,Lauva,oe:team:b41d715b166da7092724123264e4560,J Team,jng,2024-02-17,2,122.40603422,349.30075568,-1.53483096
oe:player:f071dd79110aa46822a4c35a240dfdd,Lauva,oe:team:b41d715b166da7092724123264e4560,J Team,jng,2024-02-23,2,252.39930556,400.83578372,-1.00409961
oe:player:f071dd79110aa46822a4c35a240dfdd,Lauva,oe:team:b41d715b166da7092724123264e4560,J Team,jng,2024-02-25,2,337.26479134,388.77592839,-0.34844745
oe:player:f071dd79110aa46822a4c35a240dfdd,Lauva,oe:team:b41d715b166da7092724123264e4560,J Team,jng,2024-03-02,2,241.90770506,318.97810622,-0.52134328
oe:player:f071dd79110aa46822a4c35a240dfdd,Lauva,oe:team:b41d715b166da7092724123264e4560,J Team,jng,2024-03-12,2,192.19467248,348.44236159,-1.05693860
oe:player:f071dd79110aa46822a4c35a240dfdd,Lauva,oe:team:b41d715b166da7092724123264e4560,J Team,jng,2024-03-14,2,443.66407309,355.84865877,0.59402800
oe:player:f071dd79110aa46822a4c35a240dfdd,Lauva,oe:team:b41d715b166da7092724123264e4560,J Team,jng,2024-03-16,3,260.50890479,333.05427991,-0.49073371
oe:player:f071dd79110aa46822a4c35a240dfdd,Lauva,oe:team:b41d715b166da7092724123264e4560,J Team,jng,2024-06-08,2,311.72308284,376.86914317,-0.44381865
oe:player:f071dd79110aa46822a4c35a240dfdd,Lauva,oe:team:b41d715b166da7092724123264e4560,J Team,jng,2024-06-16,2,373.59324134,305.39456791,0.46461510
oe:player:f071dd79110aa46822a4c35a240dfdd,Lauva,oe:team:b41d715b166da7092724123264e4560,J Team,jng,2024-06-23,3,414.38373209,351.22234653,0.39046546
oe:player:f071dd79110aa46822a4c35a240dfdd,Lauva,oe:team:b41d715b166da7092724123264e4560,J Team,jng,2024-06-28,1,206.42293311,421.74928323,-1.33115353
oe:player:f071dd79110aa46822a4c35a240dfdd,Lauva,oe:team:b41d715b166da7092724123264e4560,J Team,jng,2024-06-29,2,479.86820467,442.46131884,0.23125042
oe:player:f071dd79110aa46822a4c35a240dfdd,Lauva,oe:team:b41d715b166da7092724123264e4560,J Team,jng,2024-07-12,1,120.44820717,378.92975842,-1.59794019
oe:player:f071dd79110aa46822a4c35a240dfdd,Lauva,oe:team:b41d715b166da7092724123264e4560,J Team,jng,2024-07-13,2,203.28548493,310.01349697,-0.65979556
oe:player:f071dd79110aa46822a4c35a240dfdd,Lauva,oe:team:b41d715b166da7092724123264e4560,J Team,jng,2024-07-20,2,254.59829093,395.10624990,-0.86862414
oe:player:f071dd79110aa46822a4c35a240dfdd,Lauva,oe:team:b41d715b166da7092724123264e4560,J Team,jng,2024-07-21,2,242.89726485,385.58122176,-0.88207622
oe:player:f071dd79110aa46822a4c35a240dfdd,Lauva,oe:team:b41d715b166da7092724123264e4560,J Team,jng,2024-07-28,2,348.43313648,326.90126733,0.13311062
oe:player:f071dd79110aa46822a4c35a240dfdd,Lauva,oe:team:b41d715b166da7092724123264e4560,J Team,jng,2024-08-06,3,528.14487768,394.28147743,0.82754729
oe:player:f071dd79110aa46822a4c35a240dfdd,Lauva,oe:team:b41d715b166da7092724123264e4560,J Team,jng,2024-08-08,2,502.99195088,335.52452906,0.88278373
oe:player:f071dd79110aa46822a4c35a240dfdd,Lauva,oe:team:b41d715b166da7092724123264e4560,J Team,jng,2024-08-10,3,291.00976140,403.06975399,-0.59071035
oe:player:f0a5ea74809c41291a17d4db7dc9a87,Taco,oe:team:7e56e9367c023df96cc8257ff4e16c0,Deep Cross Gaming,top,2024-02-16,2,485.79491165,552.78385668,-0.32482503
oe:player:f0a5ea74809c41291a17d4db7dc9a87,Taco,oe:team:7e56e9367c023df96cc8257ff4e16c0,Deep Cross Gaming,top,2024-02-18,3,486.69165036,544.02146253,-0.27798853
oe:player:f0a5ea74809c41291a17d4db7dc9a87,Taco,oe:team:7e56e9367c023df96cc8257ff4e16c0,Deep Cross Gaming,top,2024-02-23,2,556.67007802,595.11001179,-0.18639274
oe:player:f0a5ea74809c41291a17d4db7dc9a87,Taco,oe:team:7e56e9367c023df96cc8257ff4e16c0,Deep Cross Gaming,top,2024-02-25,2,723.55036238,637.55279296,0.41699662
oe:player:f0a5ea74809c41291a17d4db7dc9a87,Taco,oe:team:7e56e9367c023df96cc8257ff4e16c0,Deep Cross Gaming,top,2024-03-02,2,658.11716369,658.61711314,-0.00242422
oe:player:f0a5ea74809c41291a17d4db7dc9a87,Taco,oe:team:7e56e9367c023df96cc8257ff4e16c0,Deep Cross Gaming,top,2024-03-11,2,624.49487014,602.69007783,0.10573002
oe:player:f0a5ea74809c41291a17d4db7dc9a87,Taco,oe:team:7e56e9367c023df96cc8257ff4e16c0,Deep Cross Gaming,top,2024-03-13,2,921.41644141,644.11192783,1.34463153
oe:player:f0a5ea74809c41291a17d4db7dc9a87,Taco,oe:team:7e56e9367c023df96cc8257ff4e16c0,Deep Cross Gaming,top,2024-03-16,2,480.74930671,632.20479318,-0.73439779
oe:player:f0a5ea74809c41291a17d4db7dc9a87,Taco,oe:team:7e56e9367c023df96cc8257ff4e16c0,Deep Cross Gaming,top,2024-03-17,5,571.92958000,601.56184903,-0.15126188
oe:player:f0a5ea74809c41291a17d4db7dc9a87,Taco,oe:team:7e56e9367c023df96cc8257ff4e16c0,Deep Cross Gaming,top,2024-03-21,3,575.42086699,612.88390816,-0.19123510
oe:player:f0a5ea74809c41291a17d4db7dc9a87,Taco,oe:team:7e56e9367c023df96cc8257ff4e16c0,Deep Cross Gaming,top,2024-03-28,5,575.39493899,653.54335669,-0.39891905
oe:player:f0a5ea74809c41291a17d4db7dc9a87,Taco,oe:team:7e56e9367c023df96cc8257ff4e16c0,Deep Cross Gaming,top,2024-06-08,2,500.56086161,548.71160434,-0.24579191
oe:player:f0a5ea74809c41291a17d4db7dc9a87,Taco,oe:team:7e56e9367c023df96cc8257ff4e16c0,Deep Cross Gaming,top,2024-06-15,2,962.46128360,694.08896080,1.36994242
oe:player:f0a5ea74809c41291a17d4db7dc9a87,Taco,oe:team:7e56e9367c023df96cc8257ff4e16c0,Deep Cross Gaming,top,2024-06-22,2,493.20568562,629.13013642,-0.69384454
oe:player:f0a5ea74809c41291a17d4db7dc9a87,Taco,oe:team:7e56e9367c023df96cc8257ff4e16c0,Deep Cross Gaming,top,2024-06-23,2,353.63084354,580.21729185,-1.16647282
oe:player:f0a5ea74809c41291a17d4db7dc9a87,Taco,oe:team:7e56e9367c023df96cc8257ff4e16c0,Deep Cross Gaming,top,2024-06-29,2,446.79893054,671.41784432,-1.15634390
oe:player:f0a5ea74809c41291a17d4db7dc9a87,Taco,oe:team:7e56e9367c023df96cc8257ff4e16c0,Deep Cross Gaming,top,2024-07-14,3,351.02549037,606.54283679,-1.31540982
oe:player:f0a5ea74809c41291a17d4db7dc9a87,Taco,oe:team:7e56e9367c023df96cc8257ff4e16c0,Deep Cross Gaming,top,2024-07-20,2,470.15489756,550.17314340,-0.41193597
oe:player:f0a5ea74809c41291a17d4db7dc9a87,Taco,oe:team:7e56e9367c023df96cc8257ff4e16c0,Deep Cross Gaming,top,2024-07-21,2,386.93999125,545.84689161,-0.81805678
oe:player:f0a5ea74809c41291a17d4db7dc9a87,Taco,oe:team:7e56e9367c023df96cc8257ff4e16c0,Deep Cross Gaming,top,2024-07-26,3,387.92645917,566.69208252,-0.92028999
oe:player:f0a5ea74809c41291a17d4db7dc9a87,Taco,oe:team:7e56e9367c023df96cc8257ff4e16c0,Deep Cross Gaming,top,2024-07-27,3,537.50373603,549.29520299,-0.06070277
oe:player:f0a5ea74809c41291a17d4db7dc9a87,Taco,oe:team:7e56e9367c023df96cc8257ff4e16c0,Deep Cross Gaming,top,2024-08-14,4,844.21744568,664.87951175,0.92949827
oe:player:f0a5ea74809c41291a17d4db7dc9a87,Taco,oe:team:7e56e9367c023df96cc8257ff4e16c0,Deep Cross Gaming,top,2024-08-18,5,594.11703543,564.56645221,0.15315899
oe:player:f0a5ea74809c41291a17d4db7dc9a87,Taco,oe:team:7e56e9367c023df96cc8257ff4e16c0,Deep Cross Gaming,top,2024-08-21,3,545.11341561,635.19581149,-0.46689191
oe:player:f18fec425fd84c1a0a854c0be809eaf,Kurak,oe:team:788115a84f68bc65fa6d3a4e0f67a3e,Ground Zero Gaming,sup,2024-08-06,3,160.80712605,216.91524800,-0.38336712
oe:player:f18fec425fd84c1a0a854c0be809eaf,Kurak,oe:team:788115a84f68bc65fa6d3a4e0f67a3e,Ground Zero Gaming,sup,2024-08-08,2,188.33342618,197.13238379,-0.06638095
oe:player:f18fec425fd84c1a0a854c0be809eaf,Kurak,oe:team:788115a84f68bc65fa6d3a4e0f67a3e,Ground Zero Gaming,sup,2024-08-10,3,152.90679939,236.02839873,-0.62708461
oe:player:f18fec425fd84c1a0a854c0be809eaf,Kurak,oe:team:788115a84f68bc65fa6d3a4e0f67a3e,Ground Zero Gaming,sup,2024-08-11,3,162.35050329,190.08086624,-0.20920295
oe:player:f2f1cb6ee8755e6b6e5111d99344a17,NuL1,oe:team:0092987a7da75e9fd0cbf8110d10b76,West Point Esports,mid,2024-02-15,3,388.65222881,564.94503005,-0.82152147
oe:player:f2f1cb6ee8755e6b6e5111d99344a17,NuL1,oe:team:0092987a7da75e9fd0cbf8110d10b76,West Point Esports,mid,2024-02-17,3,620.84183230,654.65291515,-0.15755907
oe:player:f2f1cb6ee8755e6b6e5111d99344a17,NuL1,oe:team:0092987a7da75e9fd0cbf8110d10b76,West Point Esports,mid,2024-02-23,2,721.96802960,606.16559972,0.53963736
oe:player:f2f1cb6ee8755e6b6e5111d99344a17,NuL1,oe:team:0092987a7da75e9fd0cbf8110d10b76,West Point Esports,mid,2024-02-25,2,589.72650902,646.26522905,-0.26346948
oe:player:f2f1cb6ee8755e6b6e5111d99344a17,NuL1,oe:team:0092987a7da75e9fd0cbf8110d10b76,West Point Esports,mid,2024-03-02,2,560.26869347,567.92165925,-0.03566269
oe:player:f2f1cb6ee8755e6b6e5111d99344a17,NuL1,oe:team:a31fdd71fc715fc1ee4a50fe19e828e,HELL PIGS,mid,2024-06-08,2,452.38842335,638.38555027,-0.81299458
oe:player:f2f1cb6ee8755e6b6e5111d99344a17,NuL1,oe:team:a31fdd71fc715fc1ee4a50fe19e828e,HELL PIGS,mid,2024-06-15,2,735.15964522,745.28981126,-0.04427902
oe:player:f2f1cb6ee8755e6b6e5111d99344a17,NuL1,oe:team:a31fdd71fc715fc1ee4a50fe19e828e,HELL PIGS,mid,2024-06-22,2,611.86685825,564.01155210,0.20917584
oe:player:f2f1cb6ee8755e6b6e5111d99344a17,NuL1,oe:team:a31fdd71fc715fc1ee4a50fe19e828e,HELL PIGS,mid,2024-06-29,2,546.10648846,617.64350749,-0.30305787
oe:player:f2f1cb6ee8755e6b6e5111d99344a17,NuL1,oe:team:a31fdd71fc715fc1ee4a50fe19e828e,HELL PIGS,mid,2024-07-13,2,677.06738216,697.39391278,-0.08611087
oe:player:f2f1cb6ee8755e6b6e5111d99344a17,NuL1,oe:team:a31fdd71fc715fc1ee4a50fe19e828e,HELL PIGS,mid,2024-07-14,2,789.75729266,598.75935872,0.80913949
oe:player:f2f1cb6ee8755e6b6e5111d99344a17,NuL1,oe:team:a31fdd71fc715fc1ee4a50fe19e828e,HELL PIGS,mid,2024-07-20,2,489.98800927,556.48655415,-0.28171299
oe:player:f2f1cb6ee8755e6b6e5111d99344a17,NuL1,oe:team:a31fdd71fc715fc1ee4a50fe19e828e,HELL PIGS,mid,2024-07-26,2,767.34635474,647.01225529,0.50978076
oe:player:f2f1cb6ee8755e6b6e5111d99344a17,NuL1,oe:team:a31fdd71fc715fc1ee4a50fe19e828e,HELL PIGS,mid,2024-07-27,2,1156.95925285,706.55145674,1.90809778
oe:player:f3322656ae1facbf4763677fe2506a3,Karsa,oe:team:0916b3c324c8577b0c6344f3e067f62,CTBC Flying Oyster,jng,2024-02-16,2,471.83167459,294.66086146,1.19847323
oe:player:f3322656ae1facbf4763677fe2506a3,Karsa,oe:team:0916b3c324c8577b0c6344f3e067f62,CTBC Flying Oyster,jng,2024-02-18,3,267.13721015,325.18778867,-0.39268355
oe:player:f3322656ae1facbf4763677fe2506a3,Karsa,oe:team:0916b3c324c8577b0c6344f3e067f62,CTBC Flying Oyster,jng,2024-02-24,2,460.62730837,400.25117150,0.40841481
oe:player:f3322656ae1facbf4763677fe2506a3,Karsa,oe:team:0916b3c324c8577b0c6344f3e067f62,CTBC Flying Oyster,jng,2024-03-01,2,357.30731512,304.58077012,0.35666909
oe:player:f3322656ae1facbf4763677fe2506a3,Karsa,oe:team:0916b3c324c8577b0c6344f3e067f62,CTBC Flying Oyster,jng,2024-03-03,3,264.93219896,292.01784386,-0.18322104
oe:player:f3322656ae1facbf4763677fe2506a3,Karsa,oe:team:0916b3c324c8577b0c6344f3e067f62,CTBC Flying Oyster,jng,2024-03-23,3,424.60786846,329.53540295,0.64769739
oe:player:f3322656ae1facbf4763677fe2506a3,Karsa,oe:team:0916b3c324c8577b0c6344f3e067f62,CTBC Flying Oyster,jng,2024-03-30,3,237.67096655,298.74805089,-0.41609806
oe:player:f3322656ae1facbf4763677fe2506a3,Karsa,oe:team:0916b3c324c8577b0c6344f3e067f62,CTBC Flying Oyster,jng,2024-04-06,3,429.32412342,372.37769859,0.38795724
oe:player:f3322656ae1facbf4763677fe2506a3,Karsa,oe:team:0916b3c324c8577b0c6344f3e067f62,CTBC Flying Oyster,jng,2024-06-08,2,862.39603924,412.29433422,3.06639467
oe:player:f3322656ae1facbf4763677fe2506a3,Karsa,oe:team:0916b3c324c8577b0c6344f3e067f62,CTBC Flying Oyster,jng,2024-06-16,3,264.88420017,294.19424093,-0.19967965
oe:player:f3322656ae1facbf4763677fe2506a3,Karsa,oe:team:0916b3c324c8577b0c6344f3e067f62,CTBC Flying Oyster,jng,2024-06-22,2,359.68077059,413.56413687,-0.36708963
oe:player:f3322656ae1facbf4763677fe2506a3,Karsa,oe:team:0916b3c324c8577b0c6344f3e067f62,CTBC Flying Oyster,jng,2024-06-30,2,749.34725474,515.70609420,1.44437620
oe:player:f3322656ae1facbf4763677fe2506a3,Karsa,oe:team:0916b3c324c8577b0c6344f3e067f62,CTBC Flying Oyster,jng,2024-07-12,2,278.16689032,328.94631777,-0.31391984
oe:player:f3322656ae1facbf4763677fe2506a3,Karsa,oe:team:0916b3c324c8577b0c6344f3e067f62,CTBC Flying Oyster,jng,2024-07-13,2,456.17921806,389.66235703,0.41120910
oe:player:f3322656ae1facbf4763677fe2506a3,Karsa,oe:team:0916b3c324c8577b0c6344f3e067f62,CTBC Flying Oyster,jng,2024-07-19,2,434.23837012,380.06753197,0.33488564
oe:player:f3322656ae1facbf4763677fe2506a3,Karsa,oe:team:0916b3c324c8577b0c6344f3e067f62,CTBC Flying Oyster,jng,2024-07-20,2,532.57480988,405.18972165,0.78749819
oe:player:f3322656ae1facbf4763677fe2506a3,Karsa,oe:team:0916b3c324c8577b0c6344f3e067f62,CTBC Flying Oyster,jng,2024-07-27,3,520.66286609,436.32581886,0.52137399
oe:player:f3322656ae1facbf4763677fe2506a3,Karsa,oe:team:0916b3c324c8577b0c6344f3e067f62,CTBC Flying Oyster,jng,2024-07-28,2,307.33739123,313.83723053,-0.04018219
oe:player:f3322656ae1facbf4763677fe2506a3,Karsa,oe:team:0916b3c324c8577b0c6344f3e067f62,CTBC Flying Oyster,jng,2024-08-06,3,411.81880271,412.79778913,-0.00605212
oe:player:f3322656ae1facbf4763677fe2506a3,Karsa,oe:team:0916b3c324c8577b0c6344f3e067f62,CTBC Flying Oyster,jng,2024-08-08,2,380.92723718,454.71933739,-0.38898590
oe:player:f3322656ae1facbf4763677fe2506a3,Karsa,oe:team:0916b3c324c8577b0c6344f3e067f62,CTBC Flying Oyster,jng,2024-08-15,5,551.70242318,384.27929208,0.88255026
oe:player:f3322656ae1facbf4763677fe2506a3,Karsa,oe:team:0916b3c324c8577b0c6344f3e067f62,CTBC Flying Oyster,jng,2024-08-21,3,777.34691376,538.78836473,1.25753179
oe:player:f3322656ae1facbf4763677fe2506a3,Karsa,oe:team:0916b3c324c8577b0c6344f3e067f62,CTBC Flying Oyster,jng,2024-08-24,4,392.01516929,475.43528122,-0.43973877
oe:player:f97ecbe7f4f778302e893532b26279e,Acee,oe:team:af4b23d4634c4e6ecb5659fb1e689e9,V3 Esports,mid,2024-03-11,2,729.92315565,667.62123188,0.29032591
oe:player:f97ecbe7f4f778302e893532b26279e,Acee,oe:team:af4b23d4634c4e6ecb5659fb1e689e9,V3 Esports,mid,2024-03-13,2,516.92022136,600.76527804,-0.39071654
oe:player:fb18ab6bf6bef08402a580d2a96c106,k1ng,oe:team:22fca4d0e6f23af1d0bfc7b3b4de18c,Antic Esports,bot,2024-03-12,2,595.45406315,622.75454859,-0.11637610
oe:player:fb18ab6bf6bef08402a580d2a96c106,k1ng,oe:team:22fca4d0e6f23af1d0bfc7b3b4de18c,Antic Esports,bot,2024-03-14,2,419.46615826,599.03205098,-0.76545081
oe:player:fdc16c7495d2f61f9f116432b4a1f1a,RayFarky,oe:team:e435aa3ecb82a89e60544f5f5857a81,DetonatioN FocusMe,top,2024-03-12,2,286.86308268,525.11908186,-1.15528783
oe:player:fdc16c7495d2f61f9f116432b4a1f1a,RayFarky,oe:team:e435aa3ecb82a89e60544f5f5857a81,DetonatioN FocusMe,top,2024-03-14,3,412.97930322,501.06900890,-0.42714125
oe:player:fdc16c7495d2f61f9f116432b4a1f1a,RayFarky,oe:team:e435aa3ecb82a89e60544f5f5857a81,DetonatioN FocusMe,top,2024-03-16,3,403.02543314,591.86377069,-0.91566480
oe:player:fdc16c7495d2f61f9f116432b4a1f1a,RayFarky,oe:team:e435aa3ecb82a89e60544f5f5857a81,DetonatioN FocusMe,top,2024-03-17,5,532.16900460,620.33353183,-0.45004762
oe:player:fdc16c7495d2f61f9f116432b4a1f1a,RayFarky,oe:team:e435aa3ecb82a89e60544f5f5857a81,DetonatioN FocusMe,top,2024-08-05,2,609.58366926,576.60390540,0.16978067
oe:player:fdc16c7495d2f61f9f116432b4a1f1a,RayFarky,oe:team:e435aa3ecb82a89e60544f5f5857a81,DetonatioN FocusMe,top,2024-08-07,2,716.20826379,644.94797802,0.36933799
oe:player:fdc16c7495d2f61f9f116432b4a1f1a,RayFarky,oe:team:e435aa3ecb82a89e60544f5f5857a81,DetonatioN FocusMe,top,2024-08-14,4,460.42280201,518.81222403,-0.30262904
oe:player:fdc16c7495d2f61f9f116432b4a1f1a,RayFarky,oe:team:e435aa3ecb82a89e60544f5f5857a81,DetonatioN FocusMe,top,2024-08-20,3,418.10479247,529.61107521,-0.57793070
