record_id,game_id,date,day,season,split,playoffs,patch,side,team_id,team,opponent_team_id,opponent_team,player_id,player,role,champion,opponent_player_id,opponent_champion,role_champion,lineup_id,result,game_seconds,game_minutes,kills,deaths,assists,kda,total_gold,damage,total_cs,dpm,gold_share,damage_share,vision_score,vision_per_minute,kill_participation,gold_diff_at_15,xp_diff_at_15,cs_diff_at_15,fold,prediction_status,expected_dpm,baseline_dpm,training_role_sd,adjusted_impact,train_end_day
pg-039b083e2813d046,ESPORTSTMNT02_2962672,2022-08-25T22:22:12,2022-08-25,2023,Unknown,0,12.15,Blue,oe:team:2a7fc0772538d018f713520c5e90ee0,Red Eye Esports,name-team-1b69eb0f94bfaf84,Lightning Esports,oe:player:78a0e250b0d14670ab43e7edb4f8747,Zaary,bot,Sivir,name-player-6d6b6239162876cf,Zeri,bot:Sivir,lineup-ea89496e259a4f70,0,2533.00000000,42.21666667,9,4,7,4.00000000,19012.00000000,32534.00000000,364,770.64350572,0.26005362,0.27865426,55,1.30280300,0.57142857,490.00000000,732.00000000,5.00000000,0,warmup,,,,,
pg-34a7ebc5d1dbca71,ESPORTSTMNT02_2962672,2022-08-25T22:22:12,2022-08-25,2023,Unknown,0,12.15,Blue,oe:team:2a7fc0772538d018f713520c5e90ee0,Red Eye Esports,name-team-1b69eb0f94bfaf84,Lightning Esports,oe:player:09df9e68902cee8732f903bbead50a9,Rainight,jng,Wukong,oe:player:1c0bc319e4869b47fe4f29cc4923462,Vi,jng:Wukong,lineup-ea89496e259a4f70,0,2533.00000000,42.21666667,6,4,12,4.50000000,14742.00000000,20751.00000000,194,491.53572839,0.20164688,0.17773267,45,1.06592973,0.64285714,-347.00000000,580.00000000,-10.00000000,0,warmup,,,,,
pg-05a14169220d046d,ESPORTSTMNT02_2962672,2022-08-25T22:22:12,2022-08-25,2023,Unknown,0,12.15,Blue,oe:team:2a7fc0772538d018f713520c5e90ee0,Red Eye Esports,name-team-1b69eb0f94bfaf84,Lightning Esports,oe:player:f9b5b8411d091894ce57cd1f60a43e5,Superbia,mid,Swain,oe:player:b90df8937f33cd7f3d559a1f384d2c7,Ahri,mid:Swain,lineup-ea89496e259a4f70,0,2533.00000000,42.21666667,6,4,11,4.25000000,13622.00000000,28897.00000000,245,684.49269641,0.18632708,0.24750330,19,0.45005922,0.60714286,911.00000000,427.00000000,3.00000000,0,warmup,,,,,
pg-614dc392cee7b9a1,ESPORTSTMNT02_2962672,2022-08-25T22:22:12,2022-08-25,2023,Unknown,0,12.15,Blue,oe:team:2a7fc0772538d018f713520c5e90ee0,Red Eye Esports,name-team-1b69eb0f94bfaf84,Lightning Esports,oe:player:33cd0a0cb6e0c48f57048a1af876f95,SteaD,sup,Rakan,oe:player:2eb2a12f1608b0150cc7050b061bc83,Yuumi,sup:Rakan,lineup-ea89496e259a4f70,0,2533.00000000,42.21666667,1,5,21,4.40000000,9278.00000000,6955.00000000,36,164.74536123,0.12690814,0.05956969,84,1.98973549,0.78571429,208.00000000,127.00000000,17.00000000,0,warmup,,,,,
pg-cf1cb6c517ceeebf,ESPORTSTMNT02_2962672,2022-08-25T22:22:12,2022-08-25,2023,Unknown,0,12.15,Blue,oe:team:2a7fc0772538d018f713520c5e90ee0,Red Eye Esports,name-team-1b69eb0f94bfaf84,Lightning Esports,oe:player:b9dfa3efb116230e2a05ff9f568e763,Dertako,top,Jax,oe:player:5b4335a3832ac5a3bb3d24f8bb8687c,Quinn,top:Jax,lineup-ea89496e259a4f70,0,2533.00000000,42.21666667,6,7,13,2.71428571,16454.00000000,27617.00000000,262,654.17291749,0.22506429,0.23654008,34,0.80536913,0.67857143,-427.00000000,-69.00000000,-15.00000000,0,warmup,,,,,
pg-6e1718a6cc28548f,ESPORTSTMNT02_2962672,2022-08-25T22:22:12,2022-08-25,2023,Unknown,0,12.15,Red,name-team-1b69eb0f94bfaf84,Lightning Esports,oe:team:2a7fc0772538d018f713520c5e90ee0,Red Eye Esports,name-player-6d6b6239162876cf,LIT Dupl0,bot,Zeri,oe:player:78a0e250b0d14670ab43e7edb4f8747,Sivir,bot:Zeri,lineup-b50d4dda8c06fbbf,1,2533.00000000,42.21666667,7,3,10,5.66666667,18838.00000000,41264.00000000,342,977.43387288,0.23676537,0.31966534,75,1.77654955,0.70833333,-490.00000000,-732.00000000,-5.00000000,0,warmup,,,,,
pg-6215f030aefaa5c9,ESPORTSTMNT02_2962672,2022-08-25T22:22:12,2022-08-25,2023,Unknown,0,12.15,Red,name-team-1b69eb0f94bfaf84,Lightning Esports,oe:team:2a7fc0772538d018f713520c5e90ee0,Red Eye Esports,oe:player:1c0bc319e4869b47fe4f29cc4923462,Leinad,jng,Vi,oe:player:09df9e68902cee8732f903bbead50a9,Wukong,jng:Vi,lineup-b50d4dda8c06fbbf,1,2533.00000000,42.21666667,6,9,10,1.77777778,16162.00000000,15579.00000000,221,369.02487169,0.20313207,0.12068792,56,1.32649033,0.66666667,347.00000000,-580.00000000,10.00000000,0,warmup,,,,,
pg-3c172de43c74e253,ESPORTSTMNT02_2962672,2022-08-25T22:22:12,2022-08-25,2023,Unknown,0,12.15,Red,name-team-1b69eb0f94bfaf84,Lightning Esports,oe:team:2a7fc0772538d018f713520c5e90ee0,Red Eye Esports,oe:player:b90df8937f33cd7f3d559a1f384d2c7,Uparela,mid,Ahri,oe:player:f9b5b8411d091894ce57cd1f60a43e5,Swain,mid:Ahri,lineup-b50d4dda8c06fbbf,1,2533.00000000,42.21666667,2,5,8,2.00000000,14548.00000000,23223.00000000,281,550.09080142,0.18284651,0.17990471,30,0.71061982,0.41666667,-911.00000000,-427.00000000,-3.00000000,0,warmup,,,,,
pg-134deed0c5d3d726,ESPORTSTMNT02_2962672,2022-08-25T22:22:12,2022-08-25,2023,Unknown,0,12.15,Red,name-team-1b69eb0f94bfaf84,Lightning Esports,oe:team:2a7fc0772538d018f713520c5e90ee0,Red Eye Esports,oe:player:2eb2a12f1608b0150cc7050b061bc83,khaN,sup,Yuumi,oe:player:33cd0a0cb6e0c48f57048a1af876f95,Rakan,sup:Yuumi,lineup-b50d4dda8c06fbbf,1,2533.00000000,42.21666667,0,3,22,7.33333333,10629.00000000,18406.00000000,6,435.98894591,0.13359057,0.14258822,98,2.32135807,0.91666667,-208.00000000,-127.00000000,-17.00000000,0,warmup,,,,,
pg-677ff5c38da8e9ee,ESPORTSTMNT02_2962672,2022-08-25T22:22:12,2022-08-25,2023,Unknown,0,12.15,Red,name-team-1b69eb0f94bfaf84,Lightning Esports,oe:team:2a7fc0772538d018f713520c5e90ee0,Red Eye Esports,oe:player:5b4335a3832ac5a3bb3d24f8bb8687c,ByFalco,top,Quinn,oe:player:b9dfa3efb116230e2a05ff9f568e763,Jax,top:Quinn,lineup-b50d4dda8c06fbbf,1,2533.00000000,42.21666667,9,8,5,1.75000000,19387.00000000,30613.00000000,317,725.14015002,0.24366548,0.23715381,76,1.80023687,0.58333333,427.00000000,69.00000000,15.00000000,0,warmup,,,,,
pg-db58bace606e69c3,ESPORTSTMNT02_2962684,2022-08-26T00:09:04,2022-08-26,2023,Unknown,0,12.15,Blue,name-team-1b69eb0f94bfaf84,Lightning Esports,oe:team:2a7fc0772538d018f713520c5e90ee0,Red Eye Esports,name-player-6d6b6239162876cf,LIT Dupl0,bot,Zeri,oe:player:78a0e250b0d14670ab43e7edb4f8747,Sivir,bot:Zeri,lineup-b50d4dda8c06fbbf,1,3139.00000000,52.31666667,10,4,11,5.25000000,26299.00000000,47664.00000000,487,911.06721886,0.25972782,0.30300757,78,1.49092068,0.77777778,1640.00000000,269.00000000,16.00000000,0,warmup,,,,,
pg-149560c16a370922,ESPORTSTMNT02_2962684,2022-08-26T00:09:04,2022-08-26,2023,Unknown,0,12.15,Blue,name-team-1b69eb0f94bfaf84,Lightning Esports,oe:team:2a7fc0772538d018f713520c5e90ee0,Red Eye Esports,oe:player:1c0bc319e4869b47fe4f29cc4923462,Leinad,jng,Viego,oe:player:09df9e68902cee8732f903bbead50a9,Wukong,jng:Viego,lineup-b50d4dda8c06fbbf,1,3139.00000000,52.31666667,2,11,7,0.81818182,16540.00000000,10217.00000000,252,195.29149411,0.16334834,0.06495108,61,1.16597643,0.33333333,55.00000000,-164.00000000,12.00000000,0,warmup,,,,,
pg-fb1e31d842b4a9c1,ESPORTSTMNT02_2962684,2022-08-26T00:09:04,2022-08-26,2023,Unknown,0,12.15,Blue,name-team-1b69eb0f94bfaf84,Lightning Esports,oe:team:2a7fc0772538d018f713520c5e90ee0,Red Eye Esports,oe:player:b90df8937f33cd7f3d559a1f384d2c7,Uparela,mid,Vladimir,oe:player:f9b5b8411d091894ce57cd1f60a43e5,Lissandra,mid:Vladimir,lineup-b50d4dda8c06fbbf,1,3139.00000000,52.31666667,12,7,8,2.85714286,22921.00000000,58838.00000000,357,1124.65116279,0.22636683,0.37404245,65,1.24243390,0.74074074,-363.00000000,-348.00000000,-1.00000000,0,warmup,,,,,
pg-9ee1ecf0f90886c4,ESPORTSTMNT02_2962684,2022-08-26T00:09:04,2022-08-26,2023,Unknown,0,12.15,Blue,name-team-1b69eb0f94bfaf84,Lightning Esports,oe:team:2a7fc0772538d018f713520c5e90ee0,Red Eye Esports,oe:player:2eb2a12f1608b0150cc7050b061bc83,khaN,sup,Yuumi,oe:player:33cd0a0cb6e0c48f57048a1af876f95,Rakan,sup:Yuumi,lineup-b50d4dda8c06fbbf,1,3139.00000000,52.31666667,1,4,24,6.25000000,13061.00000000,15469.00000000,8,295.68015291,0.12898989,0.09833887,107,2.04523734,0.92592593,715.00000000,748.00000000,-14.00000000,0,warmup,,,,,
pg-291e208b8aadb0af,ESPORTSTMNT02_2962684,2022-08-26T00:09:04,2022-08-26,2023,Unknown,0,12.15,Blue,name-team-1b69eb0f94bfaf84,Lightning Esports,oe:team:2a7fc0772538d018f713520c5e90ee0,Red Eye Esports,oe:player:5b4335a3832ac5a3bb3d24f8bb8687c,ByFalco,top,Kled,oe:player:b9dfa3efb116230e2a05ff9f568e763,Riven,top:Kled,lineup-b50d4dda8c06fbbf,1,3139.00000000,52.31666667,2,5,19,4.20000000,22435.00000000,25115.00000000,381,480.05734310,0.22156712,0.15966002,84,1.60560688,0.77777778,-1034.00000000,-776.00000000,-16.00000000,0,warmup,,,,,
pg-34243f22d43c91c5,ESPORTSTMNT02_2962684,2022-08-26T00:09:04,2022-08-26,2023,Unknown,0,12.15,Red,oe:team:2a7fc0772538d018f713520c5e90ee0,Red Eye Esports,name-team-1b69eb0f94bfaf84,Lightning Esports,oe:player:78a0e250b0d14670ab43e7edb4f8747,Zaary,bot,Sivir,name-player-6d6b6239162876cf,Zeri,bot:Sivir,lineup-ea89496e259a4f70,0,3139.00000000,52.31666667,6,6,15,3.50000000,22921.00000000,45906.00000000,484,877.46416056,0.24514176,0.27099174,64,1.22331953,0.67741935,-1640.00000000,-269.00000000,-16.00000000,0,warmup,,,,,
pg-64c6c0d1d00a5948,ESPORTSTMNT02_2962684,2022-08-26T00:09:04,2022-08-26,2023,Unknown,0,12.15,Red,oe:team:2a7fc0772538d018f713520c5e90ee0,Red Eye Esports,name-team-1b69eb0f94bfaf84,Lightning Esports,oe:player:09df9e68902cee8732f903bbead50a9,Rainight,jng,Wukong,oe:player:1c0bc319e4869b47fe4f29cc4923462,Viego,jng:Wukong,lineup-ea89496e259a4f70,0,3139.00000000,52.31666667,5,4,21,6.50000000,16492.00000000,27045.00000000,248,516.94807263,0.17638314,0.15965171,70,1.33800573,0.83870968,-55.00000000,164.00000000,-12.00000000,0,warmup,,,,,
pg-f9e5b5ce896e5bf9,ESPORTSTMNT02_2962684,2022-08-26T00:09:04,2022-08-26,2023,Unknown,0,12.15,Red,oe:team:2a7fc0772538d018f713520c5e90ee0,Red Eye Esports,name-team-1b69eb0f94bfaf84,Lightning Esports,oe:player:f9b5b8411d091894ce57cd1f60a43e5,Superbia,mid,Lissandra,oe:player:b90df8937f33cd7f3d559a1f384d2c7,Vladimir,mid:Lissandra,lineup-ea89496e259a4f70,0,3139.00000000,52.31666667,2,6,23,4.16666667,18177.00000000,39437.00000000,383,753.81331634,0.19440434,0.23280401,42,0.80280344,0.80645161,363.00000000,348.00000000,1.00000000,0,warmup,,,,,
pg-8af8412fb83c41a4,ESPORTSTMNT02_2962684,2022-08-26T00:09:04,2022-08-26,2023,Unknown,0,12.15,Red,oe:team:2a7fc0772538d018f713520c5e90ee0,Red Eye Esports,name-team-1b69eb0f94bfaf84,Lightning Esports,oe:player:33cd0a0cb6e0c48f57048a1af876f95,SteaD,sup,Rakan,oe:player:2eb2a12f1608b0150cc7050b061bc83,Yuumi,sup:Rakan,lineup-ea89496e259a4f70,0,3139.00000000,52.31666667,3,8,17,2.50000000,11052.00000000,9162.00000000,40,175.12583625,0.11820194,0.05408501,142,2.71424020,0.64516129,-715.00000000,-748.00000000,14.00000000,0,warmup,,,,,
pg-4cc6c5ec16129b3f,ESPORTSTMNT02_2962684,2022-08-26T00:09:04,2022-08-26,2023,Unknown,0,12.15,Red,oe:team:2a7fc0772538d018f713520c5e90ee0,Red Eye Esports,name-team-1b69eb0f94bfaf84,Lightning Esports,oe:player:b9dfa3efb116230e2a05ff9f568e763,Dertako,top,Riven,oe:player:5b4335a3832ac5a3bb3d24f8bb8687c,Kled,top:Riven,lineup-ea89496e259a4f70,0,3139.00000000,52.31666667,15,3,8,7.66666667,24859.00000000,47850.00000000,431,914.62249124,0.26586881,0.28246753,54,1.03217585,0.74193548,1034.00000000,776.00000000,16.00000000,0,warmup,,,,,
pg-88c811fdc8896555,ESPORTSTMNT02_2962689,2022-08-26T01:31:15,2022-08-26,2023,Unknown,0,12.15,Blue,oe:team:2a7fc0772538d018f713520c5e90ee0,Red Eye Esports,name-team-1b69eb0f94bfaf84,Lightning Esports,oe:player:78a0e250b0d14670ab43e7edb4f8747,Zaary,bot,Samira,name-player-6d6b6239162876cf,Seraphine,bot:Samira,lineup-ea89496e259a4f70,0,1316.00000000,21.93333333,2,4,1,0.75000000,9187.00000000,5875.00000000,187,267.85714286,0.25760592,0.14681627,13,0.59270517,0.37500000,-554.00000000,-922.00000000,-17.00000000,0,warmup,,,,,
pg-cbdd72dacac7c51b,ESPORTSTMNT02_2962689,2022-08-26T01:31:15,2022-08-26,2023,Unknown,0,12.15,Blue,oe:team:2a7fc0772538d018f713520c5e90ee0,Red Eye Esports,name-team-1b69eb0f94bfaf84,Lightning Esports,oe:player:09df9e68902cee8732f903bbead50a9,Rainight,jng,Wukong,oe:player:1c0bc319e4869b47fe4f29cc4923462,Diana,jng:Wukong,lineup-ea89496e259a4f70,0,1316.00000000,21.93333333,0,5,5,1.00000000,6378.00000000,7389.00000000,96,336.88449848,0.17884082,0.18465114,15,0.68389058,0.62500000,-3660.00000000,-2462.00000000,-49.00000000,0,warmup,,,,,
pg-16c5b6495ab4d858,ESPORTSTMNT02_2962689,2022-08-26T01:31:15,2022-08-26,2023,Unknown,0,12.15,Blue,oe:team:2a7fc0772538d018f713520c5e90ee0,Red Eye Esports,name-team-1b69eb0f94bfaf84,Lightning Esports,oe:player:f9b5b8411d091894ce57cd1f60a43e5,Superbia,mid,Swain,oe:player:b90df8937f33cd7f3d559a1f384d2c7,Viego,mid:Swain,lineup-ea89496e259a4f70,0,1316.00000000,21.93333333,3,6,2,0.83333333,7272.00000000,16235.00000000,148,740.19756839,0.20390881,0.40571271,17,0.77507599,0.62500000,-478.00000000,-18.00000000,-12.00000000,0,warmup,,,,,
pg-b1837e424c81b7dd,ESPORTSTMNT02_2962689,2022-08-26T01:31:15,2022-08-26,2023,Unknown,0,12.15,Blue,oe:team:2a7fc0772538d018f713520c5e90ee0,Red Eye Esports,name-team-1b69eb0f94bfaf84,Lightning Esports,oe:player:33cd0a0cb6e0c48f57048a1af876f95,SteaD,sup,Taric,oe:player:2eb2a12f1608b0150cc7050b061bc83,Sona,sup:Taric,lineup-ea89496e259a4f70,0,1316.00000000,21.93333333,1,4,4,1.25000000,5270.00000000,1965.00000000,33,89.58966565,0.14777220,0.04910536,39,1.77811550,0.62500000,-245.00000000,-198.00000000,18.00000000,0,warmup,,,,,
pg-4f42519899eab6f6,ESPORTSTMNT02_2962689,2022-08-26T01:31:15,2022-08-26,2023,Unknown,0,12.15,Blue,oe:team:2a7fc0772538d018f713520c5e90ee0,Red Eye Esports,name-team-1b69eb0f94bfaf84,Lightning Esports,oe:player:b9dfa3efb116230e2a05ff9f568e763,Dertako,top,Riven,oe:player:5b4335a3832ac5a3bb3d24f8bb8687c,Olaf,top:Riven,lineup-ea89496e259a4f70,0,1316.00000000,21.93333333,2,5,1,0.60000000,7556.00000000,8552.00000000,157,389.90881459,0.21187225,0.21371451,10,0.45592705,0.37500000,-1818.00000000,-957.00000000,-25.00000000,0,warmup,,,,,
pg-c69242890dc9b0c1,ESPORTSTMNT02_2962689,2022-08-26T01:31:15,2022-08-26,2023,Unknown,0,12.15,Red,name-team-1b69eb0f94bfaf84,Lightning Esports,oe:team:2a7fc0772538d018f713520c5e90ee0,Red Eye Esports,name-player-6d6b6239162876cf,LIT Dupl0,bot,Seraphine,oe:player:78a0e250b0d14670ab43e7edb4f8747,Samira,bot:Seraphine,lineup-b50d4dda8c06fbbf,1,1316.00000000,21.93333333,4,0,11,15.00000000,10586.00000000,12863.00000000,205,586.45896657,0.20830382,0.20434327,25,1.13981763,0.62500000,554.00000000,922.00000000,17.00000000,0,warmup,,,,,
pg-2bf4b3cb9c959dd9,ESPORTSTMNT02_2962689,2022-08-26T01:31:15,2022-08-26,2023,Unknown,0,12.15,Red,name-team-1b69eb0f94bfaf84,Lightning Esports,oe:team:2a7fc0772538d018f713520c5e90ee0,Red Eye Esports,oe:player:1c0bc319e4869b47fe4f29cc4923462,Leinad,jng,Diana,oe:player:09df9e68902cee8732f903bbead50a9,Wukong,jng:Diana,lineup-b50d4dda8c06fbbf,1,1316.00000000,21.93333333,11,1,7,18.00000000,13032.00000000,13921.00000000,190,634.69604863,0.25643447,0.22115079,24,1.09422492,0.75000000,3660.00000000,2462.00000000,49.00000000,0,warmup,,,,,
pg-323ecec79827a83d,ESPORTSTMNT02_2962689,2022-08-26T01:31:15,2022-08-26,2023,Unknown,0,12.15,Red,name-team-1b69eb0f94bfaf84,Lightning Esports,oe:team:2a7fc0772538d018f713520c5e90ee0,Red Eye Esports,oe:player:b90df8937f33cd7f3d559a1f384d2c7,Uparela,mid,Viego,oe:player:f9b5b8411d091894ce57cd1f60a43e5,Swain,mid:Viego,lineup-b50d4dda8c06fbbf,1,1316.00000000,21.93333333,4,1,10,14.00000000,9896.00000000,15251.00000000,159,695.33434650,0.19472649,0.24227934,24,1.09422492,0.58333333,478.00000000,18.00000000,12.00000000,0,warmup,,,,,
pg-d0f48f275978bdc2,ESPORTSTMNT02_2962689,2022-08-26T01:31:15,2022-08-26,2023,Unknown,0,12.15,Red,name-team-1b69eb0f94bfaf84,Lightning Esports,oe:team:2a7fc0772538d018f713520c5e90ee0,Red Eye Esports,oe:player:2eb2a12f1608b0150cc7050b061bc83,khaN,sup,Sona,oe:player:33cd0a0cb6e0c48f57048a1af876f95,Taric,sup:Sona,lineup-b50d4dda8c06fbbf,1,1316.00000000,21.93333333,1,3,15,5.33333333,6476.00000000,4256.00000000,4,194.04255319,0.12743015,0.06761136,47,2.14285714,0.66666667,245.00000000,198.00000000,-18.00000000,0,warmup,,,,,
pg-37d666f081c7f183,ESPORTSTMNT02_2962689,2022-08-26T01:31:15,2022-08-26,2023,Unknown,0,12.15,Red,name-team-1b69eb0f94bfaf84,Lightning Esports,oe:team:2a7fc0772538d018f713520c5e90ee0,Red Eye Esports,oe:player:5b4335a3832ac5a3bb3d24f8bb8687c,ByFalco,top,Olaf,oe:player:b9dfa3efb116230e2a05ff9f568e763,Riven,top:Olaf,lineup-b50d4dda8c06fbbf,1,1316.00000000,21.93333333,4,3,7,3.66666667,10830.00000000,16657.00000000,187,759.43768997,0.21310508,0.26461524,11,0.50151976,0.45833333,1818.00000000,957.00000000,25.00000000,0,warmup,,,,,
pg-d1e2d18d63945ada,ESPORTSTMNT02_2972632,2022-08-26T22:17:45,2022-08-26,2023,Unknown,0,12.15,Blue,name-team-4578d86f02566c3d,South Gaming,name-team-8985fc54cb647739,Only Panitas,oe:player:ffac14a6607a6bd8d49177cf8f8be81,Zeldris,bot,Sivir,oe:player:f9e979b704253c4e9a714baefb25263,Kalista,bot:Sivir,lineup-757eed4b597499d6,1,1822.00000000,30.36666667,9,1,12,21.00000000,15676.00000000,14979.00000000,307,493.27113063,0.24958207,0.22490653,36,1.18551043,0.91304348,-78.00000000,-191.00000000,-2.00000000,0,warmup,,,,,
pg-8716d58b04097695,ESPORTSTMNT02_2972632,2022-08-26T22:17:45,2022-08-26,2023,Unknown,0,12.15,Blue,name-team-4578d86f02566c3d,South Gaming,name-team-8985fc54cb647739,Only Panitas,oe:player:89faa52485aadb6d1181384f88d2001,Encounters,jng,Wukong,oe:player:e3be3c0600832ca346e1ff69b77fc5c,Jarvan IV,jng:Wukong,lineup-757eed4b597499d6,1,1822.00000000,30.36666667,5,4,10,3.75000000,10730.00000000,12206.00000000,157,401.95389682,0.17083539,0.18327052,40,1.31723381,0.65217391,-97.00000000,22.00000000,8.00000000,0,warmup,,,,,
pg-c311288eeb906585,ESPORTSTMNT02_2972632,2022-08-26T22:17:45,2022-08-26,2023,Unknown,0,12.15,Blue,name-team-4578d86f02566c3d,South Gaming,name-team-8985fc54cb647739,Only Panitas,oe:player:6f7cba7940b07a9bab657521a36fd21,WilBR,mid,Ahri,oe:player:b6fe055bfad88e328abe3fbbf21a33c,Viktor,mid:Ahri,lineup-757eed4b597499d6,1,1822.00000000,30.36666667,4,3,12,5.33333333,12043.00000000,16994.00000000,230,559.62678375,0.19174004,0.25516133,31,1.02085620,0.69565217,-537.00000000,-43.00000000,-14.00000000,0,warmup,,,,,
pg-7c06e6963dd77558,ESPORTSTMNT02_2972632,2022-08-26T22:17:45,2022-08-26,2023,Unknown,0,12.15,Blue,name-team-4578d86f02566c3d,South Gaming,name-team-8985fc54cb647739,Only Panitas,oe:player:8bca70b1ad0331a65dbd9daa4bb3c35,Maxterium,sup,Braum,oe:player:9c8834ac0a7a7aaa66010ded94db1db,Amumu,sup:Braum,lineup-757eed4b597499d6,1,1822.00000000,30.36666667,1,2,16,8.50000000,7951.00000000,3356.00000000,33,110.51591658,0.12659014,0.05038963,75,2.46981339,0.73913043,-47.00000000,-28.00000000,1.00000000,0,warmup,,,,,
pg-9b458013c9972672,ESPORTSTMNT02_2972632,2022-08-26T22:17:45,2022-08-26,2023,Unknown,0,12.15,Blue,name-team-4578d86f02566c3d,South Gaming,name-team-8985fc54cb647739,Only Panitas,oe:player:4fa807dbb2b3e07b6eacded6065c8f9,Bingus,top,Gangplank,name-player-a8ff48cd49330ed5,Aatrox,top:Gangplank,lineup-757eed4b597499d6,1,1822.00000000,30.36666667,4,0,11,15.00000000,16409.00000000,19066.00000000,276,627.85949506,0.26125237,0.28627198,27,0.88913282,0.65217391,1295.00000000,124.00000000,16.00000000,0,warmup,,,,,
pg-5e6bffdcfe32a8ee,ESPORTSTMNT02_2972632,2022-08-26T22:17:45,2022-08-26,2023,Unknown,0,12.15,Red,name-team-8985fc54cb647739,Only Panitas,name-team-4578d86f02566c3d,South Gaming,oe:player:f9e979b704253c4e9a714baefb25263,Lil Carry,bot,Kalista,oe:player:ffac14a6607a6bd8d49177cf8f8be81,Sivir,bot:Kalista,lineup-7271088637e86ec1,0,1822.00000000,30.36666667,3,5,5,1.60000000,11265.00000000,8174.00000000,246,269.17672887,0.22306047,0.14241162,41,1.35016465,0.80000000,78.00000000,191.00000000,2.00000000,0,warmup,,,,,
pg-701e7d9d98f78956,ESPORTSTMNT02_2972632,2022-08-26T22:17:45,2022-08-26,2023,Unknown,0,12.15,Red,name-team-8985fc54cb647739,Only Panitas,name-team-4578d86f02566c3d,South Gaming,oe:player:e3be3c0600832ca346e1ff69b77fc5c,Blossom,jng,Jarvan IV,oe:player:89faa52485aadb6d1181384f88d2001,Wukong,jng:Jarvan IV,lineup-7271088637e86ec1,0,1822.00000000,30.36666667,2,6,7,1.50000000,9117.00000000,8527.00000000,131,280.80131723,0.18052750,0.14856177,44,1.44895719,0.90000000,97.00000000,-22.00000000,-8.00000000,0,warmup,,,,,
pg-00ae00047f62e37d,ESPORTSTMNT02_2972632,2022-08-26T22:17:45,2022-08-26,2023,Unknown,0,12.15,Red,name-team-8985fc54cb647739,Only Panitas,name-team-4578d86f02566c3d,South Gaming,oe:player:b6fe055bfad88e328abe3fbbf21a33c,Overload,mid,Viktor,oe:player:6f7cba7940b07a9bab657521a36fd21,Ahri,mid:Viktor,lineup-7271088637e86ec1,0,1822.00000000,30.36666667,4,2,4,4.00000000,13643.00000000,29653.00000000,272,976.49835346,0.27014772,0.51662979,39,1.28430296,0.80000000,537.00000000,43.00000000,14.00000000,0,warmup,,,,,
pg-eed146b5e9d95a9f,ESPORTSTMNT02_2972632,2022-08-26T22:17:45,2022-08-26,2023,Unknown,0,12.15,Red,name-team-8985fc54cb647739,Only Panitas,name-team-4578d86f02566c3d,South Gaming,oe:player:9c8834ac0a7a7aaa66010ded94db1db,Cassius,sup,Amumu,oe:player:8bca70b1ad0331a65dbd9daa4bb3c35,Braum,sup:Amumu,lineup-7271088637e86ec1,0,1822.00000000,30.36666667,1,6,7,1.33333333,7027.00000000,5519.00000000,41,181.74533480,0.13914300,0.09615485,70,2.30515917,0.80000000,47.00000000,28.00000000,-1.00000000,0,warmup,,,,,
pg-5425e8ad5025b89d,ESPORTSTMNT02_2972632,2022-08-26T22:17:45,2022-08-26,2023,Unknown,0,12.15,Red,name-team-8985fc54cb647739,Only Panitas,name-team-4578d86f02566c3d,South Gaming,name-player-a8ff48cd49330ed5,ONP Bicolen,top,Aatrox,oe:player:4fa807dbb2b3e07b6eacded6065c8f9,Gangplank,top:Aatrox,lineup-7271088637e86ec1,0,1822.00000000,30.36666667,0,4,2,0.50000000,9450.00000000,5524.00000000,219,181.90998902,0.18712130,0.09624196,33,1.08671789,0.20000000,-1295.00000000,-124.00000000,-16.00000000,0,warmup,,,,,
pg-77118f89104f363c,ESPORTSTMNT02_2972643,2022-08-26T23:30:22,2022-08-26,2023,Unknown,0,12.15,Blue,name-team-8985fc54cb647739,Only Panitas,name-team-4578d86f02566c3d,South Gaming,oe:player:f9e979b704253c4e9a714baefb25263,Lil Carry,bot,Sivir,oe:player:ffac14a6607a6bd8d49177cf8f8be81,Draven,bot:Sivir,lineup-7271088637e86ec1,1,1930.00000000,32.16666667,4,1,10,14.00000000,12759.00000000,18834.00000000,277,585.51295337,0.22666548,0.31185733,44,1.36787565,0.87500000,-2030.00000000,-246.00000000,-19.00000000,0,warmup,,,,,
pg-c81af2540ec9763c,ESPORTSTMNT02_2972643,2022-08-26T23:30:22,2022-08-26,2023,Unknown,0,12.15,Blue,name-team-8985fc54cb647739,Only Panitas,name-team-4578d86f02566c3d,South Gaming,oe:player:e3be3c0600832ca346e1ff69b77fc5c,Blossom,jng,Olaf,oe:player:89faa52485aadb6d1181384f88d2001,Vi,jng:Olaf,lineup-7271088637e86ec1,1,1930.00000000,32.16666667,4,2,8,6.00000000,12298.00000000,11587.00000000,203,360.21761658,0.21847575,0.19185998,53,1.64766839,0.75000000,260.00000000,927.00000000,26.00000000,0,warmup,,,,,
pg-242b8096d52b40b9,ESPORTSTMNT02_2972643,2022-08-26T23:30:22,2022-08-26,2023,Unknown,0,12.15,Blue,name-team-8985fc54cb647739,Only Panitas,name-team-4578d86f02566c3d,South Gaming,oe:player:b6fe055bfad88e328abe3fbbf21a33c,Overload,mid,Zilean,oe:player:6f7cba7940b07a9bab657521a36fd21,Corki,mid:Zilean,lineup-7271088637e86ec1,1,1930.00000000,32.16666667,5,0,9,14.00000000,12425.00000000,13714.00000000,248,426.34196891,0.22073192,0.22707930,31,0.96373057,0.87500000,-952.00000000,57.00000000,-23.00000000,0,warmup,,,,,
pg-f69d4d7f768f135a,ESPORTSTMNT02_2972643,2022-08-26T23:30:22,2022-08-26,2023,Unknown,0,12.15,Blue,name-team-8985fc54cb647739,Only Panitas,name-team-4578d86f02566c3d,South Gaming,oe:player:9c8834ac0a7a7aaa66010ded94db1db,Cassius,sup,Braum,oe:player:8bca70b1ad0331a65dbd9daa4bb3c35,Rakan,sup:Braum,lineup-7271088637e86ec1,1,1930.00000000,32.16666667,1,2,8,4.50000000,7218.00000000,4874.00000000,41,151.52331606,0.12822882,0.08070472,69,2.14507772,0.56250000,-366.00000000,-294.00000000,-2.00000000,0,warmup,,,,,
pg-d5d3b27d3ead8f95,ESPORTSTMNT02_2972643,2022-08-26T23:30:22,2022-08-26,2023,Unknown,0,12.15,Blue,name-team-8985fc54cb647739,Only Panitas,name-team-4578d86f02566c3d,South Gaming,name-player-a8ff48cd49330ed5,ONP Bicolen,top,Ornn,oe:player:4fa807dbb2b3e07b6eacded6065c8f9,Gnar,top:Ornn,lineup-7271088637e86ec1,1,1930.00000000,32.16666667,2,0,12,14.00000000,11590.00000000,11384.00000000,256,353.90673575,0.20589803,0.18849867,39,1.21243523,0.87500000,231.00000000,166.00000000,5.00000000,0,warmup,,,,,
pg-0701b6d834b391c9,ESPORTSTMNT02_2972643,2022-08-26T23:30:22,2022-08-26,2023,Unknown,0,12.15,Red,name-team-4578d86f02566c3d,South Gaming,name-team-8985fc54cb647739,Only Panitas,oe:player:ffac14a6607a6bd8d49177cf8f8be81,Zeldris,bot,Draven,oe:player:f9e979b704253c4e9a714baefb25263,Sivir,bot:Draven,lineup-757eed4b597499d6,0,1930.00000000,32.16666667,1,3,3,1.33333333,11990.00000000,8107.00000000,260,252.03108808,0.22952640,0.15832438,20,0.62176166,0.80000000,2030.00000000,246.00000000,19.00000000,0,warmup,,,,,
pg-7f286d8d3306f3f2,ESPORTSTMNT02_2972643,2022-08-26T23:30:22,2022-08-26,2023,Unknown,0,12.15,Red,name-team-4578d86f02566c3d,South Gaming,name-team-8985fc54cb647739,Only Panitas,oe:player:89faa52485aadb6d1181384f88d2001,Encounters,jng,Vi,oe:player:e3be3c0600832ca346e1ff69b77fc5c,Olaf,jng:Vi,lineup-757eed4b597499d6,0,1930.00000000,32.16666667,2,3,2,1.33333333,9396.00000000,4493.00000000,160,139.67875648,0.17986906,0.08774534,51,1.58549223,0.80000000,-260.00000000,-927.00000000,-26.00000000,0,warmup,,,,,
pg-7798f27b79883c4d,ESPORTSTMNT02_2972643,2022-08-26T23:30:22,2022-08-26,2023,Unknown,0,12.15,Red,name-team-4578d86f02566c3d,South Gaming,name-team-8985fc54cb647739,Only Panitas,oe:player:6f7cba7940b07a9bab657521a36fd21,WilBR,mid,Corki,oe:player:b6fe055bfad88e328abe3fbbf21a33c,Zilean,mid:Corki,lineup-757eed4b597499d6,0,1930.00000000,32.16666667,0,3,5,1.66666667,12331.00000000,21550.00000000,300,669.94818653,0.23605421,0.42085734,43,1.33678756,1.00000000,952.00000000,-57.00000000,23.00000000,0,warmup,,,,,
pg-5186b199dcc52837,ESPORTSTMNT02_2972643,2022-08-26T23:30:22,2022-08-26,2023,Unknown,0,12.15,Red,name-team-4578d86f02566c3d,South Gaming,name-team-8985fc54cb647739,Only Panitas,oe:player:8bca70b1ad0331a65dbd9daa4bb3c35,Maxterium,sup,Rakan,oe:player:9c8834ac0a7a7aaa66010ded94db1db,Braum,sup:Rakan,lineup-757eed4b597499d6,0,1930.00000000,32.16666667,0,5,5,1.00000000,6833.00000000,3845.00000000,45,119.53367876,0.13080516,0.07509032,113,3.51295337,1.00000000,366.00000000,294.00000000,2.00000000,0,warmup,,,,,
pg-336f2dd4ea6303a9,ESPORTSTMNT02_2972643,2022-08-26T23:30:22,2022-08-26,2023,Unknown,0,12.15,Red,name-team-4578d86f02566c3d,South Gaming,name-team-8985fc54cb647739,Only Panitas,oe:player:4fa807dbb2b3e07b6eacded6065c8f9,Bingus,top,Gnar,name-player-a8ff48cd49330ed5,Ornn,top:Gnar,lineup-757eed4b597499d6,0,1930.00000000,32.16666667,2,2,0,1.00000000,11688.00000000,13210.00000000,272,410.67357513,0.22374517,0.25798262,36,1.11917098,0.40000000,-231.00000000,-166.00000000,-5.00000000,0,warmup,,,,,
pg-d3b08ce6854c4171,ESPORTSTMNT02_2972653,2022-08-27T00:37:31,2022-08-27,2023,Unknown,0,12.15,Blue,name-team-4578d86f02566c3d,South Gaming,name-team-8985fc54cb647739,Only Panitas,oe:player:ffac14a6607a6bd8d49177cf8f8be81,Zeldris,bot,Sivir,oe:player:f9e979b704253c4e9a714baefb25263,Zeri,bot:Sivir,lineup-757eed4b597499d6,0,1647.00000000,27.45000000,3,4,2,1.25000000,11310.00000000,11637.00000000,234,423.93442623,0.26552412,0.27573216,23,0.83788707,1.00000000,-1179.00000000,785.00000000,10.00000000,0,warmup,,,,,
pg-e47eee739ce5b94e,ESPORTSTMNT02_2972653,2022-08-27T00:37:31,2022-08-27,2023,Unknown,0,12.15,Blue,name-team-4578d86f02566c3d,South Gaming,name-team-8985fc54cb647739,Only Panitas,oe:player:89faa52485aadb6d1181384f88d2001,Encounters,jng,Trundle,oe:player:e3be3c0600832ca346e1ff69b77fc5c,Xin Zhao,jng:Trundle,lineup-757eed4b597499d6,0,1647.00000000,27.45000000,0,5,3,0.60000000,8211.00000000,5852.00000000,168,213.18761384,0.19276910,0.13865984,37,1.34790528,0.60000000,-781.00000000,783.00000000,25.00000000,0,warmup,,,,,
pg-87b862fdc8deb21e,ESPORTSTMNT02_2972653,2022-08-27T00:37:31,2022-08-27,2023,Unknown,0,12.15,Blue,name-team-4578d86f02566c3d,South Gaming,name-team-8985fc54cb647739,Only Panitas,oe:player:6f7cba7940b07a9bab657521a36fd21,WilBR,mid,Syndra,oe:player:b6fe055bfad88e328abe3fbbf21a33c,Ekko,mid:Syndra,lineup-757eed4b597499d6,0,1647.00000000,27.45000000,2,5,1,0.60000000,8614.00000000,9378.00000000,196,341.63934426,0.20223031,0.22220643,25,0.91074681,0.60000000,-2938.00000000,-686.00000000,2.00000000,0,warmup,,,,,
pg-829a439381419099,ESPORTSTMNT02_2972653,2022-08-27T00:37:31,2022-08-27,2023,Unknown,0,12.15,Blue,name-team-4578d86f02566c3d,South Gaming,name-team-8985fc54cb647739,Only Panitas,oe:player:8bca70b1ad0331a65dbd9daa4bb3c35,Maxterium,sup,Nautilus,oe:player:9c8834ac0a7a7aaa66010ded94db1db,Yuumi,sup:Nautilus,lineup-757eed4b597499d6,0,1647.00000000,27.45000000,0,5,5,1.00000000,5467.00000000,2984.00000000,31,108.70673953,0.12834840,0.07070420,51,1.85792350,1.00000000,-282.00000000,-823.00000000,19.00000000,0,warmup,,,,,
pg-be43841427597ffd,ESPORTSTMNT02_2972653,2022-08-27T00:37:31,2022-08-27,2023,Unknown,0,12.15,Blue,name-team-4578d86f02566c3d,South Gaming,name-team-8985fc54cb647739,Only Panitas,oe:player:4fa807dbb2b3e07b6eacded6065c8f9,Bingus,top,Gwen,name-player-a8ff48cd49330ed5,Ornn,top:Gwen,lineup-757eed4b597499d6,0,1647.00000000,27.45000000,0,5,1,0.20000000,8993.00000000,12353.00000000,222,450.01821494,0.21112807,0.29269737,17,0.61930783,0.20000000,-6.00000000,-19.00000000,19.00000000,0,warmup,,,,,
pg-286b252516c44447,ESPORTSTMNT02_2972653,2022-08-27T00:37:31,2022-08-27,2023,Unknown,0,12.15,Red,name-team-8985fc54cb647739,Only Panitas,name-team-4578d86f02566c3d,South Gaming,oe:player:f9e979b704253c4e9a714baefb25263,Lil Carry,bot,Zeri,oe:player:ffac14a6607a6bd8d49177cf8f8be81,Sivir,bot:Zeri,lineup-7271088637e86ec1,1,1647.00000000,27.45000000,9,0,6,15.00000000,14635.00000000,14227.00000000,248,518.28779599,0.25347697,0.24425712,45,1.63934426,0.62500000,1179.00000000,-785.00000000,-10.00000000,0,warmup,,,,,
pg-e958c38063630645,ESPORTSTMNT02_2972653,2022-08-27T00:37:31,2022-08-27,2023,Unknown,0,12.15,Red,name-team-8985fc54cb647739,Only Panitas,name-team-4578d86f02566c3d,South Gaming,oe:player:e3be3c0600832ca346e1ff69b77fc5c,Blossom,jng,Xin Zhao,oe:player:89faa52485aadb6d1181384f88d2001,Trundle,jng:Xin Zhao,lineup-7271088637e86ec1,1,1647.00000000,27.45000000,7,2,11,9.00000000,11446.00000000,13119.00000000,139,477.92349727,0.19824376,0.22523435,48,1.74863388,0.75000000,781.00000000,-783.00000000,-25.00000000,0,warmup,,,,,
pg-5d7e19ed2b0bf1c3,ESPORTSTMNT02_2972653,2022-08-27T00:37:31,2022-08-27,2023,Unknown,0,12.15,Red,name-team-8985fc54cb647739,Only Panitas,name-team-4578d86f02566c3d,South Gaming,oe:player:b6fe055bfad88e328abe3fbbf21a33c,Overload,mid,Ekko,oe:player:6f7cba7940b07a9bab657521a36fd21,Syndra,mid:Ekko,lineup-7271088637e86ec1,1,1647.00000000,27.45000000,6,2,5,5.50000000,14027.00000000,16180.00000000,215,589.43533698,0.24294646,0.27778732,25,0.91074681,0.45833333,2938.00000000,686.00000000,-2.00000000,0,warmup,,,,,
pg-62739408239a9618,ESPORTSTMNT02_2972653,2022-08-27T00:37:31,2022-08-27,2023,Unknown,0,12.15,Red,name-team-8985fc54cb647739,Only Panitas,name-team-4578d86f02566c3d,South Gaming,oe:player:9c8834ac0a7a7aaa66010ded94db1db,Cassius,sup,Yuumi,oe:player:8bca70b1ad0331a65dbd9daa4bb3c35,Nautilus,sup:Yuumi,lineup-7271088637e86ec1,1,1647.00000000,27.45000000,0,0,19,19.00000000,7180.00000000,6042.00000000,8,220.10928962,0.12435700,0.10373245,52,1.89435337,0.79166667,282.00000000,823.00000000,-19.00000000,0,warmup,,,,,
pg-59db80b7daf488b2,ESPORTSTMNT02_2972653,2022-08-27T00:37:31,2022-08-27,2023,Unknown,0,12.15,Red,name-team-8985fc54cb647739,Only Panitas,name-team-4578d86f02566c3d,South Gaming,name-player-a8ff48cd49330ed5,ONP Bicolen,top,Ornn,oe:player:4fa807dbb2b3e07b6eacded6065c8f9,Gwen,top:Ornn,lineup-7271088637e86ec1,1,1647.00000000,27.45000000,2,1,8,10.00000000,10449.00000000,8678.00000000,197,316.13843352,0.18097580,0.14898877,38,1.38433515,0.41666667,6.00000000,19.00000000,-19.00000000,0,warmup,,,,,
pg-78903f9ea6dfad0f,ESPORTSTMNT02_2972654,2022-08-27T01:27:09,2022-08-27,2023,Unknown,0,12.15,Blue,name-team-8985fc54cb647739,Only Panitas,name-team-4578d86f02566c3d,South Gaming,oe:player:f9e979b704253c4e9a714baefb25263,Lil Carry,bot,Zeri,oe:player:ffac14a6607a6bd8d49177cf8f8be81,Aphelios,bot:Zeri,lineup-7271088637e86ec1,0,1746.00000000,29.10000000,1,3,4,1.66666667,10677.00000000,13122.00000000,242,450.92783505,0.22879122,0.23507282,37,1.27147766,0.50000000,-1519.00000000,-349.00000000,-12.00000000,0,warmup,,,,,
pg-1d81bea795155357,ESPORTSTMNT02_2972654,2022-08-27T01:27:09,2022-08-27,2023,Unknown,0,12.15,Blue,name-team-8985fc54cb647739,Only Panitas,name-team-4578d86f02566c3d,South Gaming,oe:player:e3be3c0600832ca346e1ff69b77fc5c,Blossom,jng,Xin Zhao,oe:player:89faa52485aadb6d1181384f88d2001,Lee Sin,jng:Xin Zhao,lineup-7271088637e86ec1,0,1746.00000000,29.10000000,2,7,6,1.14285714,9063.00000000,13247.00000000,137,455.22336770,0.19420576,0.23731212,33,1.13402062,0.80000000,-1772.00000000,-904.00000000,-2.00000000,0,warmup,,,,,
pg-57958b801da236a0,ESPORTSTMNT02_2972654,2022-08-27T01:27:09,2022-08-27,2023,Unknown,0,12.15,Blue,name-team-8985fc54cb647739,Only Panitas,name-team-4578d86f02566c3d,South Gaming,oe:player:b6fe055bfad88e328abe3fbbf21a33c,Overload,mid,Sylas,oe:player:6f7cba7940b07a9bab657521a36fd21,Ahri,mid:Sylas,lineup-7271088637e86ec1,0,1746.00000000,29.10000000,4,7,2,0.85714286,10133.00000000,10643.00000000,186,365.73883162,0.21713416,0.19066301,25,0.85910653,0.60000000,-506.00000000,-1248.00000000,-13.00000000,0,warmup,,,,,
pg-96e14caab3d3f445,ESPORTSTMNT02_2972654,2022-08-27T01:27:09,2022-08-27,2023,Unknown,0,12.15,Blue,name-team-8985fc54cb647739,Only Panitas,name-team-4578d86f02566c3d,South Gaming,oe:player:9c8834ac0a7a7aaa66010ded94db1db,Cassius,sup,Braum,oe:player:8bca70b1ad0331a65dbd9daa4bb3c35,Nautilus,sup:Braum,lineup-7271088637e86ec1,0,1746.00000000,29.10000000,0,6,5,0.83333333,6178.00000000,3692.00000000,41,126.87285223,0.13238477,0.06613998,66,2.26804124,0.50000000,-845.00000000,-70.00000000,11.00000000,0,warmup,,,,,
pg-821d41275990d780,ESPORTSTMNT02_2972654,2022-08-27T01:27:09,2022-08-27,2023,Unknown,0,12.15,Blue,name-team-8985fc54cb647739,Only Panitas,name-team-4578d86f02566c3d,South Gaming,name-player-a8ff48cd49330ed5,ONP Bicolen,top,Sejuani,oe:player:4fa807dbb2b3e07b6eacded6065c8f9,Aatrox,top:Sejuani,lineup-7271088637e86ec1,0,1746.00000000,29.10000000,3,5,5,1.60000000,10616.00000000,15117.00000000,205,519.48453608,0.22748409,0.27081206,29,0.99656357,0.80000000,585.00000000,552.00000000,-8.00000000,0,warmup,,,,,
pg-24e3c819596c478a,ESPORTSTMNT02_2972654,2022-08-27T01:27:09,2022-08-27,2023,Unknown,0,12.15,Red,name-team-4578d86f02566c3d,South Gaming,name-team-8985fc54cb647739,Only Panitas,oe:player:ffac14a6607a6bd8d49177cf8f8be81,Zeldris,bot,Aphelios,oe:player:f9e979b704253c4e9a714baefb25263,Zeri,bot:Aphelios,lineup-757eed4b597499d6,1,1746.00000000,29.10000000,6,3,13,6.33333333,13663.00000000,19937.00000000,226,685.12027491,0.23270430,0.23131722,29,0.99656357,0.67857143,1519.00000000,349.00000000,12.00000000,0,warmup,,,,,
pg-62954c37b4cfaceb,ESPORTSTMNT02_2972654,2022-08-27T01:27:09,2022-08-27,2023,Unknown,0,12.15,Red,name-team-4578d86f02566c3d,South Gaming,name-team-8985fc54cb647739,Only Panitas,oe:player:89faa52485aadb6d1181384f88d2001,Encounters,jng,Lee Sin,oe:player:e3be3c0600832ca346e1ff69b77fc5c,Xin Zhao,jng:Lee Sin,lineup-757eed4b597499d6,1,1746.00000000,29.10000000,8,3,19,9.00000000,11924.00000000,16416.00000000,130,564.12371134,0.20308615,0.19046514,24,0.82474227,0.96428571,1772.00000000,904.00000000,2.00000000,0,warmup,,,,,
pg-6f58fc47043631a6,ESPORTSTMNT02_2972654,2022-08-27T01:27:09,2022-08-27,2023,Unknown,0,12.15,Red,name-team-4578d86f02566c3d,South Gaming,name-team-8985fc54cb647739,Only Panitas,oe:player:6f7cba7940b07a9bab657521a36fd21,WilBR,mid,Ahri,oe:player:b6fe055bfad88e328abe3fbbf21a33c,Sylas,mid:Ahri,lineup-757eed4b597499d6,1,1746.00000000,29.10000000,4,2,20,12.00000000,12186.00000000,23587.00000000,210,810.54982818,0.20754846,0.27366601,32,1.09965636,0.85714286,506.00000000,1248.00000000,13.00000000,0,warmup,,,,,
pg-60e82e911c114017,ESPORTSTMNT02_2972654,2022-08-27T01:27:09,2022-08-27,2023,Unknown,0,12.15,Red,name-team-4578d86f02566c3d,South Gaming,name-team-8985fc54cb647739,Only Panitas,oe:player:8bca70b1ad0331a65dbd9daa4bb3c35,Maxterium,sup,Nautilus,oe:player:9c8834ac0a7a7aaa66010ded94db1db,Braum,sup:Nautilus,lineup-757eed4b597499d6,1,1746.00000000,29.10000000,2,0,23,25.00000000,8271.00000000,8539.00000000,29,293.43642612,0.14086930,0.09907297,82,2.81786942,0.89285714,845.00000000,70.00000000,-11.00000000,0,warmup,,,,,
pg-00f1f8e2ad9144bf,ESPORTSTMNT02_2972654,2022-08-27T01:27:09,2022-08-27,2023,Unknown,0,12.15,Red,name-team-4578d86f02566c3d,South Gaming,name-team-8985fc54cb647739,Only Panitas,oe:player:4fa807dbb2b3e07b6eacded6065c8f9,Bingus,top,Aatrox,name-player-a8ff48cd49330ed5,Sejuani,top:Aatrox,lineup-757eed4b597499d6,1,1746.00000000,29.10000000,8,2,9,8.50000000,12670.00000000,17710.00000000,191,608.59106529,0.21579180,0.20547866,15,0.51546392,0.60714286,-585.00000000,-552.00000000,8.00000000,0,warmup,,,,,
pg-29769ea71483f311,ESPORTSTMNT02_2972659,2022-08-27T02:17:28,2022-08-27,2023,Unknown,0,12.15,Blue,name-team-4578d86f02566c3d,South Gaming,name-team-8985fc54cb647739,Only Panitas,oe:player:ffac14a6607a6bd8d49177cf8f8be81,Zeldris,bot,Aphelios,oe:player:f9e979b704253c4e9a714baefb25263,Sivir,bot:Aphelios,lineup-757eed4b597499d6,1,2081.00000000,34.68333333,6,0,12,18.00000000,15502.00000000,38904.00000000,305,1121.69149447,0.22251249,0.37137375,47,1.35511773,0.75000000,-325.00000000,-492.00000000,-7.00000000,0,warmup,,,,,
pg-1a7214aadc640ffd,ESPORTSTMNT02_2972659,2022-08-27T02:17:28,2022-08-27,2023,Unknown,0,12.15,Blue,name-team-4578d86f02566c3d,South Gaming,name-team-8985fc54cb647739,Only Panitas,oe:player:89faa52485aadb6d1181384f88d2001,Encounters,jng,Graves,oe:player:e3be3c0600832ca346e1ff69b77fc5c,Trundle,jng:Graves,lineup-757eed4b597499d6,1,2081.00000000,34.68333333,4,1,15,19.00000000,16256.00000000,23065.00000000,305,665.01681884,0.23333525,0.22017622,106,3.05622297,0.79166667,2113.00000000,2110.00000000,55.00000000,0,warmup,,,,,
pg-9f10c3ca0ee56a2d,ESPORTSTMNT02_2972659,2022-08-27T02:17:28,2022-08-27,2023,Unknown,0,12.15,Blue,name-team-4578d86f02566c3d,South Gaming,name-team-8985fc54cb647739,Only Panitas,oe:player:6f7cba7940b07a9bab657521a36fd21,WilBR,mid,Ahri,oe:player:b6fe055bfad88e328abe3fbbf21a33c,Neeko,mid:Ahri,lineup-757eed4b597499d6,1,2081.00000000,34.68333333,5,1,15,20.00000000,14346.00000000,22748.00000000,268,655.87698222,0.20591950,0.21715017,63,1.81643441,0.83333333,-614.00000000,-713.00000000,-16.00000000,0,warmup,,,,,
pg-a9038ee6ef43fbf7,ESPORTSTMNT02_2972659,2022-08-27T02:17:28,2022-08-27,2023,Unknown,0,12.15,Blue,name-team-4578d86f02566c3d,South Gaming,name-team-8985fc54cb647739,Only Panitas,oe:player:8bca70b1ad0331a65dbd9daa4bb3c35,Maxterium,sup,Nautilus,oe:player:9c8834ac0a7a7aaa66010ded94db1db,Tahm Kench,sup:Nautilus,lineup-757eed4b597499d6,1,2081.00000000,34.68333333,5,4,13,4.50000000,9821.00000000,7499.00000000,40,216.21335896,0.14096859,0.07158472,69,1.98942816,0.75000000,353.00000000,-141.00000000,1.00000000,0,warmup,,,,,
pg-d36237c5320cd42b,ESPORTSTMNT02_2972659,2022-08-27T02:17:28,2022-08-27,2023,Unknown,0,12.15,Blue,name-team-4578d86f02566c3d,South Gaming,name-team-8985fc54cb647739,Only Panitas,oe:player:4fa807dbb2b3e07b6eacded6065c8f9,Bingus,top,Mordekaiser,name-player-a8ff48cd49330ed5,Shyvana,top:Mordekaiser,lineup-757eed4b597499d6,1,2081.00000000,34.68333333,4,1,5,9.00000000,13743.00000000,12541.00000000,257,361.58577607,0.19726417,0.11971515,32,0.92263335,0.37500000,687.00000000,271.00000000,24.00000000,0,warmup,,,,,
pg-db599abf739384c9,ESPORTSTMNT02_2972659,2022-08-27T02:17:28,2022-08-27,2023,Unknown,0,12.15,Red,name-team-8985fc54cb647739,Only Panitas,name-team-4578d86f02566c3d,South Gaming,oe:player:f9e979b704253c4e9a714baefb25263,Lil Carry,bot,Sivir,oe:player:ffac14a6607a6bd8d49177cf8f8be81,Aphelios,bot:Sivir,lineup-7271088637e86ec1,0,2081.00000000,34.68333333,4,2,2,3.00000000,15897.00000000,30626.00000000,362,883.01777991,0.28496397,0.39426357,50,1.44161461,0.85714286,325.00000000,492.00000000,7.00000000,0,warmup,,,,,
pg-3464ae4b77fe6624,ESPORTSTMNT02_2972659,2022-08-27T02:17:28,2022-08-27,2023,Unknown,0,12.15,Red,name-team-8985fc54cb647739,Only Panitas,name-team-4578d86f02566c3d,South Gaming,oe:player:e3be3c0600832ca346e1ff69b77fc5c,Blossom,jng,Trundle,oe:player:89faa52485aadb6d1181384f88d2001,Graves,jng:Trundle,lineup-7271088637e86ec1,0,2081.00000000,34.68333333,1,5,6,1.40000000,10232.00000000,6752.00000000,185,194.67563671,0.18341519,0.08692182,37,1.06679481,1.00000000,-2113.00000000,-2110.00000000,-55.00000000,0,warmup,,,,,
pg-3b77c055b6ab7d7c,ESPORTSTMNT02_2972659,2022-08-27T02:17:28,2022-08-27,2023,Unknown,0,12.15,Red,name-team-8985fc54cb647739,Only Panitas,name-team-4578d86f02566c3d,South Gaming,oe:player:b6fe055bfad88e328abe3fbbf21a33c,Overload,mid,Neeko,oe:player:6f7cba7940b07a9bab657521a36fd21,Ahri,mid:Neeko,lineup-7271088637e86ec1,0,2081.00000000,34.68333333,2,4,2,1.00000000,11888.00000000,21463.00000000,273,618.82748679,0.21310006,0.27630376,81,2.33541567,0.57142857,614.00000000,713.00000000,16.00000000,0,warmup,,,,,
pg-17fde220fbcafd10,ESPORTSTMNT02_2972659,2022-08-27T02:17:28,2022-08-27,2023,Unknown,0,12.15,Red,name-team-8985fc54cb647739,Only Panitas,name-team-4578d86f02566c3d,South Gaming,oe:player:9c8834ac0a7a7aaa66010ded94db1db,Cassius,sup,Tahm Kench,oe:player:8bca70b1ad0331a65dbd9daa4bb3c35,Nautilus,sup:Tahm Kench,lineup-7271088637e86ec1,0,2081.00000000,34.68333333,0,8,4,0.50000000,6905.00000000,3269.00000000,41,94.25276309,0.12377657,0.04208345,75,2.16242191,0.57142857,-353.00000000,141.00000000,-1.00000000,0,warmup,,,,,
pg-24c348a919d7e3d7,ESPORTSTMNT02_2972659,2022-08-27T02:17:28,2022-08-27,2023,Unknown,0,12.15,Red,name-team-8985fc54cb647739,Only Panitas,name-team-4578d86f02566c3d,South Gaming,name-player-a8ff48cd49330ed5,ONP Bicolen,top,Shyvana,oe:player:4fa807dbb2b3e07b6eacded6065c8f9,Mordekaiser,top:Shyvana,lineup-7271088637e86ec1,0,2081.00000000,34.68333333,0,5,2,0.40000000,10864.00000000,15569.00000000,249,448.88995675,0.19474420,0.20042740,35,1.00913023,0.28571429,-687.00000000,-271.00000000,-24.00000000,0,warmup,,,,,
pg-6a8007cd0e9b4958,ESPORTSTMNT02_2963855,2022-09-01T22:45:52,2022-09-01,2023,Unknown,0,12.15,Blue,name-team-1b69eb0f94bfaf84,Lightning Esports,oe:team:685ec10929b61b7e3c50cc97d5883e2,Fantasy Gaming,name-player-5de3e981792904c2,LIT Mooncake,bot,Sivir,oe:player:5223ac472795c0d9aaa42c6cba79e3c,Draven,bot:Sivir,lineup-f98ddcf3ee17a24d,1,1736.00000000,28.93333333,8,1,9,17.00000000,16253.00000000,32578.00000000,311,1125.96774194,0.27690132,0.45278666,46,1.58986175,0.94444444,68.00000000,163.00000000,8.00000000,0,warmup,,,,,
pg-cce301a7e97d7c66,ESPORTSTMNT02_2963855,2022-09-01T22:45:52,2022-09-01,2023,Unknown,0,12.15,Blue,name-team-1b69eb0f94bfaf84,Lightning Esports,oe:team:685ec10929b61b7e3c50cc97d5883e2,Fantasy Gaming,oe:player:5b4335a3832ac5a3bb3d24f8bb8687c,ByFalco,jng,Zac,oe:player:3ef0dd9c69ba24d9597ea61657a3e2c,Pantheon,jng:Zac,lineup-f98ddcf3ee17a24d,1,1736.00000000,28.93333333,5,1,5,10.00000000,11612.00000000,5614.00000000,186,194.03225806,0.19783290,0.07802641,37,1.27880184,0.55555556,990.00000000,781.00000000,16.00000000,0,warmup,,,,,
pg-2f8ca63c7dd57bd2,ESPORTSTMNT02_2963855,2022-09-01T22:45:52,2022-09-01,2023,Unknown,0,12.15,Blue,name-team-1b69eb0f94bfaf84,Lightning Esports,oe:team:685ec10929b61b7e3c50cc97d5883e2,Fantasy Gaming,oe:player:b90df8937f33cd7f3d559a1f384d2c7,Uparela,mid,Sylas,oe:player:dbb3bcc9c74595639690cb0160a40ec,Kassadin,mid:Sylas,lineup-f98ddcf3ee17a24d,1,1736.00000000,28.93333333,2,1,14,16.00000000,10724.00000000,14861.00000000,193,513.62903226,0.18270410,0.20654621,21,0.72580645,0.88888889,223.00000000,96.00000000,-8.00000000,0,warmup,,,,,
pg-149a85985de607bd,ESPORTSTMNT02_2963855,2022-09-01T22:45:52,2022-09-01,2023,Unknown,0,12.15,Blue,name-team-1b69eb0f94bfaf84,Lightning Esports,oe:team:685ec10929b61b7e3c50cc97d5883e2,Fantasy Gaming,oe:player:2eb2a12f1608b0150cc7050b061bc83,khaN,sup,Braum,oe:player:fcc07158efd9ad098678e01721c2a9e,Nautilus,sup:Braum,lineup-f98ddcf3ee17a24d,1,1736.00000000,28.93333333,1,2,15,8.00000000,8633.00000000,5540.00000000,40,191.47465438,0.14707987,0.07699792,74,2.55760369,0.88888889,306.00000000,-172.00000000,3.00000000,0,warmup,,,,,
pg-ae877144a4b5b076,ESPORTSTMNT02_2963855,2022-09-01T22:45:52,2022-09-01,2023,Unknown,0,12.15,Blue,name-team-1b69eb0f94bfaf84,Lightning Esports,oe:team:685ec10929b61b7e3c50cc97d5883e2,Fantasy Gaming,name-player-6d6b6239162876cf,LIT Dupl0,top,Dr. Mundo,oe:player:f43fe5752d4eb64cab58c333d3d0380,Sejuani,top:Dr. Mundo,lineup-f98ddcf3ee17a24d,1,1736.00000000,28.93333333,2,1,6,8.00000000,11474.00000000,13357.00000000,211,461.64746544,0.19548180,0.18564281,32,1.10599078,0.44444444,770.00000000,-231.00000000,17.00000000,0,warmup,,,,,
pg-93de85397f83a3e8,ESPORTSTMNT02_2963855,2022-09-01T22:45:52,2022-09-01,2023,Unknown,0,12.15,Red,oe:team:685ec10929b61b7e3c50cc97d5883e2,Fantasy Gaming,name-team-1b69eb0f94bfaf84,Lightning Esports,oe:player:5223ac472795c0d9aaa42c6cba79e3c,Akyro,bot,Draven,name-player-5de3e981792904c2,Sivir,bot:Draven,lineup-ed979fa5fb6338b3,0,1736.00000000,28.93333333,2,4,3,1.25000000,11186.00000000,17196.00000000,243,594.33179724,0.25195396,0.30858127,44,1.52073733,0.83333333,-68.00000000,-163.00000000,-8.00000000,0,warmup,,,,,
pg-8ea2b5bfda210360,ESPORTSTMNT02_2963855,2022-09-01T22:45:52,2022-09-01,2023,Unknown,0,12.15,Red,oe:team:685ec10929b61b7e3c50cc97d5883e2,Fantasy Gaming,name-team-1b69eb0f94bfaf84,Lightning Esports,oe:player:3ef0dd9c69ba24d9597ea61657a3e2c,Guidoxi,jng,Pantheon,oe:player:5b4335a3832ac5a3bb3d24f8bb8687c,Zac,jng:Pantheon,lineup-ed979fa5fb6338b3,0,1736.00000000,28.93333333,0,4,5,1.25000000,7550.00000000,9072.00000000,140,313.54838710,0.17005654,0.16279654,25,0.86405530,0.83333333,-990.00000000,-781.00000000,-16.00000000,0,warmup,,,,,
pg-35391b984e4fb5e7,ESPORTSTMNT02_2963855,2022-09-01T22:45:52,2022-09-01,2023,Unknown,0,12.15,Red,oe:team:685ec10929b61b7e3c50cc97d5883e2,Fantasy Gaming,name-team-1b69eb0f94bfaf84,Lightning Esports,oe:player:dbb3bcc9c74595639690cb0160a40ec,San,mid,Kassadin,oe:player:b90df8937f33cd7f3d559a1f384d2c7,Sylas,mid:Kassadin,lineup-ed979fa5fb6338b3,0,1736.00000000,28.93333333,1,2,3,2.00000000,9631.00000000,12326.00000000,236,426.01382488,0.21692907,0.22118939,21,0.72580645,0.66666667,-223.00000000,-96.00000000,8.00000000,0,warmup,,,,,
pg-cbebde93e8e2d88a,ESPORTSTMNT02_2963855,2022-09-01T22:45:52,2022-09-01,2023,Unknown,0,12.15,Red,oe:team:685ec10929b61b7e3c50cc97d5883e2,Fantasy Gaming,name-team-1b69eb0f94bfaf84,Lightning Esports,oe:player:fcc07158efd9ad098678e01721c2a9e,LupinoBate,sup,Nautilus,oe:player:2eb2a12f1608b0150cc7050b061bc83,Braum,sup:Nautilus,lineup-ed979fa5fb6338b3,0,1736.00000000,28.93333333,1,4,5,1.50000000,7082.00000000,6110.00000000,39,211.17511521,0.15951528,0.10964361,48,1.65898618,1.00000000,-306.00000000,172.00000000,-3.00000000,0,warmup,,,,,
pg-cd8205c91c6f60de,ESPORTSTMNT02_2963855,2022-09-01T22:45:52,2022-09-01,2023,Unknown,0,12.15,Red,oe:team:685ec10929b61b7e3c50cc97d5883e2,Fantasy Gaming,name-team-1b69eb0f94bfaf84,Lightning Esports,oe:player:f43fe5752d4eb64cab58c333d3d0380,Raglem,top,Sejuani,name-player-6d6b6239162876cf,Dr. Mundo,top:Sejuani,lineup-ed979fa5fb6338b3,0,1736.00000000,28.93333333,2,4,1,0.75000000,8948.00000000,11022.00000000,208,380.94470046,0.20154515,0.19778918,22,0.76036866,0.50000000,-770.00000000,231.00000000,-17.00000000,0,warmup,,,,,
pg-31fa428df0227301,ESPORTSTMNT02_2963861,2022-09-01T23:56:38,2022-09-01,2023,Unknown,0,12.15,Blue,name-team-1b69eb0f94bfaf84,Lightning Esports,oe:team:685ec10929b61b7e3c50cc97d5883e2,Fantasy Gaming,name-player-5de3e981792904c2,LIT Mooncake,bot,Sivir,oe:player:5223ac472795c0d9aaa42c6cba79e3c,Twitch,bot:Sivir,lineup-f98ddcf3ee17a24d,1,1571.00000000,26.18333333,16,2,5,10.50000000,15963.00000000,38467.00000000,282,1469.14067473,0.28844277,0.44916046,27,1.03119032,0.67741935,3295.00000000,2238.00000000,47.00000000,0,warmup,,,,,
pg-c7963a742eaa6780,ESPORTSTMNT02_2963861,2022-09-01T23:56:38,2022-09-01,2023,Unknown,0,12.15,Blue,name-team-1b69eb0f94bfaf84,Lightning Esports,oe:team:685ec10929b61b7e3c50cc97d5883e2,Fantasy Gaming,oe:player:5b4335a3832ac5a3bb3d24f8bb8687c,ByFalco,jng,Zac,oe:player:3ef0dd9c69ba24d9597ea61657a3e2c,Trundle,jng:Zac,lineup-f98ddcf3ee17a24d,1,1571.00000000,26.18333333,4,2,16,10.00000000,9948.00000000,10433.00000000,121,398.45957989,0.17975498,0.12182107,30,1.14576703,0.64516129,470.00000000,463.00000000,-6.00000000,0,warmup,,,,,
pg-7390795d3030ff99,ESPORTSTMNT02_2963861,2022-09-01T23:56:38,2022-09-01,2023,Unknown,0,12.15,Blue,name-team-1b69eb0f94bfaf84,Lightning Esports,oe:team:685ec10929b61b7e3c50cc97d5883e2,Fantasy Gaming,oe:player:b90df8937f33cd7f3d559a1f384d2c7,Uparela,mid,Ahri,oe:player:dbb3bcc9c74595639690cb0160a40ec,Taliyah,mid:Ahri,lineup-f98ddcf3ee17a24d,1,1571.00000000,26.18333333,6,2,12,9.00000000,10773.00000000,14537.00000000,181,555.20050923,0.19466228,0.16974148,16,0.61107575,0.58064516,835.00000000,924.00000000,17.00000000,0,warmup,,,,,
pg-df522b275583e991,ESPORTSTMNT02_2963861,2022-09-01T23:56:38,2022-09-01,2023,Unknown,0,12.15,Blue,name-team-1b69eb0f94bfaf84,Lightning Esports,oe:team:685ec10929b61b7e3c50cc97d5883e2,Fantasy Gaming,oe:player:2eb2a12f1608b0150cc7050b061bc83,khaN,sup,Lulu,oe:player:fcc07158efd9ad098678e01721c2a9e,Braum,sup:Lulu,lineup-f98ddcf3ee17a24d,1,1571.00000000,26.18333333,0,1,23,23.00000000,7725.00000000,4226.00000000,15,161.40038192,0.13958657,0.04934495,68,2.59707193,0.74193548,850.00000000,844.00000000,-17.00000000,0,warmup,,,,,
pg-df09a226a3f7e911,ESPORTSTMNT02_2963861,2022-09-01T23:56:38,2022-09-01,2023,Unknown,0,12.15,Blue,name-team-1b69eb0f94bfaf84,Lightning Esports,oe:team:685ec10929b61b7e3c50cc97d5883e2,Fantasy Gaming,name-player-6d6b6239162876cf,LIT Dupl0,top,Sejuani,oe:player:f43fe5752d4eb64cab58c333d3d0380,Ornn,top:Sejuani,lineup-f98ddcf3ee17a24d,1,1571.00000000,26.18333333,5,1,12,17.00000000,10933.00000000,17979.00000000,176,686.65817950,0.19755340,0.20993204,28,1.06938256,0.54838710,1013.00000000,1041.00000000,-3.00000000,0,warmup,,,,,
pg-413b172b9a739209,ESPORTSTMNT02_2963861,2022-09-01T23:56:38,2022-09-01,2023,Unknown,0,12.15,Red,oe:team:685ec10929b61b7e3c50cc97d5883e2,Fantasy Gaming,name-team-1b69eb0f94bfaf84,Lightning Esports,oe:player:5223ac472795c0d9aaa42c6cba79e3c,Akyro,bot,Twitch,name-player-5de3e981792904c2,Sivir,bot:Twitch,lineup-ed979fa5fb6338b3,0,1571.00000000,26.18333333,0,7,3,0.42857143,7882.00000000,9125.00000000,172,348.50413749,0.19814475,0.19269349,27,1.03119032,0.42857143,-3295.00000000,-2238.00000000,-47.00000000,0,warmup,,,,,
pg-3a4fec773c5d9318,ESPORTSTMNT02_2963861,2022-09-01T23:56:38,2022-09-01,2023,Unknown,0,12.15,Red,oe:team:685ec10929b61b7e3c50cc97d5883e2,Fantasy Gaming,name-team-1b69eb0f94bfaf84,Lightning Esports,oe:player:3ef0dd9c69ba24d9597ea61657a3e2c,Guidoxi,jng,Trundle,oe:player:5b4335a3832ac5a3bb3d24f8bb8687c,Zac,jng:Trundle,lineup-ed979fa5fb6338b3,0,1571.00000000,26.18333333,5,5,2,1.40000000,9843.00000000,9667.00000000,99,369.20432845,0.24744212,0.20413895,24,0.91661362,1.00000000,-470.00000000,-463.00000000,6.00000000,0,warmup,,,,,
pg-74a754c1d6363f8a,ESPORTSTMNT02_2963861,2022-09-01T23:56:38,2022-09-01,2023,Unknown,0,12.15,Red,oe:team:685ec10929b61b7e3c50cc97d5883e2,Fantasy Gaming,name-team-1b69eb0f94bfaf84,Lightning Esports,oe:player:dbb3bcc9c74595639690cb0160a40ec,San,mid,Taliyah,oe:player:b90df8937f33cd7f3d559a1f384d2c7,Ahri,mid:Taliyah,lineup-ed979fa5fb6338b3,0,1571.00000000,26.18333333,1,5,5,1.20000000,8788.00000000,11912.00000000,198,454.94589433,0.22092059,0.25154683,35,1.33672820,0.85714286,-835.00000000,-924.00000000,-17.00000000,0,warmup,,,,,
pg-4607eb5322bb230d,ESPORTSTMNT02_2963861,2022-09-01T23:56:38,2022-09-01,2023,Unknown,0,12.15,Red,oe:team:685ec10929b61b7e3c50cc97d5883e2,Fantasy Gaming,name-team-1b69eb0f94bfaf84,Lightning Esports,oe:player:fcc07158efd9ad098678e01721c2a9e,LupinoBate,sup,Braum,oe:player:2eb2a12f1608b0150cc7050b061bc83,Lulu,sup:Braum,lineup-ed979fa5fb6338b3,0,1571.00000000,26.18333333,0,7,3,0.42857143,5210.00000000,3440.00000000,33,131.38128581,0.13097363,0.07264280,45,1.71865054,0.42857143,-850.00000000,-844.00000000,17.00000000,0,warmup,,,,,
pg-d75ead0b1db4fbdb,ESPORTSTMNT02_2963861,2022-09-01T23:56:38,2022-09-01,2023,Unknown,0,12.15,Red,oe:team:685ec10929b61b7e3c50cc97d5883e2,Fantasy Gaming,name-team-1b69eb0f94bfaf84,Lightning Esports,oe:player:f43fe5752d4eb64cab58c333d3d0380,Raglem,top,Ornn,name-player-6d6b6239162876cf,Sejuani,top:Ornn,lineup-ed979fa5fb6338b3,0,1571.00000000,26.18333333,1,7,4,0.71428571,8056.00000000,13211.00000000,177,504.55760662,0.20251892,0.27897793,13,0.49649905,0.71428571,-1013.00000000,-1041.00000000,3.00000000,0,warmup,,,,,
pg-5adfb5488367852e,ESPORTSTMNT02_2963875,2022-09-02T00:56:21,2022-09-02,2023,Unknown,0,12.15,Blue,name-team-1b69eb0f94bfaf84,Lightning Esports,oe:team:685ec10929b61b7e3c50cc97d5883e2,Fantasy Gaming,name-player-5de3e981792904c2,LIT Mooncake,bot,Tristana,oe:player:5223ac472795c0d9aaa42c6cba79e3c,Seraphine,bot:Tristana,lineup-f98ddcf3ee17a24d,1,1296.00000000,21.60000000,7,0,6,13.00000000,11069.00000000,10489.00000000,142,485.60185185,0.22115000,0.19166393,36,1.66666667,0.44827586,2518.00000000,225.00000000,-5.00000000,0,warmup,,,,,
pg-f2bb7bcd83364200,ESPORTSTMNT02_2963875,2022-09-02T00:56:21,2022-09-02,2023,Unknown,0,12.15,Blue,name-team-1b69eb0f94bfaf84,Lightning Esports,oe:team:685ec10929b61b7e3c50cc97d5883e2,Fantasy Gaming,oe:player:5b4335a3832ac5a3bb3d24f8bb8687c,ByFalco,jng,Diana,oe:player:3ef0dd9c69ba24d9597ea61657a3e2c,Xin Zhao,jng:Diana,lineup-f98ddcf3ee17a24d,1,1296.00000000,21.60000000,5,2,13,9.00000000,10644.00000000,11980.00000000,160,554.62962963,0.21265883,0.21890875,17,0.78703704,0.62068966,1752.00000000,1441.00000000,45.00000000,0,warmup,,,,,
pg-d83707356e1fb279,ESPORTSTMNT02_2963875,2022-09-02T00:56:21,2022-09-02,2023,Unknown,0,12.15,Blue,name-team-1b69eb0f94bfaf84,Lightning Esports,oe:team:685ec10929b61b7e3c50cc97d5883e2,Fantasy Gaming,oe:player:b90df8937f33cd7f3d559a1f384d2c7,Uparela,mid,Viego,oe:player:dbb3bcc9c74595639690cb0160a40ec,Yasuo,mid:Viego,lineup-f98ddcf3ee17a24d,1,1296.00000000,21.60000000,6,1,12,18.00000000,10483.00000000,9633.00000000,151,445.97222222,0.20944218,0.17602237,19,0.87962963,0.62068966,174.00000000,659.00000000,-2.00000000,0,warmup,,,,,
pg-72c449d42f43a55c,ESPORTSTMNT02_2963875,2022-09-02T00:56:21,2022-09-02,2023,Unknown,0,12.15,Blue,name-team-1b69eb0f94bfaf84,Lightning Esports,oe:team:685ec10929b61b7e3c50cc97d5883e2,Fantasy Gaming,oe:player:2eb2a12f1608b0150cc7050b061bc83,khaN,sup,Nautilus,oe:player:fcc07158efd9ad098678e01721c2a9e,Renata Glasc,sup:Nautilus,lineup-f98ddcf3ee17a24d,1,1296.00000000,21.60000000,0,2,16,8.00000000,6141.00000000,3411.00000000,31,157.91666667,0.12269240,0.06232869,34,1.57407407,0.55172414,162.00000000,619.00000000,-3.00000000,0,warmup,,,,,
pg-33d64579de4dcbac,ESPORTSTMNT02_2963875,2022-09-02T00:56:21,2022-09-02,2023,Unknown,0,12.15,Blue,name-team-1b69eb0f94bfaf84,Lightning Esports,oe:team:685ec10929b61b7e3c50cc97d5883e2,Fantasy Gaming,name-player-6d6b6239162876cf,LIT Dupl0,top,Sylas,oe:player:f43fe5752d4eb64cab58c333d3d0380,Malphite,top:Sylas,lineup-f98ddcf3ee17a24d,1,1296.00000000,21.60000000,11,1,10,21.00000000,11715.00000000,19213.00000000,160,889.49074074,0.23405658,0.35107627,26,1.20370370,0.72413793,2011.00000000,1011.00000000,29.00000000,0,warmup,,,,,
pg-b31b3c97920a3371,ESPORTSTMNT02_2963875,2022-09-02T00:56:21,2022-09-02,2023,Unknown,0,12.15,Red,oe:team:685ec10929b61b7e3c50cc97d5883e2,Fantasy Gaming,name-team-1b69eb0f94bfaf84,Lightning Esports,oe:player:5223ac472795c0d9aaa42c6cba79e3c,Akyro,bot,Seraphine,name-player-5de3e981792904c2,Tristana,bot:Seraphine,lineup-ed979fa5fb6338b3,0,1296.00000000,21.60000000,0,6,4,0.66666667,5971.00000000,10620.00000000,134,491.66666667,0.18906339,0.27209839,18,0.83333333,0.66666667,-2518.00000000,-225.00000000,5.00000000,0,warmup,,,,,
pg-3060f90bfad91a07,ESPORTSTMNT02_2963875,2022-09-02T00:56:21,2022-09-02,2023,Unknown,0,12.15,Red,oe:team:685ec10929b61b7e3c50cc97d5883e2,Fantasy Gaming,name-team-1b69eb0f94bfaf84,Lightning Esports,oe:player:3ef0dd9c69ba24d9597ea61657a3e2c,Guidoxi,jng,Xin Zhao,oe:player:5b4335a3832ac5a3bb3d24f8bb8687c,Diana,jng:Xin Zhao,lineup-ed979fa5fb6338b3,0,1296.00000000,21.60000000,3,7,2,0.71428571,6529.00000000,9332.00000000,90,432.03703704,0.20673168,0.23909813,20,0.92592593,0.83333333,-1752.00000000,-1441.00000000,-45.00000000,0,warmup,,,,,
pg-935753b5cd728461,ESPORTSTMNT02_2963875,2022-09-02T00:56:21,2022-09-02,2023,Unknown,0,12.15,Red,oe:team:685ec10929b61b7e3c50cc97d5883e2,Fantasy Gaming,name-team-1b69eb0f94bfaf84,Lightning Esports,oe:player:dbb3bcc9c74595639690cb0160a40ec,San,mid,Yasuo,oe:player:b90df8937f33cd7f3d559a1f384d2c7,Viego,mid:Yasuo,lineup-ed979fa5fb6338b3,0,1296.00000000,21.60000000,2,6,3,0.83333333,8324.00000000,8385.00000000,165,388.19444444,0.26356786,0.21483474,12,0.55555556,0.83333333,-174.00000000,-659.00000000,2.00000000,0,warmup,,,,,
pg-126cf693f2555aee,ESPORTSTMNT02_2963875,2022-09-02T00:56:21,2022-09-02,2023,Unknown,0,12.15,Red,oe:team:685ec10929b61b7e3c50cc97d5883e2,Fantasy Gaming,name-team-1b69eb0f94bfaf84,Lightning Esports,oe:player:fcc07158efd9ad098678e01721c2a9e,LupinoBate,sup,Renata Glasc,oe:player:2eb2a12f1608b0150cc7050b061bc83,Nautilus,sup:Renata Glasc,lineup-ed979fa5fb6338b3,0,1296.00000000,21.60000000,0,4,4,1.00000000,4846.00000000,3512.00000000,34,162.59259259,0.15344183,0.08998207,28,1.29629630,0.66666667,-162.00000000,-619.00000000,3.00000000,0,warmup,,,,,
pg-b5765089a1c6b269,ESPORTSTMNT02_2963875,2022-09-02T00:56:21,2022-09-02,2023,Unknown,0,12.15,Red,oe:team:685ec10929b61b7e3c50cc97d5883e2,Fantasy Gaming,name-team-1b69eb0f94bfaf84,Lightning Esports,oe:player:f43fe5752d4eb64cab58c333d3d0380,Raglem,top,Malphite,name-player-6d6b6239162876cf,Sylas,top:Malphite,lineup-ed979fa5fb6338b3,0,1296.00000000,21.60000000,1,6,1,0.33333333,5912.00000000,7181.00000000,117,332.45370370,0.18719524,0.18398668,9,0.41666667,0.33333333,-2011.00000000,-1011.00000000,-29.00000000,0,warmup,,,,,
pg-8972e951955d0e6b,ESPORTSTMNT03_3086260,2023-01-20T00:03:04,2023-01-20,2023,Unknown,0,13.01,Blue,oe:team:ca619ab78f35d18f498c11f812542e0,Cremas Esports,oe:team:32c3055d495d91676e208b0c8997536,Incubus,oe:player:32dc07c1aa7fd284d0185619c6f9711,AlienBoy,bot,Xayah,oe:player:eb333519188c5ee6b2cc6d9bf74709f,Miss Fortune,bot:Xayah,lineup-2b43dc05c5f90b7d,0,2526.00000000,42.10000000,6,6,9,2.50000000,17687.00000000,34522.00000000,339,820.00000000,0.22440875,0.29350201,70,1.66270784,0.65217391,611.00000000,-76.00000000,7.00000000,0,warmup,,,,,
pg-4b2495fb6d618cbf,ESPORTSTMNT03_3086260,2023-01-20T00:03:04,2023-01-20,2023,Unknown,0,13.01,Blue,oe:team:ca619ab78f35d18f498c11f812542e0,Cremas Esports,oe:team:32c3055d495d91676e208b0c8997536,Incubus,oe:player:fac747e9c68a89da88dad294bf5ed51,Annataqui,jng,Wukong,oe:player:e48399fc3f73709f52da476693e76ac,Jarvan IV,jng:Wukong,lineup-2b43dc05c5f90b7d,0,2526.00000000,42.10000000,6,5,6,2.40000000,14923.00000000,18461.00000000,186,438.50356295,0.18933973,0.15695327,72,1.71021378,0.52173913,894.00000000,-699.00000000,1.00000000,0,warmup,,,,,
pg-36b876ac4f61bd0e,ESPORTSTMNT03_3086260,2023-01-20T00:03:04,2023-01-20,2023,Unknown,0,13.01,Blue,oe:team:ca619ab78f35d18f498c11f812542e0,Cremas Esports,oe:team:32c3055d495d91676e208b0c8997536,Incubus,oe:player:cdfb3072efbda7fd96b432e865f0e55,Galeon,mid,Ryze,oe:player:5323274d1d895fb72872217f95701c6,Kassadin,mid:Ryze,lineup-2b43dc05c5f90b7d,0,2526.00000000,42.10000000,3,7,9,1.71428571,16429.00000000,30274.00000000,322,719.09738717,0.20844752,0.25738601,54,1.28266033,0.52173913,174.00000000,25.00000000,-12.00000000,0,warmup,,,,,
pg-7c77453907dc2db3,ESPORTSTMNT03_3086260,2023-01-20T00:03:04,2023-01-20,2023,Unknown,0,13.01,Blue,oe:team:ca619ab78f35d18f498c11f812542e0,Cremas Esports,oe:team:32c3055d495d91676e208b0c8997536,Incubus,oe:player:2eb2a12f1608b0150cc7050b061bc83,khaN,sup,Lulu,oe:player:1a78e472bae7d14a62db8e30ea6cfd9,Thresh,sup:Lulu,lineup-2b43dc05c5f90b7d,0,2526.00000000,42.10000000,2,5,14,3.20000000,11018.00000000,4112.00000000,12,97.67220903,0.13979395,0.03495974,100,2.37529691,0.69565217,-36.00000000,1259.00000000,-17.00000000,0,warmup,,,,,
pg-0e67019df57e82f2,ESPORTSTMNT03_3086260,2023-01-20T00:03:04,2023-01-20,2023,Unknown,0,13.01,Blue,oe:team:ca619ab78f35d18f498c11f812542e0,Cremas Esports,oe:team:32c3055d495d91676e208b0c8997536,Incubus,oe:player:a9e2d00e60f059e223d82301a50182c,Abaddon,top,Renekton,oe:player:54861efdd06fc309e1c9a420feff98e,Yone,top:Renekton,lineup-2b43dc05c5f90b7d,0,2526.00000000,42.10000000,6,5,5,2.20000000,18759.00000000,30252.00000000,305,718.57482185,0.23801005,0.25719897,40,0.95011876,0.47826087,1299.00000000,489.00000000,-14.00000000,0,warmup,,,,,
pg-3bebbc7ca665b761,ESPORTSTMNT03_3086260,2023-01-20T00:03:04,2023-01-20,2023,Unknown,0,13.01,Red,oe:team:32c3055d495d91676e208b0c8997536,Incubus,oe:team:ca619ab78f35d18f498c11f812542e0,Cremas Esports,oe:player:eb333519188c5ee6b2cc6d9bf74709f,Letoñe,bot,Miss Fortune,oe:player:32dc07c1aa7fd284d0185619c6f9711,Xayah,bot:Miss Fortune,lineup-777a11504123ca89,1,2526.00000000,42.10000000,4,6,14,3.00000000,16838.00000000,29118.00000000,332,691.63895487,0.20344840,0.22865803,35,0.83135392,0.64285714,-611.00000000,76.00000000,-7.00000000,0,warmup,,,,,
pg-0c495ab14d5c0a8d,ESPORTSTMNT03_3086260,2023-01-20T00:03:04,2023-01-20,2023,Unknown,0,13.01,Red,oe:team:32c3055d495d91676e208b0c8997536,Incubus,oe:team:ca619ab78f35d18f498c11f812542e0,Cremas Esports,oe:player:e48399fc3f73709f52da476693e76ac,Shall,jng,Jarvan IV,oe:player:fac747e9c68a89da88dad294bf5ed51,Wukong,jng:Jarvan IV,lineup-777a11504123ca89,1,2526.00000000,42.10000000,5,8,20,3.12500000,14260.00000000,16430.00000000,191,390.26128266,0.17229922,0.12902162,70,1.66270784,0.89285714,-894.00000000,699.00000000,-1.00000000,0,warmup,,,,,
pg-5d9de7971cfffc36,ESPORTSTMNT03_3086260,2023-01-20T00:03:04,2023-01-20,2023,Unknown,0,13.01,Red,oe:team:32c3055d495d91676e208b0c8997536,Incubus,oe:team:ca619ab78f35d18f498c11f812542e0,Cremas Esports,oe:player:5323274d1d895fb72872217f95701c6,Dinastik,mid,Kassadin,oe:player:cdfb3072efbda7fd96b432e865f0e55,Ryze,mid:Kassadin,lineup-777a11504123ca89,1,2526.00000000,42.10000000,7,2,11,9.00000000,19853.00000000,42348.00000000,416,1005.89073634,0.23987772,0.33255067,33,0.78384798,0.64285714,-174.00000000,-25.00000000,12.00000000,0,warmup,,,,,
pg-1b0b187f3898f956,ESPORTSTMNT03_3086260,2023-01-20T00:03:04,2023-01-20,2023,Unknown,0,13.01,Red,oe:team:32c3055d495d91676e208b0c8997536,Incubus,oe:team:ca619ab78f35d18f498c11f812542e0,Cremas Esports,oe:player:1a78e472bae7d14a62db8e30ea6cfd9,Ceviche,sup,Thresh,oe:player:2eb2a12f1608b0150cc7050b061bc83,Lulu,sup:Thresh,lineup-777a11504123ca89,1,2526.00000000,42.10000000,2,4,19,5.25000000,10205.00000000,7825.00000000,50,185.86698337,0.12330389,0.06144821,129,3.06413302,0.75000000,36.00000000,-1259.00000000,17.00000000,0,warmup,,,,,
pg-e24c6a2b01f310c9,ESPORTSTMNT03_3086260,2023-01-20T00:03:04,2023-01-20,2023,Unknown,0,13.01,Red,oe:team:32c3055d495d91676e208b0c8997536,Incubus,oe:team:ca619ab78f35d18f498c11f812542e0,Cremas Esports,oe:player:54861efdd06fc309e1c9a420feff98e,Scenario,top,Yone,oe:player:a9e2d00e60f059e223d82301a50182c,Renekton,top:Yone,lineup-777a11504123ca89,1,2526.00000000,42.10000000,10,3,10,6.66666667,21607.00000000,31622.00000000,442,751.11638955,0.26107077,0.24832146,67,1.59144893,0.71428571,-1299.00000000,-489.00000000,14.00000000,0,warmup,,,,,
pg-ca2a8d40d58b3ca7,ESPORTSTMNT03_3086271,2023-01-20T01:12:44,2023-01-20,2023,Unknown,0,13.01,Blue,oe:team:ca619ab78f35d18f498c11f812542e0,Cremas Esports,oe:team:32c3055d495d91676e208b0c8997536,Incubus,oe:player:32dc07c1aa7fd284d0185619c6f9711,AlienBoy,bot,Lucian,oe:player:eb333519188c5ee6b2cc6d9bf74709f,Miss Fortune,bot:Lucian,lineup-f1047a29f861049d,1,1675.00000000,27.91666667,4,1,8,12.00000000,12406.00000000,17450.00000000,237,625.07462687,0.23629126,0.25553164,35,1.25373134,0.75000000,670.00000000,951.00000000,16.00000000,0,warmup,,,,,
pg-7a96816b8eb2ea1d,ESPORTSTMNT03_3086271,2023-01-20T01:12:44,2023-01-20,2023,Unknown,0,13.01,Blue,oe:team:ca619ab78f35d18f498c11f812542e0,Cremas Esports,oe:team:32c3055d495d91676e208b0c8997536,Incubus,oe:player:fac747e9c68a89da88dad294bf5ed51,Annataqui,jng,Zac,oe:player:e48399fc3f73709f52da476693e76ac,Lee Sin,jng:Zac,lineup-f1047a29f861049d,1,1675.00000000,27.91666667,1,0,10,11.00000000,9066.00000000,9863.00000000,141,353.30149254,0.17267585,0.14443029,43,1.54029851,0.68750000,-808.00000000,-575.00000000,-3.00000000,0,warmup,,,,,
pg-19ce6d2a45c7f4f4,ESPORTSTMNT03_3086271,2023-01-20T01:12:44,2023-01-20,2023,Unknown,0,13.01,Blue,oe:team:ca619ab78f35d18f498c11f812542e0,Cremas Esports,oe:team:32c3055d495d91676e208b0c8997536,Incubus,oe:player:b6fe055bfad88e328abe3fbbf21a33c,Overload,mid,Ryze,oe:player:5323274d1d895fb72872217f95701c6,Akali,mid:Ryze,lineup-f1047a29f861049d,1,1675.00000000,27.91666667,5,2,3,4.00000000,12479.00000000,16224.00000000,266,581.15820896,0.23768166,0.23757853,38,1.36119403,0.50000000,-36.00000000,173.00000000,0.00000000,0,warmup,,,,,
pg-831355b4ad01e960,ESPORTSTMNT03_3086271,2023-01-20T01:12:44,2023-01-20,2023,Unknown,0,13.01,Blue,oe:team:ca619ab78f35d18f498c11f812542e0,Cremas Esports,oe:team:32c3055d495d91676e208b0c8997536,Incubus,oe:player:2eb2a12f1608b0150cc7050b061bc83,khaN,sup,Nami,oe:player:1a78e472bae7d14a62db8e30ea6cfd9,Lulu,sup:Nami,lineup-f1047a29f861049d,1,1675.00000000,27.91666667,1,3,12,4.33333333,7243.00000000,5055.00000000,15,181.07462687,0.13795402,0.07402363,68,2.43582090,0.81250000,206.00000000,397.00000000,-2.00000000,0,warmup,,,,,
pg-c9c3e69475008042,ESPORTSTMNT03_3086271,2023-01-20T01:12:44,2023-01-20,2023,Unknown,0,13.01,Blue,oe:team:ca619ab78f35d18f498c11f812542e0,Cremas Esports,oe:team:32c3055d495d91676e208b0c8997536,Incubus,oe:player:a9e2d00e60f059e223d82301a50182c,Abaddon,top,Gnar,oe:player:54861efdd06fc309e1c9a420feff98e,Yone,top:Gnar,lineup-f1047a29f861049d,1,1675.00000000,27.91666667,5,2,6,5.50000000,11309.00000000,19697.00000000,194,705.56417910,0.21539722,0.28843591,32,1.14626866,0.68750000,-432.00000000,107.00000000,-35.00000000,0,warmup,,,,,
pg-e0f0d9a5a12c86a8,ESPORTSTMNT03_3086271,2023-01-20T01:12:44,2023-01-20,2023,Unknown,0,13.01,Red,oe:team:32c3055d495d91676e208b0c8997536,Incubus,oe:team:ca619ab78f35d18f498c11f812542e0,Cremas Esports,oe:player:eb333519188c5ee6b2cc6d9bf74709f,Letoñe,bot,Miss Fortune,oe:player:32dc07c1aa7fd284d0185619c6f9711,Lucian,bot:Miss Fortune,lineup-777a11504123ca89,0,1675.00000000,27.91666667,0,2,2,1.00000000,8557.00000000,7975.00000000,194,285.67164179,0.19053239,0.14519271,21,0.75223881,0.25000000,-670.00000000,-951.00000000,-16.00000000,0,warmup,,,,,
pg-fb363f888f3a643d,ESPORTSTMNT03_3086271,2023-01-20T01:12:44,2023-01-20,2023,Unknown,0,13.01,Red,oe:team:32c3055d495d91676e208b0c8997536,Incubus,oe:team:ca619ab78f35d18f498c11f812542e0,Cremas Esports,oe:player:e48399fc3f73709f52da476693e76ac,Shall,jng,Lee Sin,oe:player:fac747e9c68a89da88dad294bf5ed51,Zac,jng:Lee Sin,lineup-777a11504123ca89,0,1675.00000000,27.91666667,1,4,6,1.75000000,8858.00000000,9908.00000000,166,354.91343284,0.19723453,0.18038487,31,1.11044776,0.87500000,808.00000000,575.00000000,3.00000000,0,warmup,,,,,
pg-6dfdd60bb71e185e,ESPORTSTMNT03_3086271,2023-01-20T01:12:44,2023-01-20,2023,Unknown,0,13.01,Red,oe:team:32c3055d495d91676e208b0c8997536,Incubus,oe:team:ca619ab78f35d18f498c11f812542e0,Cremas Esports,oe:player:5323274d1d895fb72872217f95701c6,Dinastik,mid,Akali,oe:player:b6fe055bfad88e328abe3fbbf21a33c,Ryze,mid:Akali,lineup-777a11504123ca89,0,1675.00000000,27.91666667,5,2,1,3.00000000,10641.00000000,16089.00000000,235,576.32238806,0.23693527,0.29291605,17,0.60895522,0.75000000,36.00000000,-173.00000000,0.00000000,0,warmup,,,,,
pg-f03ad712b3fe47db,ESPORTSTMNT03_3086271,2023-01-20T01:12:44,2023-01-20,2023,Unknown,0,13.01,Red,oe:team:32c3055d495d91676e208b0c8997536,Incubus,oe:team:ca619ab78f35d18f498c11f812542e0,Cremas Esports,oe:player:1a78e472bae7d14a62db8e30ea6cfd9,Ceviche,sup,Lulu,oe:player:2eb2a12f1608b0150cc7050b061bc83,Nami,sup:Lulu,lineup-777a11504123ca89,0,1675.00000000,27.91666667,0,4,6,1.50000000,5931.00000000,4296.00000000,20,153.88656716,0.13206119,0.07821290,65,2.32835821,0.75000000,-206.00000000,-397.00000000,2.00000000,0,warmup,,,,,
pg-7949da7f368842ec,ESPORTSTMNT03_3086271,2023-01-20T01:12:44,2023-01-20,2023,Unknown,0,13.01,Red,oe:team:32c3055d495d91676e208b0c8997536,Incubus,oe:team:ca619ab78f35d18f498c11f812542e0,Cremas Esports,oe:player:54861efdd06fc309e1c9a420feff98e,Scenario,top,Yone,oe:player:a9e2d00e60f059e223d82301a50182c,Gnar,top:Yone,lineup-777a11504123ca89,0,1675.00000000,27.91666667,2,4,4,1.50000000,10924.00000000,16659.00000000,243,596.74029851,0.24323662,0.30329346,46,1.64776119,0.75000000,432.00000000,-107.00000000,35.00000000,0,warmup,,,,,
pg-a7656a3491fde54a,ESPORTSTMNT03_3088303,2023-01-20T02:13:11,2023-01-20,2023,Unknown,0,13.01,Blue,oe:team:df70cf5eb04453059ae5a4e4e30a392,Mad Kings,oe:team:920c52a8d7dbd6f216f9e59b825abc8,Antares Esports,oe:player:c59f2a6c6e7227a313b6d215f5fb153,Snoopy,bot,Varus,oe:player:ffac14a6607a6bd8d49177cf8f8be81,Sivir,bot:Varus,lineup-27687416f41f7c75,1,2168.00000000,36.13333333,1,2,7,4.00000000,13063.00000000,17224.00000000,325,476.67896679,0.21617462,0.28711931,30,0.83025830,0.72727273,-120.00000000,-594.00000000,0.00000000,0,warmup,,,,,
pg-a1130d6c26727e25,ESPORTSTMNT03_3088303,2023-01-20T02:13:11,2023-01-20,2023,Unknown,0,13.01,Blue,oe:team:df70cf5eb04453059ae5a4e4e30a392,Mad Kings,oe:team:920c52a8d7dbd6f216f9e59b825abc8,Antares Esports,oe:player:914517b9be0b39cd64e61a8f3284995,Yoyomax,jng,Wukong,oe:player:89faa52485aadb6d1181384f88d2001,Vi,jng:Wukong,lineup-27687416f41f7c75,1,2168.00000000,36.13333333,4,4,6,2.50000000,11886.00000000,8470.00000000,172,234.40959410,0.19669690,0.14119255,46,1.27306273,0.90909091,223.00000000,-241.00000000,-10.00000000,0,warmup,,,,,
pg-9caddfff6afb36e8,ESPORTSTMNT03_3088303,2023-01-20T02:13:11,2023-01-20,2023,Unknown,0,13.01,Blue,oe:team:df70cf5eb04453059ae5a4e4e30a392,Mad Kings,oe:team:920c52a8d7dbd6f216f9e59b825abc8,Antares Esports,oe:player:24a97b1b1e5d51b77443b684844af57,Alex Mercer,mid,Galio,oe:player:f9b5b8411d091894ce57cd1f60a43e5,Syndra,mid:Galio,lineup-27687416f41f7c75,1,2168.00000000,36.13333333,2,1,7,9.00000000,12999.00000000,13151.00000000,262,363.95756458,0.21511551,0.21922352,28,0.77490775,0.81818182,-551.00000000,-491.00000000,9.00000000,0,warmup,,,,,
pg-c185bc75d9edf2a5,ESPORTSTMNT03_3088303,2023-01-20T02:13:11,2023-01-20,2023,Unknown,0,13.01,Blue,oe:team:df70cf5eb04453059ae5a4e4e30a392,Mad Kings,oe:team:920c52a8d7dbd6f216f9e59b825abc8,Antares Esports,oe:player:c62419314cffbc6e4f3a9b5304e3ddb,Melody,sup,Heimerdinger,oe:player:82149ecaf276ed04da8783eeffb2ac0,Karma,sup:Heimerdinger,lineup-27687416f41f7c75,1,2168.00000000,36.13333333,0,0,8,8.00000000,7993.00000000,6541.00000000,41,181.02398524,0.13227312,0.10903666,83,2.29704797,0.72727273,167.00000000,227.00000000,0.00000000,0,warmup,,,,,
pg-6c9f047bf6aa7cf2,ESPORTSTMNT03_3088303,2023-01-20T02:13:11,2023-01-20,2023,Unknown,0,13.01,Blue,oe:team:df70cf5eb04453059ae5a4e4e30a392,Mad Kings,oe:team:920c52a8d7dbd6f216f9e59b825abc8,Antares Esports,oe:player:7ec4aff3394361255ecfe13ca99b994,Siicked,top,Renekton,oe:player:4fa807dbb2b3e07b6eacded6065c8f9,Gnar,top:Renekton,lineup-27687416f41f7c75,1,2168.00000000,36.13333333,4,2,5,4.50000000,14487.00000000,14603.00000000,310,404.14206642,0.23973986,0.24342796,57,1.57749077,0.81818182,1089.00000000,488.00000000,25.00000000,0,warmup,,,,,
pg-d3b6592f0d055703,ESPORTSTMNT03_3088303,2023-01-20T02:13:11,2023-01-20,2023,Unknown,0,13.01,Red,oe:team:920c52a8d7dbd6f216f9e59b825abc8,Antares Esports,oe:team:df70cf5eb04453059ae5a4e4e30a392,Mad Kings,oe:player:ffac14a6607a6bd8d49177cf8f8be81,Zeldris,bot,Sivir,oe:player:c59f2a6c6e7227a313b6d215f5fb153,Varus,bot:Sivir,lineup-dfd6f3a2fa03d727,0,2168.00000000,36.13333333,2,1,5,7.00000000,14693.00000000,26322.00000000,352,728.46863469,0.25284370,0.33321096,33,0.91328413,0.77777778,120.00000000,594.00000000,0.00000000,0,warmup,,,,,
pg-12db944d483d712b,ESPORTSTMNT03_3088303,2023-01-20T02:13:11,2023-01-20,2023,Unknown,0,13.01,Red,oe:team:920c52a8d7dbd6f216f9e59b825abc8,Antares Esports,oe:team:df70cf5eb04453059ae5a4e4e30a392,Mad Kings,oe:player:89faa52485aadb6d1181384f88d2001,Encounters,jng,Vi,oe:player:914517b9be0b39cd64e61a8f3284995,Wukong,jng:Vi,lineup-dfd6f3a2fa03d727,0,2168.00000000,36.13333333,0,3,7,2.33333333,10236.00000000,6514.00000000,168,180.27675277,0.17614565,0.08246092,66,1.82656827,0.77777778,-223.00000000,241.00000000,10.00000000,0,warmup,,,,,
pg-8f6973d7715d8fb7,ESPORTSTMNT03_3088303,2023-01-20T02:13:11,2023-01-20,2023,Unknown,0,13.01,Red,oe:team:920c52a8d7dbd6f216f9e59b825abc8,Antares Esports,oe:team:df70cf5eb04453059ae5a4e4e30a392,Mad Kings,oe:player:f9b5b8411d091894ce57cd1f60a43e5,Superbia,mid,Syndra,oe:player:24a97b1b1e5d51b77443b684844af57,Galio,mid:Syndra,lineup-dfd6f3a2fa03d727,0,2168.00000000,36.13333333,3,1,4,7.00000000,13056.00000000,22089.00000000,244,611.31918819,0.22467347,0.27962529,31,0.85793358,0.77777778,551.00000000,491.00000000,-9.00000000,0,warmup,,,,,
pg-c0a9681ee5098f25,ESPORTSTMNT03_3088303,2023-01-20T02:13:11,2023-01-20,2023,Unknown,0,13.01,Red,oe:team:920c52a8d7dbd6f216f9e59b825abc8,Antares Esports,oe:team:df70cf5eb04453059ae5a4e4e30a392,Mad Kings,oe:player:82149ecaf276ed04da8783eeffb2ac0,Jagger,sup,Karma,oe:player:c62419314cffbc6e4f3a9b5304e3ddb,Heimerdinger,sup:Karma,lineup-dfd6f3a2fa03d727,0,2168.00000000,36.13333333,1,2,4,2.50000000,7647.00000000,4225.00000000,27,116.92804428,0.13159299,0.05348440,85,2.35239852,0.55555556,-167.00000000,-227.00000000,0.00000000,0,warmup,,,,,
pg-183aa616f4403e8d,ESPORTSTMNT03_3088303,2023-01-20T02:13:11,2023-01-20,2023,Unknown,0,13.01,Red,oe:team:920c52a8d7dbd6f216f9e59b825abc8,Antares Esports,oe:team:df70cf5eb04453059ae5a4e4e30a392,Mad Kings,oe:player:4fa807dbb2b3e07b6eacded6065c8f9,Bingus,top,Gnar,oe:player:7ec4aff3394361255ecfe13ca99b994,Renekton,top:Gnar,lineup-dfd6f3a2fa03d727,0,2168.00000000,36.13333333,3,4,4,1.75000000,12479.00000000,19845.00000000,253,549.21586716,0.21474420,0.25121843,38,1.05166052,0.77777778,-1089.00000000,-488.00000000,-25.00000000,0,warmup,,,,,
pg-7008d7cb02ed54bf,ESPORTSTMNT03_3087307,2023-01-20T03:22:47,2023-01-20,2023,Unknown,0,13.01,Blue,oe:team:df70cf5eb04453059ae5a4e4e30a392,Mad Kings,oe:team:920c52a8d7dbd6f216f9e59b825abc8,Antares Esports,oe:player:c59f2a6c6e7227a313b6d215f5fb153,Snoopy,bot,Lucian,oe:player:ffac14a6607a6bd8d49177cf8f8be81,Zeri,bot:Lucian,lineup-27687416f41f7c75,1,1634.00000000,27.23333333,3,0,8,11.00000000,12040.00000000,19071.00000000,221,700.28151775,0.23153401,0.30527276,34,1.24847001,0.73333333,715.00000000,137.00000000,-1.00000000,0,warmup,,,,,
pg-111d5f7cbdd68852,ESPORTSTMNT03_3087307,2023-01-20T03:22:47,2023-01-20,2023,Unknown,0,13.01,Blue,oe:team:df70cf5eb04453059ae5a4e4e30a392,Mad Kings,oe:team:920c52a8d7dbd6f216f9e59b825abc8,Antares Esports,oe:player:914517b9be0b39cd64e61a8f3284995,Yoyomax,jng,Vi,oe:player:89faa52485aadb6d1181384f88d2001,Sejuani,jng:Vi,lineup-27687416f41f7c75,1,1634.00000000,27.23333333,1,2,9,5.00000000,9711.00000000,5755.00000000,141,211.32190942,0.18674641,0.09212127,22,0.80783354,0.66666667,444.00000000,-430.00000000,-2.00000000,0,warmup,,,,,
pg-f8580cbfb5836bc9,ESPORTSTMNT03_3087307,2023-01-20T03:22:47,2023-01-20,2023,Unknown,0,13.01,Blue,oe:team:df70cf5eb04453059ae5a4e4e30a392,Mad Kings,oe:team:920c52a8d7dbd6f216f9e59b825abc8,Antares Esports,oe:player:24a97b1b1e5d51b77443b684844af57,Alex Mercer,mid,Mordekaiser,oe:player:f9b5b8411d091894ce57cd1f60a43e5,Lissandra,mid:Mordekaiser,lineup-27687416f41f7c75,1,1634.00000000,27.23333333,7,0,3,10.00000000,12438.00000000,14258.00000000,223,523.54957160,0.23918771,0.22823025,33,1.21175031,0.66666667,1308.00000000,1326.00000000,13.00000000,0,warmup,,,,,
pg-fa8e387adcdf651e,ESPORTSTMNT03_3087307,2023-01-20T03:22:47,2023-01-20,2023,Unknown,0,13.01,Blue,oe:team:df70cf5eb04453059ae5a4e4e30a392,Mad Kings,oe:team:920c52a8d7dbd6f216f9e59b825abc8,Antares Esports,oe:player:c62419314cffbc6e4f3a9b5304e3ddb,Melody,sup,Nami,oe:player:82149ecaf276ed04da8783eeffb2ac0,Lulu,sup:Nami,lineup-27687416f41f7c75,1,1634.00000000,27.23333333,1,0,10,11.00000000,7518.00000000,5146.00000000,13,188.95960832,0.14457414,0.08237290,59,2.16646267,0.73333333,491.00000000,465.00000000,-14.00000000,0,warmup,,,,,
pg-57e64bdd8899abe1,ESPORTSTMNT03_3087307,2023-01-20T03:22:47,2023-01-20,2023,Unknown,0,13.01,Blue,oe:team:df70cf5eb04453059ae5a4e4e30a392,Mad Kings,oe:team:920c52a8d7dbd6f216f9e59b825abc8,Antares Esports,oe:player:7ec4aff3394361255ecfe13ca99b994,Siicked,top,Gwen,oe:player:4fa807dbb2b3e07b6eacded6065c8f9,Aatrox,top:Gwen,lineup-27687416f41f7c75,1,1634.00000000,27.23333333,3,0,7,10.00000000,10294.00000000,18242.00000000,185,669.84088127,0.19795773,0.29200282,31,1.13831089,0.66666667,237.00000000,-189.00000000,7.00000000,0,warmup,,,,,
pg-8d8c75292f5a6ed9,ESPORTSTMNT03_3087307,2023-01-20T03:22:47,2023-01-20,2023,Unknown,0,13.01,Red,oe:team:920c52a8d7dbd6f216f9e59b825abc8,Antares Esports,oe:team:df70cf5eb04453059ae5a4e4e30a392,Mad Kings,oe:player:ffac14a6607a6bd8d49177cf8f8be81,Zeldris,bot,Zeri,oe:player:c59f2a6c6e7227a313b6d215f5fb153,Lucian,bot:Zeri,lineup-dfd6f3a2fa03d727,0,1634.00000000,27.23333333,0,3,1,0.33333333,8489.00000000,9839.00000000,212,361.28518972,0.22370085,0.23244112,22,0.80783354,0.50000000,-715.00000000,-137.00000000,1.00000000,0,warmup,,,,,
pg-0295b4f26679b628,ESPORTSTMNT03_3087307,2023-01-20T03:22:47,2023-01-20,2023,Unknown,0,13.01,Red,oe:team:920c52a8d7dbd6f216f9e59b825abc8,Antares Esports,oe:team:df70cf5eb04453059ae5a4e4e30a392,Mad Kings,oe:player:89faa52485aadb6d1181384f88d2001,Encounters,jng,Sejuani,oe:player:914517b9be0b39cd64e61a8f3284995,Vi,jng:Sejuani,lineup-dfd6f3a2fa03d727,0,1634.00000000,27.23333333,0,2,2,1.00000000,7309.00000000,9012.00000000,142,330.91799266,0.19260567,0.21290368,50,1.83598531,1.00000000,-444.00000000,430.00000000,2.00000000,0,warmup,,,,,
pg-8cf1cc91df4243a1,ESPORTSTMNT03_3087307,2023-01-20T03:22:47,2023-01-20,2023,Unknown,0,13.01,Red,oe:team:920c52a8d7dbd6f216f9e59b825abc8,Antares Esports,oe:team:df70cf5eb04453059ae5a4e4e30a392,Mad Kings,oe:player:f9b5b8411d091894ce57cd1f60a43e5,Superbia,mid,Lissandra,oe:player:24a97b1b1e5d51b77443b684844af57,Mordekaiser,mid:Lissandra,lineup-dfd6f3a2fa03d727,0,1634.00000000,27.23333333,0,5,1,0.20000000,8411.00000000,7287.00000000,214,267.57649939,0.22164541,0.17215148,27,0.99143207,0.50000000,-1308.00000000,-1326.00000000,-13.00000000,0,warmup,,,,,
pg-ef771b35765aa091,ESPORTSTMNT03_3087307,2023-01-20T03:22:47,2023-01-20,2023,Unknown,0,13.01,Red,oe:team:920c52a8d7dbd6f216f9e59b825abc8,Antares Esports,oe:team:df70cf5eb04453059ae5a4e4e30a392,Mad Kings,oe:player:82149ecaf276ed04da8783eeffb2ac0,Jagger,sup,Lulu,oe:player:c62419314cffbc6e4f3a9b5304e3ddb,Nami,sup:Lulu,lineup-dfd6f3a2fa03d727,0,1634.00000000,27.23333333,0,2,1,0.50000000,5374.00000000,1867.00000000,32,68.55569155,0.14161484,0.04410688,63,2.31334149,0.50000000,-491.00000000,-465.00000000,14.00000000,0,warmup,,,,,
pg-e0e480dfc00a76ae,ESPORTSTMNT03_3087307,2023-01-20T03:22:47,2023-01-20,2023,Unknown,0,13.01,Red,oe:team:920c52a8d7dbd6f216f9e59b825abc8,Antares Esports,oe:team:df70cf5eb04453059ae5a4e4e30a392,Mad Kings,oe:player:4fa807dbb2b3e07b6eacded6065c8f9,Bingus,top,Aatrox,oe:player:7ec4aff3394361255ecfe13ca99b994,Gwen,top:Aatrox,lineup-dfd6f3a2fa03d727,0,1634.00000000,27.23333333,2,3,0,0.66666667,8365.00000000,14324.00000000,189,525.97307222,0.22043322,0.33839684,18,0.66095471,1.00000000,-237.00000000,189.00000000,-7.00000000,0,warmup,,,,,
pg-b94b145785b72ee1,ESPORTSTMNT03_3087582,2023-01-21T22:01:53,2023-01-21,2023,Unknown,0,13.01,Blue,oe:team:2a7fc0772538d018f713520c5e90ee0,Red Eye Esports,oe:team:dcf87563dff3f23d3985a5bac289345,Vipers,oe:player:f9e979b704253c4e9a714baefb25263,Lil Carry,bot,Draven,oe:player:213f7b5efbc9490107dbfc9114ca7ef,Lucian,bot:Draven,lineup-61b2a3e51d6f00a6,0,1185.00000000,19.75000000,2,2,1,1.50000000,7655.00000000,3912.00000000,166,198.07594937,0.23227940,0.11352622,20,1.01265823,0.50000000,-32.00000000,-979.00000000,-9.00000000,0,warmup,,,,,
pg-715829763ee4c798,ESPORTSTMNT03_3087582,2023-01-21T22:01:53,2023-01-21,2023,Unknown,0,13.01,Blue,oe:team:2a7fc0772538d018f713520c5e90ee0,Red Eye Esports,oe:team:dcf87563dff3f23d3985a5bac289345,Vipers,oe:player:09df9e68902cee8732f903bbead50a9,Rainight,jng,Wukong,oe:player:1c0bc319e4869b47fe4f29cc4923462,Sylas,jng:Wukong,lineup-61b2a3e51d6f00a6,0,1185.00000000,19.75000000,4,3,2,2.00000000,6688.00000000,8022.00000000,100,406.17721519,0.20293725,0.23279840,8,0.40506329,1.00000000,-1046.00000000,-662.00000000,-5.00000000,0,warmup,,,,,
pg-ee1889284a3b53f0,ESPORTSTMNT03_3087582,2023-01-21T22:01:53,2023-01-21,2023,Unknown,0,13.01,Blue,oe:team:2a7fc0772538d018f713520c5e90ee0,Red Eye Esports,oe:team:dcf87563dff3f23d3985a5bac289345,Vipers,oe:player:db4135a498b36bfddcec0580d9c2d72,Sinner Crow,mid,Syndra,oe:player:b90df8937f33cd7f3d559a1f384d2c7,Yasuo,mid:Syndra,lineup-61b2a3e51d6f00a6,0,1185.00000000,19.75000000,0,3,4,1.33333333,7082.00000000,5546.00000000,181,280.81012658,0.21489258,0.16094489,21,1.06329114,0.66666667,-1344.00000000,-706.00000000,-2.00000000,0,warmup,,,,,
pg-5ba28d393273e2f6,ESPORTSTMNT03_3087582,2023-01-21T22:01:53,2023-01-21,2023,Unknown,0,13.01,Blue,oe:team:2a7fc0772538d018f713520c5e90ee0,Red Eye Esports,oe:team:dcf87563dff3f23d3985a5bac289345,Vipers,oe:player:9c8834ac0a7a7aaa66010ded94db1db,Cassius,sup,Nautilus,oe:player:5a63f3e7e2b4282f07785cdc895d624,Nami,sup:Nautilus,lineup-61b2a3e51d6f00a6,0,1185.00000000,19.75000000,0,3,4,1.33333333,4408.00000000,1727.00000000,34,87.44303797,0.13375410,0.05011753,37,1.87341772,0.66666667,-70.00000000,-1.00000000,19.00000000,0,warmup,,,,,
pg-8483df9c88db7899,ESPORTSTMNT03_3087582,2023-01-21T22:01:53,2023-01-21,2023,Unknown,0,13.01,Blue,oe:team:2a7fc0772538d018f713520c5e90ee0,Red Eye Esports,oe:team:dcf87563dff3f23d3985a5bac289345,Vipers,oe:player:b9dfa3efb116230e2a05ff9f568e763,Dertako,top,Gangplank,oe:player:5b4335a3832ac5a3bb3d24f8bb8687c,Ornn,top:Gangplank,lineup-61b2a3e51d6f00a6,0,1185.00000000,19.75000000,0,2,2,1.00000000,7123.00000000,15252.00000000,157,772.25316456,0.21613667,0.44261296,7,0.35443038,0.33333333,56.00000000,-361.00000000,-5.00000000,0,warmup,,,,,
pg-7a24b0da93ed5717,ESPORTSTMNT03_3087582,2023-01-21T22:01:53,2023-01-21,2023,Unknown,0,13.01,Red,oe:team:dcf87563dff3f23d3985a5bac289345,Vipers,oe:team:2a7fc0772538d018f713520c5e90ee0,Red Eye Esports,oe:player:213f7b5efbc9490107dbfc9114ca7ef,S34NDR0M3,bot,Lucian,oe:player:f9e979b704253c4e9a714baefb25263,Draven,bot:Lucian,lineup-82f9230662848a00,1,1185.00000000,19.75000000,1,1,4,5.00000000,7697.00000000,6700.00000000,175,339.24050633,0.19563339,0.19289457,19,0.96202532,0.38461538,32.00000000,979.00000000,9.00000000,0,warmup,,,,,
pg-fe74dbb8f7021983,ESPORTSTMNT03_3087582,2023-01-21T22:01:53,2023-01-21,2023,Unknown,0,13.01,Red,oe:team:dcf87563dff3f23d3985a5bac289345,Vipers,oe:team:2a7fc0772538d018f713520c5e90ee0,Red Eye Esports,oe:player:1c0bc319e4869b47fe4f29cc4923462,Leinad,jng,Sylas,oe:player:09df9e68902cee8732f903bbead50a9,Wukong,jng:Sylas,lineup-82f9230662848a00,1,1185.00000000,19.75000000,3,3,6,3.00000000,8614.00000000,10316.00000000,111,522.32911392,0.21894063,0.29700006,25,1.26582278,0.69230769,1046.00000000,662.00000000,5.00000000,0,warmup,,,,,
pg-83b8ca74eae691f3,ESPORTSTMNT03_3087582,2023-01-21T22:01:53,2023-01-21,2023,Unknown,0,13.01,Red,oe:team:dcf87563dff3f23d3985a5bac289345,Vipers,oe:team:2a7fc0772538d018f713520c5e90ee0,Red Eye Esports,oe:player:b90df8937f33cd7f3d559a1f384d2c7,Uparela,mid,Yasuo,oe:player:db4135a498b36bfddcec0580d9c2d72,Syndra,mid:Yasuo,lineup-82f9230662848a00,1,1185.00000000,19.75000000,7,1,1,8.00000000,10116.00000000,6825.00000000,180,345.56962025,0.25711671,0.19649335,19,0.96202532,0.61538462,1344.00000000,706.00000000,2.00000000,0,warmup,,,,,
pg-174b22c939d55270,ESPORTSTMNT03_3087582,2023-01-21T22:01:53,2023-01-21,2023,Unknown,0,13.01,Red,oe:team:dcf87563dff3f23d3985a5bac289345,Vipers,oe:team:2a7fc0772538d018f713520c5e90ee0,Red Eye Esports,oe:player:5a63f3e7e2b4282f07785cdc895d624,Shiku,sup,Nami,oe:player:9c8834ac0a7a7aaa66010ded94db1db,Nautilus,sup:Nami,lineup-82f9230662848a00,1,1185.00000000,19.75000000,0,1,9,9.00000000,5188.00000000,2831.00000000,11,143.34177215,0.13186255,0.08150515,40,2.02531646,0.69230769,70.00000000,1.00000000,-19.00000000,0,warmup,,,,,
pg-c17e985c7cb2baea,ESPORTSTMNT03_3087582,2023-01-21T22:01:53,2023-01-21,2023,Unknown,0,13.01,Red,oe:team:dcf87563dff3f23d3985a5bac289345,Vipers,oe:team:2a7fc0772538d018f713520c5e90ee0,Red Eye Esports,oe:player:5b4335a3832ac5a3bb3d24f8bb8687c,ByFalco,top,Ornn,oe:player:b9dfa3efb116230e2a05ff9f568e763,Gangplank,top:Ornn,lineup-82f9230662848a00,1,1185.00000000,19.75000000,2,0,1,3.00000000,7729.00000000,8062.00000000,160,408.20253165,0.19644673,0.23210687,20,1.01265823,0.23076923,-56.00000000,361.00000000,5.00000000,0,warmup,,,,,
pg-87daf50768cb459a,ESPORTSTMNT03_3088592,2023-01-21T22:46:56,2023-01-21,2023,Unknown,0,13.01,Blue,oe:team:2a7fc0772538d018f713520c5e90ee0,Red Eye Esports,oe:team:dcf87563dff3f23d3985a5bac289345,Vipers,oe:player:7a2798d7c31bb0cdb3401cd4e375f14,ZombieHog,bot,Ezreal,oe:player:213f7b5efbc9490107dbfc9114ca7ef,Lucian,bot:Ezreal,lineup-45f8a4151088eb19,0,2631.00000000,43.85000000,6,2,10,8.00000000,19277.00000000,43494.00000000,383,991.88141391,0.24118861,0.27402974,60,1.36830103,0.51612903,-770.00000000,-455.00000000,-31.00000000,0,warmup,,,,,
pg-3a0d5ae73bc7622b,ESPORTSTMNT03_3088592,2023-01-21T22:46:56,2023-01-21,2023,Unknown,0,13.01,Blue,oe:team:2a7fc0772538d018f713520c5e90ee0,Red Eye Esports,oe:team:dcf87563dff3f23d3985a5bac289345,Vipers,oe:player:09df9e68902cee8732f903bbead50a9,Rainight,jng,Wukong,oe:player:1c0bc319e4869b47fe4f29cc4923462,Sejuani,jng:Wukong,lineup-45f8a4151088eb19,0,2631.00000000,43.85000000,3,9,17,2.22222222,13752.00000000,24854.00000000,195,566.79589510,0.17206131,0.15659022,76,1.73318130,0.64516129,-932.00000000,266.00000000,-8.00000000,0,warmup,,,,,
pg-89db690ecd74d3ea,ESPORTSTMNT03_3088592,2023-01-21T22:46:56,2023-01-21,2023,Unknown,0,13.01,Blue,oe:team:2a7fc0772538d018f713520c5e90ee0,Red Eye Esports,oe:team:dcf87563dff3f23d3985a5bac289345,Vipers,oe:player:db4135a498b36bfddcec0580d9c2d72,Sinner Crow,mid,LeBlanc,oe:player:b90df8937f33cd7f3d559a1f384d2c7,Kled,mid:LeBlanc,lineup-45f8a4151088eb19,0,2631.00000000,43.85000000,14,4,10,6.00000000,17710.00000000,47629.00000000,238,1086.18015964,0.22158273,0.30008191,41,0.93500570,0.77419355,707.00000000,441.00000000,3.00000000,0,warmup,,,,,
pg-aa7095f7bb7e9e11,ESPORTSTMNT03_3088592,2023-01-21T22:46:56,2023-01-21,2023,Unknown,0,13.01,Blue,oe:team:2a7fc0772538d018f713520c5e90ee0,Red Eye Esports,oe:team:dcf87563dff3f23d3985a5bac289345,Vipers,oe:player:9c8834ac0a7a7aaa66010ded94db1db,Cassius,sup,Karma,oe:player:5a63f3e7e2b4282f07785cdc895d624,Nami,sup:Karma,lineup-45f8a4151088eb19,0,2631.00000000,43.85000000,3,5,23,5.20000000,11444.00000000,12327.00000000,22,281.11744584,0.14318424,0.07766507,133,3.03306727,0.83870968,203.00000000,-415.00000000,0.00000000,0,warmup,,,,,
pg-377ae947083921ce,ESPORTSTMNT03_3088592,2023-01-21T22:46:56,2023-01-21,2023,Unknown,0,13.01,Blue,oe:team:2a7fc0772538d018f713520c5e90ee0,Red Eye Esports,oe:team:dcf87563dff3f23d3985a5bac289345,Vipers,oe:player:b9dfa3efb116230e2a05ff9f568e763,Dertako,top,Camille,oe:player:5b4335a3832ac5a3bb3d24f8bb8687c,Gwen,top:Camille,lineup-45f8a4151088eb19,0,2631.00000000,43.85000000,5,6,8,2.16666667,17742.00000000,30416.00000000,336,693.63740023,0.22198311,0.19163306,44,1.00342075,0.41935484,-3801.00000000,-1408.00000000,-45.00000000,0,warmup,,,,,
pg-df77d335d4b8fc82,ESPORTSTMNT03_3088592,2023-01-21T22:46:56,2023-01-21,2023,Unknown,0,13.01,Red,oe:team:dcf87563dff3f23d3985a5bac289345,Vipers,oe:team:2a7fc0772538d018f713520c5e90ee0,Red Eye Esports,oe:player:213f7b5efbc9490107dbfc9114ca7ef,S34NDR0M3,bot,Lucian,oe:player:7a2798d7c31bb0cdb3401cd4e375f14,Ezreal,bot:Lucian,lineup-82f9230662848a00,1,2631.00000000,43.85000000,3,9,8,1.22222222,16349.00000000,20438.00000000,320,466.08893957,0.19702338,0.18813458,40,0.91220068,0.42307692,770.00000000,455.00000000,31.00000000,0,warmup,,,,,
pg-70d79549a394578d,ESPORTSTMNT03_3088592,2023-01-21T22:46:56,2023-01-21,2023,Unknown,0,13.01,Red,oe:team:dcf87563dff3f23d3985a5bac289345,Vipers,oe:team:2a7fc0772538d018f713520c5e90ee0,Red Eye Esports,oe:player:1c0bc319e4869b47fe4f29cc4923462,Leinad,jng,Sejuani,oe:player:09df9e68902cee8732f903bbead50a9,Wukong,jng:Sejuani,lineup-82f9230662848a00,1,2631.00000000,43.85000000,4,4,12,4.00000000,16189.00000000,12081.00000000,232,275.50741163,0.19509520,0.11120725,81,1.84720639,0.61538462,932.00000000,-266.00000000,8.00000000,0,warmup,,,,,
pg-df628954cbcf48af,ESPORTSTMNT03_3088592,2023-01-21T22:46:56,2023-01-21,2023,Unknown,0,13.01,Red,oe:team:dcf87563dff3f23d3985a5bac289345,Vipers,oe:team:2a7fc0772538d018f713520c5e90ee0,Red Eye Esports,oe:player:b90df8937f33cd7f3d559a1f384d2c7,Uparela,mid,Kled,oe:player:db4135a498b36bfddcec0580d9c2d72,LeBlanc,mid:Kled,lineup-82f9230662848a00,1,2631.00000000,43.85000000,12,4,6,4.50000000,20480.00000000,28756.00000000,310,655.78107184,0.24680646,0.26470290,61,1.39110604,0.69230769,-707.00000000,-441.00000000,-3.00000000,0,warmup,,,,,
pg-9b50b7a7d00c3467,ESPORTSTMNT03_3088592,2023-01-21T22:46:56,2023-01-21,2023,Unknown,0,13.01,Red,oe:team:dcf87563dff3f23d3985a5bac289345,Vipers,oe:team:2a7fc0772538d018f713520c5e90ee0,Red Eye Esports,oe:player:5a63f3e7e2b4282f07785cdc895d624,Shiku,sup,Nami,oe:player:9c8834ac0a7a7aaa66010ded94db1db,Karma,sup:Nami,lineup-82f9230662848a00,1,2631.00000000,43.85000000,1,8,19,2.50000000,10652.00000000,10010.00000000,15,228.27822121,0.12836828,0.09214342,136,3.10148233,0.76923077,-203.00000000,415.00000000,0.00000000,0,warmup,,,,,
pg-fd950fae1be864ea,ESPORTSTMNT03_3088592,2023-01-21T22:46:56,2023-01-21,2023,Unknown,0,13.01,Red,oe:team:dcf87563dff3f23d3985a5bac289345,Vipers,oe:team:2a7fc0772538d018f713520c5e90ee0,Red Eye Esports,oe:player:5b4335a3832ac5a3bb3d24f8bb8687c,ByFalco,top,Gwen,oe:player:b9dfa3efb116230e2a05ff9f568e763,Camille,top:Gwen,lineup-82f9230662848a00,1,2631.00000000,43.85000000,6,6,8,2.33333333,19310.00000000,37350.00000000,343,851.76738883,0.23270668,0.34381185,47,1.07183580,0.53846154,3801.00000000,1408.00000000,45.00000000,0,warmup,,,,,
pg-f08a5562e9be656f,ESPORTSTMNT03_3086569,2023-01-22T00:17:44,2023-01-22,2023,Unknown,0,13.01,Blue,oe:team:9aa855d087642f20ad7e3a7ae5c8251,Spectacled Bears,oe:team:e40cdcb20302c0240d2084c909668aa,Diamond Doves,oe:player:4d17518b7fc605b3fa42992ec61dd9c,CaTzzz,bot,Lucian,oe:player:a9159216ea197997ac9c7fd4b85a4d3,Zeri,bot:Lucian,lineup-cd0ced1529106be0,1,1330.00000000,22.16666667,4,1,7,11.00000000,10412.00000000,15387.00000000,185,694.15037594,0.21607936,0.25124914,31,1.39849624,0.57894737,2593.00000000,415.00000000,31.00000000,0,warmup,,,,,
pg-adb17af36249ce44,ESPORTSTMNT03_3086569,2023-01-22T00:17:44,2023-01-22,2023,Unknown,0,13.01,Blue,oe:team:9aa855d087642f20ad7e3a7ae5c8251,Spectacled Bears,oe:team:e40cdcb20302c0240d2084c909668aa,Diamond Doves,oe:player:027c1647b19ae3c681c2e8d62038627,Vallejo,jng,Graves,oe:player:1fcb99a1ab06e1e36635365ed3e59ce,Xin Zhao,jng:Graves,lineup-cd0ced1529106be0,1,1330.00000000,22.16666667,3,0,9,12.00000000,9806.00000000,5980.00000000,133,269.77443609,0.20350309,0.09764541,13,0.58646617,0.63157895,1489.00000000,-88.00000000,0.00000000,0,warmup,,,,,
pg-10a09a364eaa285e,ESPORTSTMNT03_3086569,2023-01-22T00:17:44,2023-01-22,2023,Unknown,0,13.01,Blue,oe:team:9aa855d087642f20ad7e3a7ae5c8251,Spectacled Bears,oe:team:e40cdcb20302c0240d2084c909668aa,Diamond Doves,oe:player:18eff78d8fbeb94244572cef0bb4536,Alowhed,mid,Syndra,oe:player:b14f11e18a9089420d5cd22bf07b917,LeBlanc,mid:Syndra,lineup-cd0ced1529106be0,1,1330.00000000,22.16666667,5,0,4,9.00000000,10321.00000000,16997.00000000,204,766.78195489,0.21419084,0.27753829,23,1.03759398,0.47368421,1770.00000000,1029.00000000,22.00000000,0,warmup,,,,,
pg-3ef805017bb9f297,ESPORTSTMNT03_3086569,2023-01-22T00:17:44,2023-01-22,2023,Unknown,0,13.01,Blue,oe:team:9aa855d087642f20ad7e3a7ae5c8251,Spectacled Bears,oe:team:e40cdcb20302c0240d2084c909668aa,Diamond Doves,oe:player:30edf70db68aa84f05d3e72326807b0,Bucket,sup,Nami,oe:player:f904062611b2ce16713e2429ed766c4,Lulu,sup:Nami,lineup-cd0ced1529106be0,1,1330.00000000,22.16666667,3,0,9,12.00000000,7326.00000000,4970.00000000,7,224.21052632,0.15203586,0.08115346,48,2.16541353,0.63157895,1260.00000000,641.00000000,-7.00000000,0,warmup,,,,,
pg-1e79118936694d4b,ESPORTSTMNT03_3086569,2023-01-22T00:17:44,2023-01-22,2023,Unknown,0,13.01,Blue,oe:team:9aa855d087642f20ad7e3a7ae5c8251,Spectacled Bears,oe:team:e40cdcb20302c0240d2084c909668aa,Diamond Doves,oe:player:36b92108c1f71cd425ded7abc50b86b,Akunma,top,Fiora,oe:player:43260cdc1d99d1fd01ad7bf83c2cb2a,Gnar,top:Fiora,lineup-cd0ced1529106be0,1,1330.00000000,22.16666667,4,3,1,1.66666667,10321.00000000,17908.00000000,191,807.87969925,0.21419084,0.29241370,14,0.63157895,0.26315789,1725.00000000,2316.00000000,53.00000000,0,warmup,,,,,
pg-e983551996a0256c,ESPORTSTMNT03_3086569,2023-01-22T00:17:44,2023-01-22,2023,Unknown,0,13.01,Red,oe:team:e40cdcb20302c0240d2084c909668aa,Diamond Doves,oe:team:9aa855d087642f20ad7e3a7ae5c8251,Spectacled Bears,oe:player:a9159216ea197997ac9c7fd4b85a4d3,Kasamura,bot,Zeri,oe:player:4d17518b7fc605b3fa42992ec61dd9c,Lucian,bot:Zeri,lineup-6fac6a4a374a9223,0,1330.00000000,22.16666667,0,6,1,0.16666667,6684.00000000,5555.00000000,156,250.60150376,0.20181159,0.15565456,14,0.63157895,0.25000000,-2593.00000000,-415.00000000,-31.00000000,0,warmup,,,,,
pg-0a6cf5bc486a1934,ESPORTSTMNT03_3086569,2023-01-22T00:17:44,2023-01-22,2023,Unknown,0,13.01,Red,oe:team:e40cdcb20302c0240d2084c909668aa,Diamond Doves,oe:team:9aa855d087642f20ad7e3a7ae5c8251,Spectacled Bears,oe:player:1fcb99a1ab06e1e36635365ed3e59ce,Kalium,jng,Xin Zhao,oe:player:027c1647b19ae3c681c2e8d62038627,Graves,jng:Xin Zhao,lineup-6fac6a4a374a9223,0,1330.00000000,22.16666667,2,5,2,0.80000000,7553.00000000,9657.00000000,103,435.65413534,0.22804952,0.27059516,33,1.48872180,1.00000000,-1489.00000000,88.00000000,0.00000000,0,warmup,,,,,
pg-52a1f74652f5c1e2,ESPORTSTMNT03_3086569,2023-01-22T00:17:44,2023-01-22,2023,Unknown,0,13.01,Red,oe:team:e40cdcb20302c0240d2084c909668aa,Diamond Doves,oe:team:9aa855d087642f20ad7e3a7ae5c8251,Spectacled Bears,oe:player:b14f11e18a9089420d5cd22bf07b917,Toady,mid,LeBlanc,oe:player:18eff78d8fbeb94244572cef0bb4536,Syndra,mid:LeBlanc,lineup-6fac6a4a374a9223,0,1330.00000000,22.16666667,0,2,1,0.50000000,6867.00000000,8872.00000000,168,400.24060150,0.20733696,0.24859897,29,1.30827068,0.25000000,-1770.00000000,-1029.00000000,-22.00000000,0,warmup,,,,,
pg-4b5e604ec46bcf51,ESPORTSTMNT03_3086569,2023-01-22T00:17:44,2023-01-22,2023,Unknown,0,13.01,Red,oe:team:e40cdcb20302c0240d2084c909668aa,Diamond Doves,oe:team:9aa855d087642f20ad7e3a7ae5c8251,Spectacled Bears,oe:player:f904062611b2ce16713e2429ed766c4,AdrYh,sup,Lulu,oe:player:30edf70db68aa84f05d3e72326807b0,Nami,sup:Lulu,lineup-6fac6a4a374a9223,0,1330.00000000,22.16666667,0,2,3,1.50000000,4827.00000000,3236.00000000,14,145.98496241,0.14574275,0.09067474,45,2.03007519,0.75000000,-1260.00000000,-641.00000000,7.00000000,0,warmup,,,,,
pg-c4604622b6922717,ESPORTSTMNT03_3086569,2023-01-22T00:17:44,2023-01-22,2023,Unknown,0,13.01,Red,oe:team:e40cdcb20302c0240d2084c909668aa,Diamond Doves,oe:team:9aa855d087642f20ad7e3a7ae5c8251,Spectacled Bears,oe:player:43260cdc1d99d1fd01ad7bf83c2cb2a,deathleap,top,Gnar,oe:player:36b92108c1f71cd425ded7abc50b86b,Fiora,top:Gnar,lineup-6fac6a4a374a9223,0,1330.00000000,22.16666667,2,4,0,0.50000000,7189.00000000,8368.00000000,144,377.50375940,0.21705918,0.23447657,8,0.36090226,0.50000000,-1725.00000000,-2316.00000000,-53.00000000,0,warmup,,,,,
pg-0ce34c1a6f5b2e80,ESPORTSTMNT03_3086576,2023-01-22T01:06:08,2023-01-22,2023,Unknown,0,13.01,Blue,oe:team:e40cdcb20302c0240d2084c909668aa,Diamond Doves,oe:team:9aa855d087642f20ad7e3a7ae5c8251,Spectacled Bears,oe:player:a9159216ea197997ac9c7fd4b85a4d3,Kasamura,bot,Varus,oe:player:4d17518b7fc605b3fa42992ec61dd9c,Caitlyn,bot:Varus,lineup-bf5054aef6760743,1,2511.00000000,41.85000000,8,1,4,12.00000000,17900.00000000,34176.00000000,340,816.63082437,0.24490354,0.30067568,52,1.24253286,0.60000000,1054.00000000,262.00000000,6.00000000,0,warmup,,,,,
pg-8744075935b77f7a,ESPORTSTMNT03_3086576,2023-01-22T01:06:08,2023-01-22,2023,Unknown,0,13.01,Blue,oe:team:e40cdcb20302c0240d2084c909668aa,Diamond Doves,oe:team:9aa855d087642f20ad7e3a7ae5c8251,Spectacled Bears,oe:player:1fcb99a1ab06e1e36635365ed3e59ce,Kalium,jng,Maokai,oe:player:027c1647b19ae3c681c2e8d62038627,Udyr,jng:Maokai,lineup-bf5054aef6760743,1,2511.00000000,41.85000000,3,2,8,5.50000000,13271.00000000,22098.00000000,199,528.02867384,0.18157067,0.19441512,71,1.69653524,0.55000000,-1279.00000000,-1050.00000000,-27.00000000,0,warmup,,,,,
pg-7eff8e2267f175fe,ESPORTSTMNT03_3086576,2023-01-22T01:06:08,2023-01-22,2023,Unknown,0,13.01,Blue,oe:team:e40cdcb20302c0240d2084c909668aa,Diamond Doves,oe:team:9aa855d087642f20ad7e3a7ae5c8251,Spectacled Bears,oe:player:b14f11e18a9089420d5cd22bf07b917,Toady,mid,Zoe,oe:player:18eff78d8fbeb94244572cef0bb4536,Viktor,mid:Zoe,lineup-bf5054aef6760743,1,2511.00000000,41.85000000,5,4,6,2.75000000,16384.00000000,35298.00000000,288,843.44086022,0.22416199,0.31054688,54,1.29032258,0.55000000,-1042.00000000,-559.00000000,-1.00000000,0,warmup,,,,,
pg-c33df462bcac5a21,ESPORTSTMNT03_3086576,2023-01-22T01:06:08,2023-01-22,2023,Unknown,0,13.01,Blue,oe:team:e40cdcb20302c0240d2084c909668aa,Diamond Doves,oe:team:9aa855d087642f20ad7e3a7ae5c8251,Spectacled Bears,oe:player:54c3130f744c5c2fcba05310b893f8e,Edo,sup,Ashe,oe:player:30edf70db68aa84f05d3e72326807b0,Lux,sup:Ashe,lineup-bf5054aef6760743,1,2511.00000000,41.85000000,0,0,13,13.00000000,10255.00000000,11443.00000000,31,273.42891278,0.14030647,0.10067392,147,3.51254480,0.65000000,-191.00000000,517.00000000,1.00000000,0,warmup,,,,,
pg-9e31e1995f5209a7,ESPORTSTMNT03_3086576,2023-01-22T01:06:08,2023-01-22,2023,Unknown,0,13.01,Blue,oe:team:e40cdcb20302c0240d2084c909668aa,Diamond Doves,oe:team:9aa855d087642f20ad7e3a7ae5c8251,Spectacled Bears,oe:player:43260cdc1d99d1fd01ad7bf83c2cb2a,deathleap,top,Ornn,oe:player:36b92108c1f71cd425ded7abc50b86b,Gangplank,top:Ornn,lineup-bf5054aef6760743,1,2511.00000000,41.85000000,4,2,2,3.00000000,15280.00000000,10649.00000000,276,254.45639188,0.20905733,0.09368841,56,1.33811231,0.30000000,-2880.00000000,-846.00000000,-40.00000000,0,warmup,,,,,
pg-40c0bf316d807afe,ESPORTSTMNT03_3086576,2023-01-22T01:06:08,2023-01-22,2023,Unknown,0,13.01,Red,oe:team:9aa855d087642f20ad7e3a7ae5c8251,Spectacled Bears,oe:team:e40cdcb20302c0240d2084c909668aa,Diamond Doves,oe:player:4d17518b7fc605b3fa42992ec61dd9c,CaTzzz,bot,Caitlyn,oe:player:a9159216ea197997ac9c7fd4b85a4d3,Varus,bot:Caitlyn,lineup-cd0ced1529106be0,0,2511.00000000,41.85000000,1,7,4,0.71428571,13060.00000000,12704.00000000,264,303.56033453,0.19172049,0.12533544,77,1.83990442,0.55555556,-1054.00000000,-262.00000000,-6.00000000,0,warmup,,,,,
pg-7913494f7a08d6c8,ESPORTSTMNT03_3086576,2023-01-22T01:06:08,2023-01-22,2023,Unknown,0,13.01,Red,oe:team:9aa855d087642f20ad7e3a7ae5c8251,Spectacled Bears,oe:team:e40cdcb20302c0240d2084c909668aa,Diamond Doves,oe:player:027c1647b19ae3c681c2e8d62038627,Vallejo,jng,Udyr,oe:player:1fcb99a1ab06e1e36635365ed3e59ce,Maokai,jng:Udyr,lineup-cd0ced1529106be0,0,2511.00000000,41.85000000,3,3,3,2.00000000,13349.00000000,17774.00000000,240,424.70728793,0.19596301,0.17535517,101,2.41338112,0.66666667,1279.00000000,1050.00000000,27.00000000,0,warmup,,,,,
pg-9f41dd56d2709eb1,ESPORTSTMNT03_3086576,2023-01-22T01:06:08,2023-01-22,2023,Unknown,0,13.01,Red,oe:team:9aa855d087642f20ad7e3a7ae5c8251,Spectacled Bears,oe:team:e40cdcb20302c0240d2084c909668aa,Diamond Doves,oe:player:18eff78d8fbeb94244572cef0bb4536,Alowhed,mid,Viktor,oe:player:b14f11e18a9089420d5cd22bf07b917,Zoe,mid:Viktor,lineup-cd0ced1529106be0,0,2511.00000000,41.85000000,4,2,0,2.00000000,14091.00000000,22192.00000000,293,530.27479092,0.20685555,0.21894238,79,1.88769415,0.44444444,1042.00000000,559.00000000,1.00000000,0,warmup,,,,,
pg-da20403e8483ca27,ESPORTSTMNT03_3086576,2023-01-22T01:06:08,2023-01-22,2023,Unknown,0,13.01,Red,oe:team:9aa855d087642f20ad7e3a7ae5c8251,Spectacled Bears,oe:team:e40cdcb20302c0240d2084c909668aa,Diamond Doves,oe:player:30edf70db68aa84f05d3e72326807b0,Bucket,sup,Lux,oe:player:54c3130f744c5c2fcba05310b893f8e,Ashe,sup:Lux,lineup-cd0ced1529106be0,0,2511.00000000,41.85000000,1,5,4,1.00000000,8804.00000000,14512.00000000,40,346.76224612,0.12924251,0.14317285,79,1.88769415,0.55555556,191.00000000,-517.00000000,-1.00000000,0,warmup,,,,,
pg-7ebe753d531ce48b,ESPORTSTMNT03_3086576,2023-01-22T01:06:08,2023-01-22,2023,Unknown,0,13.01,Red,oe:team:9aa855d087642f20ad7e3a7ae5c8251,Spectacled Bears,oe:team:e40cdcb20302c0240d2084c909668aa,Diamond Doves,oe:player:36b92108c1f71cd425ded7abc50b86b,Akunma,top,Gangplank,oe:player:43260cdc1d99d1fd01ad7bf83c2cb2a,Ornn,top:Gangplank,lineup-cd0ced1529106be0,0,2511.00000000,41.85000000,0,3,1,0.33333333,18816.00000000,34178.00000000,368,816.67861410,0.27621844,0.33719416,30,0.71684588,0.11111111,2880.00000000,846.00000000,40.00000000,0,warmup,,,,,
pg-414ae9e9360e4cc2,ESPORTSTMNT03_3089838,2023-01-27T00:19:54,2023-01-27,2023,Unknown,0,13.01,Blue,oe:team:ca619ab78f35d18f498c11f812542e0,Cremas Esports,oe:team:920c52a8d7dbd6f216f9e59b825abc8,Antares Esports,oe:player:32dc07c1aa7fd284d0185619c6f9711,AlienBoy,bot,Varus,oe:player:ffac14a6607a6bd8d49177cf8f8be81,Caitlyn,bot:Varus,lineup-09c52db488ea912d,0,2106.00000000,35.10000000,2,2,4,3.00000000,13537.00000000,10865.00000000,340,309.54415954,0.23352539,0.23109154,51,1.45299145,0.46153846,-828.00000000,-352.00000000,-7.00000000,1,out_of_time,564.78772858,614.16943750,291.85592844,-0.87455331,2023-01-22
pg-8f6d163feed320cb,ESPORTSTMNT03_3089838,2023-01-27T00:19:54,2023-01-27,2023,Unknown,0,13.01,Blue,oe:team:ca619ab78f35d18f498c11f812542e0,Cremas Esports,oe:team:920c52a8d7dbd6f216f9e59b825abc8,Antares Esports,oe:player:fac747e9c68a89da88dad294bf5ed51,Annataqui,jng,Wukong,oe:player:89faa52485aadb6d1181384f88d2001,Maokai,jng:Wukong,lineup-09c52db488ea912d,0,2106.00000000,35.10000000,5,2,5,5.00000000,11839.00000000,8325.00000000,188,237.17948718,0.20423337,0.17706738,43,1.22507123,0.76923077,48.00000000,197.00000000,3.00000000,1,out_of_time,411.19177396,381.10458831,134.41855863,-1.29455552,2023-01-22
pg-3abdd6020cf38db4,ESPORTSTMNT03_3089838,2023-01-27T00:19:54,2023-01-27,2023,Unknown,0,13.01,Blue,oe:team:ca619ab78f35d18f498c11f812542e0,Cremas Esports,oe:team:920c52a8d7dbd6f216f9e59b825abc8,Antares Esports,oe:player:cdfb3072efbda7fd96b432e865f0e55,Galeon,mid,Sylas,oe:player:f9b5b8411d091894ce57cd1f60a43e5,Taliyah,mid:Sylas,lineup-09c52db488ea912d,0,2106.00000000,35.10000000,3,3,3,2.00000000,12352.00000000,9085.00000000,239,258.83190883,0.21308308,0.19323209,50,1.42450142,0.46153846,-375.00000000,-6.00000000,5.00000000,1,out_of_time,531.22559273,602.76235926,214.62294787,-1.26917316,2023-01-22
pg-2058efb232a20151,ESPORTSTMNT03_3089838,2023-01-27T00:19:54,2023-01-27,2023,Unknown,0,13.01,Blue,oe:team:ca619ab78f35d18f498c11f812542e0,Cremas Esports,oe:team:920c52a8d7dbd6f216f9e59b825abc8,Antares Esports,oe:player:f43fe5752d4eb64cab58c333d3d0380,Raglem,sup,Braum,oe:player:82149ecaf276ed04da8783eeffb2ac0,Karma,sup:Braum,lineup-09c52db488ea912d,0,2106.00000000,35.10000000,0,5,5,1.00000000,7056.00000000,3731.00000000,44,106.29629630,0.12172233,0.07935596,86,2.45014245,0.38461538,-212.00000000,91.00000000,20.00000000,1,out_of_time,266.29996648,181.54099284,76.84462380,-2.08217130,2023-01-22
pg-622e79ea73982538,ESPORTSTMNT03_3089838,2023-01-27T00:19:54,2023-01-27,2023,Unknown,0,13.01,Blue,oe:team:ca619ab78f35d18f498c11f812542e0,Cremas Esports,oe:team:920c52a8d7dbd6f216f9e59b825abc8,Antares Esports,oe:player:a9e2d00e60f059e223d82301a50182c,Abaddon,top,Renekton,oe:player:4fa807dbb2b3e07b6eacded6065c8f9,Gangplank,top:Renekton,lineup-09c52db488ea912d,0,2106.00000000,35.10000000,3,4,4,1.75000000,13184.00000000,15010.00000000,281,427.63532764,0.22743583,0.31925302,26,0.74074074,0.53846154,-815.00000000,-1396.00000000,-5.00000000,1,out_of_time,498.66667757,562.14989754,190.62718502,-0.37261920,2023-01-22
pg-fc960e209a3b459b,ESPORTSTMNT03_3089838,2023-01-27T00:19:54,2023-01-27,2023,Unknown,0,13.01,Red,oe:team:920c52a8d7dbd6f216f9e59b825abc8,Antares Esports,oe:team:ca619ab78f35d18f498c11f812542e0,Cremas Esports,oe:player:ffac14a6607a6bd8d49177cf8f8be81,Zeldris,bot,Caitlyn,oe:player:32dc07c1aa7fd284d0185619c6f9711,Varus,bot:Caitlyn,lineup-dfd6f3a2fa03d727,1,2106.00000000,35.10000000,7,1,2,9.00000000,15984.00000000,22808.00000000,319,649.80056980,0.24251252,0.20119794,56,1.59544160,0.56250000,828.00000000,352.00000000,7.00000000,1,out_of_time,510.67961526,614.16943750,291.85592844,0.47667682,2023-01-22
pg-a8d840eeef98bc6e,ESPORTSTMNT03_3089838,2023-01-27T00:19:54,2023-01-27,2023,Unknown,0,13.01,Red,oe:team:920c52a8d7dbd6f216f9e59b825abc8,Antares Esports,oe:team:ca619ab78f35d18f498c11f812542e0,Cremas Esports,oe:player:89faa52485aadb6d1181384f88d2001,Encounters,jng,Maokai,oe:player:fac747e9c68a89da88dad294bf5ed51,Wukong,jng:Maokai,lineup-dfd6f3a2fa03d727,1,2106.00000000,35.10000000,0,3,9,3.00000000,10807.00000000,17457.00000000,167,497.35042735,0.16396601,0.15399476,56,1.59544160,0.56250000,-48.00000000,-197.00000000,-3.00000000,1,out_of_time,384.59174662,381.10458831,134.41855863,0.83886244,2023-01-22
pg-f7a0fc5dfde7bb73,ESPORTSTMNT03_3089838,2023-01-27T00:19:54,2023-01-27,2023,Unknown,0,13.01,Red,oe:team:920c52a8d7dbd6f216f9e59b825abc8,Antares Esports,oe:team:ca619ab78f35d18f498c11f812542e0,Cremas Esports,oe:player:f9b5b8411d091894ce57cd1f60a43e5,Superbia,mid,Taliyah,oe:player:cdfb3072efbda7fd96b432e865f0e55,Sylas,mid:Taliyah,lineup-dfd6f3a2fa03d727,1,2106.00000000,35.10000000,5,1,6,11.00000000,15051.00000000,26685.00000000,283,760.25641026,0.22835685,0.23539842,45,1.28205128,0.68750000,375.00000000,6.00000000,-5.00000000,1,out_of_time,528.14181297,602.76235926,214.62294787,1.08149944,2023-01-22
pg-b7dd213c066392ae,ESPORTSTMNT03_3089838,2023-01-27T00:19:54,2023-01-27,2023,Unknown,0,13.01,Red,oe:team:920c52a8d7dbd6f216f9e59b825abc8,Antares Esports,oe:team:ca619ab78f35d18f498c11f812542e0,Cremas Esports,oe:player:82149ecaf276ed04da8783eeffb2ac0,Jagger,sup,Karma,oe:player:f43fe5752d4eb64cab58c333d3d0380,Braum,sup:Karma,lineup-dfd6f3a2fa03d727,1,2106.00000000,35.10000000,0,1,9,9.00000000,8051.00000000,6427.00000000,10,183.10541311,0.12215142,0.05669498,86,2.45014245,0.56250000,212.00000000,-91.00000000,-20.00000000,1,out_of_time,260.66173372,181.54099284,76.84462380,-1.00926150,2023-01-22
pg-eed3dfd4ada0523e,ESPORTSTMNT03_3089838,2023-01-27T00:19:54,2023-01-27,2023,Unknown,0,13.01,Red,oe:team:920c52a8d7dbd6f216f9e59b825abc8,Antares Esports,oe:team:ca619ab78f35d18f498c11f812542e0,Cremas Esports,oe:player:4fa807dbb2b3e07b6eacded6065c8f9,Bingus,top,Gangplank,oe:player:a9e2d00e60f059e223d82301a50182c,Renekton,top:Gangplank,lineup-dfd6f3a2fa03d727,1,2106.00000000,35.10000000,4,7,8,1.71428571,16017.00000000,39984.00000000,286,1139.14529915,0.24301320,0.35271390,47,1.33903134,0.75000000,815.00000000,1396.00000000,5.00000000,1,out_of_time,543.62585030,562.14989754,190.62718502,3.12400064,2023-01-22
pg-7ba9ad1fb1e5b0d9,ESPORTSTMNT03_3091827,2023-01-27T01:22:35,2023-01-27,2023,Unknown,0,13.01,Blue,oe:team:ca619ab78f35d18f498c11f812542e0,Cremas Esports,oe:team:920c52a8d7dbd6f216f9e59b825abc8,Antares Esports,oe:player:32dc07c1aa7fd284d0185619c6f9711,AlienBoy,bot,Caitlyn,oe:player:ffac14a6607a6bd8d49177cf8f8be81,Jhin,bot:Caitlyn,lineup-2b43dc05c5f90b7d,1,1651.00000000,27.51666667,6,1,4,10.00000000,12930.00000000,12387.00000000,252,450.16353725,0.25502959,0.24044023,41,1.49000606,0.90909091,449.00000000,77.00000000,8.00000000,1,out_of_time,530.25648132,614.16943750,291.85592844,-0.27442631,2023-01-22
pg-c6bdb45c804e59bb,ESPORTSTMNT03_3091827,2023-01-27T01:22:35,2023-01-27,2023,Unknown,0,13.01,Blue,oe:team:ca619ab78f35d18f498c11f812542e0,Cremas Esports,oe:team:920c52a8d7dbd6f216f9e59b825abc8,Antares Esports,oe:player:fac747e9c68a89da88dad294bf5ed51,Annataqui,jng,Sejuani,oe:player:89faa52485aadb6d1181384f88d2001,Wukong,jng:Sejuani,lineup-2b43dc05c5f90b7d,1,1651.00000000,27.51666667,1,1,9,10.00000000,8592.00000000,8640.00000000,141,313.99152029,0.16946746,0.16770837,41,1.49000606,0.90909091,-276.00000000,127.00000000,12.00000000,1,out_of_time,387.63039229,381.10458831,134.41855863,-0.54783263,2023-01-22
pg-4ab2815f6e158017,ESPORTSTMNT03_3091827,2023-01-27T01:22:35,2023-01-27,2023,Unknown,0,13.01,Blue,oe:team:ca619ab78f35d18f498c11f812542e0,Cremas Esports,oe:team:920c52a8d7dbd6f216f9e59b825abc8,Antares Esports,oe:player:cdfb3072efbda7fd96b432e865f0e55,Galeon,mid,Taliyah,oe:player:f9b5b8411d091894ce57cd1f60a43e5,Swain,mid:Taliyah,lineup-2b43dc05c5f90b7d,1,1651.00000000,27.51666667,2,0,7,9.00000000,11377.00000000,11509.00000000,252,418.25560267,0.22439842,0.22339765,43,1.56268928,0.81818182,703.00000000,1315.00000000,17.00000000,1,out_of_time,543.91948492,602.76235926,214.62294787,-0.58551000,2023-01-22
pg-7c34fbeb62021f8b,ESPORTSTMNT03_3091827,2023-01-27T01:22:35,2023-01-27,2023,Unknown,0,13.01,Blue,oe:team:ca619ab78f35d18f498c11f812542e0,Cremas Esports,oe:team:920c52a8d7dbd6f216f9e59b825abc8,Antares Esports,oe:player:2eb2a12f1608b0150cc7050b061bc83,khaN,sup,Karma,oe:player:82149ecaf276ed04da8783eeffb2ac0,Ashe,sup:Karma,lineup-2b43dc05c5f90b7d,1,1651.00000000,27.51666667,1,0,10,11.00000000,7224.00000000,4775.00000000,15,173.53119322,0.14248521,0.09268605,58,2.10781345,1.00000000,108.00000000,229.00000000,-3.00000000,1,out_of_time,291.65470324,181.54099284,76.84462380,-1.53717338,2023-01-22
pg-76c1416833d2d211,ESPORTSTMNT03_3091827,2023-01-27T01:22:35,2023-01-27,2023,Unknown,0,13.01,Blue,oe:team:ca619ab78f35d18f498c11f812542e0,Cremas Esports,oe:team:920c52a8d7dbd6f216f9e59b825abc8,Antares Esports,oe:player:a9e2d00e60f059e223d82301a50182c,Abaddon,top,Gnar,oe:player:4fa807dbb2b3e07b6eacded6065c8f9,K'Sante,top:Gnar,lineup-2b43dc05c5f90b7d,1,1651.00000000,27.51666667,1,0,8,9.00000000,10577.00000000,14207.00000000,224,516.30526953,0.20861933,0.27576769,27,0.98122350,0.81818182,167.00000000,373.00000000,9.00000000,1,out_of_time,521.49739088,562.14989754,190.62718502,-0.02723705,2023-01-22
pg-716c347c95781d0b,ESPORTSTMNT03_3091827,2023-01-27T01:22:35,2023-01-27,2023,Unknown,0,13.01,Red,oe:team:920c52a8d7dbd6f216f9e59b825abc8,Antares Esports,oe:team:ca619ab78f35d18f498c11f812542e0,Cremas Esports,oe:player:ffac14a6607a6bd8d49177cf8f8be81,Zeldris,bot,Jhin,oe:player:32dc07c1aa7fd284d0185619c6f9711,Caitlyn,bot:Jhin,lineup-dfd6f3a2fa03d727,0,1651.00000000,27.51666667,1,1,1,2.00000000,9577.00000000,10809.00000000,225,392.81647486,0.24374539,0.26339003,16,0.58146578,1.00000000,-449.00000000,-77.00000000,-8.00000000,1,out_of_time,539.71355591,614.16943750,291.85592844,-0.50332053,2023-01-22
pg-a5ca22041d2e809c,ESPORTSTMNT03_3091827,2023-01-27T01:22:35,2023-01-27,2023,Unknown,0,13.01,Red,oe:team:920c52a8d7dbd6f216f9e59b825abc8,Antares Esports,oe:team:ca619ab78f35d18f498c11f812542e0,Cremas Esports,oe:player:89faa52485aadb6d1181384f88d2001,Encounters,jng,Wukong,oe:player:fac747e9c68a89da88dad294bf5ed51,Sejuani,jng:Wukong,lineup-dfd6f3a2fa03d727,0,1651.00000000,27.51666667,0,2,2,1.00000000,7883.00000000,7047.00000000,135,256.09933374,0.20063119,0.17171889,38,1.38098122,1.00000000,276.00000000,-127.00000000,-12.00000000,1,out_of_time,395.98571449,381.10458831,134.41855863,-1.04067758,2023-01-22
pg-ee4bf9e669be5f33,ESPORTSTMNT03_3091827,2023-01-27T01:22:35,2023-01-27,2023,Unknown,0,13.01,Red,oe:team:920c52a8d7dbd6f216f9e59b825abc8,Antares Esports,oe:team:ca619ab78f35d18f498c11f812542e0,Cremas Esports,oe:player:f9b5b8411d091894ce57cd1f60a43e5,Superbia,mid,Swain,oe:player:cdfb3072efbda7fd96b432e865f0e55,Taliyah,mid:Swain,lineup-dfd6f3a2fa03d727,0,1651.00000000,27.51666667,0,3,2,0.66666667,7941.00000000,11699.00000000,189,425.16050878,0.20210735,0.28507725,27,0.98122350,1.00000000,-703.00000000,-1315.00000000,-17.00000000,1,out_of_time,539.37252609,602.76235926,214.62294787,-0.53215194,2023-01-22
pg-54a352a3c430070d,ESPORTSTMNT03_3091827,2023-01-27T01:22:35,2023-01-27,2023,Unknown,0,13.01,Red,oe:team:920c52a8d7dbd6f216f9e59b825abc8,Antares Esports,oe:team:ca619ab78f35d18f498c11f812542e0,Cremas Esports,oe:player:82149ecaf276ed04da8783eeffb2ac0,Jagger,sup,Ashe,oe:player:2eb2a12f1608b0150cc7050b061bc83,Karma,sup:Ashe,lineup-dfd6f3a2fa03d727,0,1651.00000000,27.51666667,0,2,2,1.00000000,5350.00000000,6146.00000000,17,223.35554210,0.13616350,0.14976363,64,2.32586311,1.00000000,-108.00000000,-229.00000000,3.00000000,1,out_of_time,275.63929722,181.54099284,76.84462380,-0.68038273,2023-01-22
pg-69c6a72228996a67,ESPORTSTMNT03_3091827,2023-01-27T01:22:35,2023-01-27,2023,Unknown,0,13.01,Red,oe:team:920c52a8d7dbd6f216f9e59b825abc8,Antares Esports,oe:team:ca619ab78f35d18f498c11f812542e0,Cremas Esports,oe:player:4fa807dbb2b3e07b6eacded6065c8f9,Bingus,top,K'Sante,oe:player:a9e2d00e60f059e223d82301a50182c,Gnar,top:K'Sante,lineup-dfd6f3a2fa03d727,0,1651.00000000,27.51666667,1,3,1,0.66666667,8540.00000000,5337.00000000,204,193.95517868,0.21735257,0.13005020,24,0.87219867,1.00000000,-167.00000000,-373.00000000,-9.00000000,1,out_of_time,511.21339720,562.14989754,190.62718502,-1.66428633,2023-01-22
pg-8f793fa7172aa752,ESPORTSTMNT03_3091833,2023-01-27T02:21:40,2023-01-27,2023,Unknown,0,13.01,Blue,oe:team:e40cdcb20302c0240d2084c909668aa,Diamond Doves,oe:team:dcf87563dff3f23d3985a5bac289345,Vipers,oe:player:a9159216ea197997ac9c7fd4b85a4d3,Kasamura,bot,Caitlyn,oe:player:213f7b5efbc9490107dbfc9114ca7ef,Varus,bot:Caitlyn,lineup-6fac6a4a374a9223,1,1963.00000000,32.71666667,3,2,11,7.00000000,12185.00000000,13551.00000000,223,414.19256240,0.19148869,0.16635771,46,1.40601121,0.50000000,-727.00000000,-710.00000000,-42.00000000,1,out_of_time,539.66204782,614.16943750,291.85592844,-0.42990213,2023-01-22
pg-3af12a5f13df0b2c,ESPORTSTMNT03_3091833,2023-01-27T02:21:40,2023-01-27,2023,Unknown,0,13.01,Blue,oe:team:e40cdcb20302c0240d2084c909668aa,Diamond Doves,oe:team:dcf87563dff3f23d3985a5bac289345,Vipers,oe:player:1fcb99a1ab06e1e36635365ed3e59ce,Kalium,jng,Vi,oe:player:1c0bc319e4869b47fe4f29cc4923462,Sejuani,jng:Vi,lineup-6fac6a4a374a9223,1,1963.00000000,32.71666667,6,2,15,10.50000000,14396.00000000,15238.00000000,176,465.75649516,0.22623482,0.18706802,47,1.43657667,0.75000000,1170.00000000,239.00000000,-4.00000000,1,out_of_time,399.66101054,381.10458831,134.41855863,0.49171398,2023-01-22
pg-f842f6528e0c6d0e,ESPORTSTMNT03_3091833,2023-01-27T02:21:40,2023-01-27,2023,Unknown,0,13.01,Blue,oe:team:e40cdcb20302c0240d2084c909668aa,Diamond Doves,oe:team:dcf87563dff3f23d3985a5bac289345,Vipers,oe:player:b14f11e18a9089420d5cd22bf07b917,Toady,mid,Akali,oe:player:b90df8937f33cd7f3d559a1f384d2c7,Taliyah,mid:Akali,lineup-6fac6a4a374a9223,1,1963.00000000,32.71666667,11,3,9,6.66666667,15135.00000000,25733.00000000,223,786.54100866,0.23784829,0.31590901,28,0.85583291,0.71428571,947.00000000,819.00000000,17.00000000,1,out_of_time,556.83074481,602.76235926,214.62294787,1.07029684,2023-01-22
pg-8d0211d920a0d304,ESPORTSTMNT03_3091833,2023-01-27T02:21:40,2023-01-27,2023,Unknown,0,13.01,Blue,oe:team:e40cdcb20302c0240d2084c909668aa,Diamond Doves,oe:team:dcf87563dff3f23d3985a5bac289345,Vipers,oe:player:f904062611b2ce16713e2429ed766c4,AdrYh,sup,Ashe,oe:player:5a63f3e7e2b4282f07785cdc895d624,Karma,sup:Ashe,lineup-6fac6a4a374a9223,1,1963.00000000,32.71666667,2,3,12,4.66666667,8957.00000000,11279.00000000,40,344.74783495,0.14076030,0.13846569,87,2.65919511,0.50000000,-726.00000000,-433.00000000,6.00000000,1,out_of_time,304.62172979,181.54099284,76.84462380,0.52217193,2023-01-22
pg-7f03f272e4a2dd24,ESPORTSTMNT03_3091833,2023-01-27T02:21:40,2023-01-27,2023,Unknown,0,13.01,Blue,oe:team:e40cdcb20302c0240d2084c909668aa,Diamond Doves,oe:team:dcf87563dff3f23d3985a5bac289345,Vipers,oe:player:43260cdc1d99d1fd01ad7bf83c2cb2a,deathleap,top,Ornn,oe:player:5b4335a3832ac5a3bb3d24f8bb8687c,Jayce,top:Ornn,lineup-6fac6a4a374a9223,1,1963.00000000,32.71666667,6,2,8,7.00000000,12960.00000000,15656.00000000,220,478.53285787,0.20366791,0.19219957,40,1.22261844,0.50000000,-1847.00000000,-504.00000000,-25.00000000,1,out_of_time,512.76550912,562.14989754,190.62718502,-0.17957906,2023-01-22
pg-3176d80e96ffb5e1,ESPORTSTMNT03_3091833,2023-01-27T02:21:40,2023-01-27,2023,Unknown,0,13.01,Red,oe:team:dcf87563dff3f23d3985a5bac289345,Vipers,oe:team:e40cdcb20302c0240d2084c909668aa,Diamond Doves,oe:player:213f7b5efbc9490107dbfc9114ca7ef,S34NDR0M3,bot,Varus,oe:player:a9159216ea197997ac9c7fd4b85a4d3,Caitlyn,bot:Varus,lineup-82f9230662848a00,0,1963.00000000,32.71666667,2,6,3,0.83333333,11575.00000000,16552.00000000,248,505.91951095,0.21474157,0.20068382,28,0.85583291,0.41666667,727.00000000,710.00000000,42.00000000,1,out_of_time,553.87205028,614.16943750,291.85592844,-0.16430209,2023-01-22
pg-83e45d801d6084d7,ESPORTSTMNT03_3091833,2023-01-27T02:21:40,2023-01-27,2023,Unknown,0,13.01,Red,oe:team:dcf87563dff3f23d3985a5bac289345,Vipers,oe:team:e40cdcb20302c0240d2084c909668aa,Diamond Doves,oe:player:1c0bc319e4869b47fe4f29cc4923462,Leinad,jng,Sejuani,oe:player:1fcb99a1ab06e1e36635365ed3e59ce,Vi,jng:Sejuani,lineup-82f9230662848a00,0,1963.00000000,32.71666667,2,6,6,1.33333333,9955.00000000,14098.00000000,175,430.91186959,0.18468702,0.17093043,47,1.43657667,0.66666667,-1170.00000000,-239.00000000,4.00000000,1,out_of_time,390.59682553,381.10458831,134.41855863,0.29992171,2023-01-22
pg-da0a73ebb4d923e0,ESPORTSTMNT03_3091833,2023-01-27T02:21:40,2023-01-27,2023,Unknown,0,13.01,Red,oe:team:dcf87563dff3f23d3985a5bac289345,Vipers,oe:team:e40cdcb20302c0240d2084c909668aa,Diamond Doves,oe:player:b90df8937f33cd7f3d559a1f384d2c7,Uparela,mid,Taliyah,oe:player:b14f11e18a9089420d5cd22bf07b917,Akali,mid:Taliyah,lineup-82f9230662848a00,0,1963.00000000,32.71666667,3,6,3,1.00000000,10985.00000000,19211.00000000,232,587.19307183,0.20379578,0.23292272,19,0.58074376,0.50000000,-947.00000000,-819.00000000,-17.00000000,1,out_of_time,532.83696750,602.76235926,214.62294787,0.25326325,2023-01-22
pg-71366851bb296968,ESPORTSTMNT03_3091833,2023-01-27T02:21:40,2023-01-27,2023,Unknown,0,13.01,Red,oe:team:dcf87563dff3f23d3985a5bac289345,Vipers,oe:team:e40cdcb20302c0240d2084c909668aa,Diamond Doves,oe:player:5a63f3e7e2b4282f07785cdc895d624,Shiku,sup,Karma,oe:player:f904062611b2ce16713e2429ed766c4,Ashe,sup:Karma,lineup-82f9230662848a00,0,1963.00000000,32.71666667,2,3,6,2.66666667,7918.00000000,11822.00000000,31,361.34488029,0.14689622,0.14333519,86,2.62862965,0.66666667,726.00000000,433.00000000,-6.00000000,1,out_of_time,280.73902494,181.54099284,76.84462380,1.04894593,2023-01-22
pg-341391fef1a2a2ff,ESPORTSTMNT03_3091833,2023-01-27T02:21:40,2023-01-27,2023,Unknown,0,13.01,Red,oe:team:dcf87563dff3f23d3985a5bac289345,Vipers,oe:team:e40cdcb20302c0240d2084c909668aa,Diamond Doves,oe:player:5b4335a3832ac5a3bb3d24f8bb8687c,ByFalco,top,Jayce,oe:player:43260cdc1d99d1fd01ad7bf83c2cb2a,Ornn,top:Jayce,lineup-82f9230662848a00,0,1963.00000000,32.71666667,3,7,2,0.71428571,13469.00000000,20795.00000000,246,635.60876210,0.24987941,0.25212784,23,0.70300560,0.41666667,1847.00000000,504.00000000,25.00000000,1,out_of_time,525.64129977,562.14989754,190.62718502,0.57687188,2023-01-22
pg-98f834c1e1064b02,ESPORTSTMNT03_3090807,2023-01-27T03:26:32,2023-01-27,2023,Unknown,0,13.01,Blue,oe:team:dcf87563dff3f23d3985a5bac289345,Vipers,oe:team:e40cdcb20302c0240d2084c909668aa,Diamond Doves,oe:player:213f7b5efbc9490107dbfc9114ca7ef,S34NDR0M3,bot,Seraphine,oe:player:a9159216ea197997ac9c7fd4b85a4d3,Varus,bot:Seraphine,lineup-82f9230662848a00,1,2376.00000000,39.60000000,3,1,16,19.00000000,15990.00000000,21617.00000000,304,545.88383838,0.22306855,0.20741302,61,1.54040404,0.90476190,329.00000000,-297.00000000,-8.00000000,1,out_of_time,539.27591905,614.16943750,291.85592844,0.02264103,2023-01-22
pg-edf9d5b6ad5dc1a7,ESPORTSTMNT03_3090807,2023-01-27T03:26:32,2023-01-27,2023,Unknown,0,13.01,Blue,oe:team:dcf87563dff3f23d3985a5bac289345,Vipers,oe:team:e40cdcb20302c0240d2084c909668aa,Diamond Doves,oe:player:1c0bc319e4869b47fe4f29cc4923462,Leinad,jng,Viego,oe:player:1fcb99a1ab06e1e36635365ed3e59ce,Vi,jng:Viego,lineup-82f9230662848a00,1,2376.00000000,39.60000000,11,3,9,6.66666667,16551.00000000,23629.00000000,238,596.69191919,0.23089479,0.22671797,62,1.56565657,0.95238095,949.00000000,-731.00000000,-11.00000000,1,out_of_time,397.43570039,381.10458831,134.41855863,1.48235646,2023-01-22
pg-41ac269de6dd32c4,ESPORTSTMNT03_3090807,2023-01-27T03:26:32,2023-01-27,2023,Unknown,0,13.01,Blue,oe:team:dcf87563dff3f23d3985a5bac289345,Vipers,oe:team:e40cdcb20302c0240d2084c909668aa,Diamond Doves,oe:player:b90df8937f33cd7f3d559a1f384d2c7,Uparela,mid,Yasuo,oe:player:b14f11e18a9089420d5cd22bf07b917,Akali,mid:Yasuo,lineup-82f9230662848a00,1,2376.00000000,39.60000000,2,5,11,2.60000000,13874.00000000,18631.00000000,238,470.47979798,0.19354929,0.17876264,17,0.42929293,0.61904762,284.00000000,159.00000000,18.00000000,1,out_of_time,535.61423622,602.76235926,214.62294787,-0.30348310,2023-01-22
pg-777b5ae774625d6f,ESPORTSTMNT03_3090807,2023-01-27T03:26:32,2023-01-27,2023,Unknown,0,13.01,Blue,oe:team:dcf87563dff3f23d3985a5bac289345,Vipers,oe:team:e40cdcb20302c0240d2084c909668aa,Diamond Doves,oe:player:5a63f3e7e2b4282f07785cdc895d624,Shiku,sup,Ashe,oe:player:54c3130f744c5c2fcba05310b893f8e,Braum,sup:Ashe,lineup-82f9230662848a00,1,2376.00000000,39.60000000,1,2,15,8.00000000,10696.00000000,13865.00000000,30,350.12626263,0.14921459,0.13303333,138,3.48484848,0.76190476,34.00000000,-404.00000000,-21.00000000,1,out_of_time,285.62366404,181.54099284,76.84462380,0.83938987,2023-01-22
pg-72a9397f809739f6,ESPORTSTMNT03_3090807,2023-01-27T03:26:32,2023-01-27,2023,Unknown,0,13.01,Blue,oe:team:dcf87563dff3f23d3985a5bac289345,Vipers,oe:team:e40cdcb20302c0240d2084c909668aa,Diamond Doves,oe:player:5b4335a3832ac5a3bb3d24f8bb8687c,ByFalco,top,Malphite,oe:player:43260cdc1d99d1fd01ad7bf83c2cb2a,Riven,top:Malphite,lineup-82f9230662848a00,1,2376.00000000,39.60000000,4,1,11,15.00000000,14571.00000000,26480.00000000,257,668.68686869,0.20327279,0.25407304,40,1.01010101,0.71428571,-97.00000000,-682.00000000,-22.00000000,1,out_of_time,520.01967305,562.14989754,190.62718502,0.77988455,2023-01-22
pg-a7079a8c3a3897c0,ESPORTSTMNT03_3090807,2023-01-27T03:26:32,2023-01-27,2023,Unknown,0,13.01,Red,oe:team:e40cdcb20302c0240d2084c909668aa,Diamond Doves,oe:team:dcf87563dff3f23d3985a5bac289345,Vipers,oe:player:a9159216ea197997ac9c7fd4b85a4d3,Kasamura,bot,Varus,oe:player:213f7b5efbc9490107dbfc9114ca7ef,Seraphine,bot:Varus,lineup-bf5054aef6760743,0,2376.00000000,39.60000000,3,3,1,1.33333333,14593.00000000,27626.00000000,299,697.62626263,0.23352536,0.31080260,28,0.70707071,0.33333333,-329.00000000,297.00000000,8.00000000,1,out_of_time,533.10684534,614.16943750,291.85592844,0.56370079,2023-01-22
pg-89f3b7f49d89bbaf,ESPORTSTMNT03_3090807,2023-01-27T03:26:32,2023-01-27,2023,Unknown,0,13.01,Red,oe:team:e40cdcb20302c0240d2084c909668aa,Diamond Doves,oe:team:dcf87563dff3f23d3985a5bac289345,Vipers,oe:player:1fcb99a1ab06e1e36635365ed3e59ce,Kalium,jng,Vi,oe:player:1c0bc319e4869b47fe4f29cc4923462,Viego,jng:Vi,lineup-bf5054aef6760743,0,2376.00000000,39.60000000,2,5,7,1.80000000,12238.00000000,12160.00000000,212,307.07070707,0.19583933,0.13680445,55,1.38888889,0.75000000,-949.00000000,731.00000000,11.00000000,1,out_of_time,392.52292643,381.10458831,134.41855863,-0.63571742,2023-01-22
pg-aec7ed325a386eb9,ESPORTSTMNT03_3090807,2023-01-27T03:26:32,2023-01-27,2023,Unknown,0,13.01,Red,oe:team:e40cdcb20302c0240d2084c909668aa,Diamond Doves,oe:team:dcf87563dff3f23d3985a5bac289345,Vipers,oe:player:b14f11e18a9089420d5cd22bf07b917,Toady,mid,Akali,oe:player:b90df8937f33cd7f3d559a1f384d2c7,Yasuo,mid:Akali,lineup-bf5054aef6760743,0,2376.00000000,39.60000000,3,3,5,2.66666667,13881.00000000,22110.00000000,269,558.33333333,0.22213154,0.24874558,43,1.08585859,0.66666667,-284.00000000,-159.00000000,-18.00000000,1,out_of_time,525.14361209,602.76235926,214.62294787,0.15464200,2023-01-22
pg-643016e8a078878b,ESPORTSTMNT03_3090807,2023-01-27T03:26:32,2023-01-27,2023,Unknown,0,13.01,Red,oe:team:e40cdcb20302c0240d2084c909668aa,Diamond Doves,oe:team:dcf87563dff3f23d3985a5bac289345,Vipers,oe:player:54c3130f744c5c2fcba05310b893f8e,Edo,sup,Braum,oe:player:5a63f3e7e2b4282f07785cdc895d624,Ashe,sup:Braum,lineup-bf5054aef6760743,0,2376.00000000,39.60000000,1,4,7,2.00000000,8029.00000000,4326.00000000,37,109.24242424,0.12848456,0.04866908,112,2.82828283,0.66666667,-34.00000000,404.00000000,21.00000000,1,out_of_time,273.79943162,181.54099284,76.84462380,-2.14142512,2023-01-22
pg-b07e9b6347a3b007,ESPORTSTMNT03_3090807,2023-01-27T03:26:32,2023-01-27,2023,Unknown,0,13.01,Red,oe:team:e40cdcb20302c0240d2084c909668aa,Diamond Doves,oe:team:dcf87563dff3f23d3985a5bac289345,Vipers,oe:player:43260cdc1d99d1fd01ad7bf83c2cb2a,deathleap,top,Riven,oe:player:5b4335a3832ac5a3bb3d24f8bb8687c,Malphite,top:Riven,lineup-bf5054aef6760743,0,2376.00000000,39.60000000,3,6,4,1.16666667,13749.00000000,22664.00000000,313,572.32323232,0.22001920,0.25497829,34,0.85858586,0.58333333,97.00000000,682.00000000,22.00000000,1,out_of_time,545.02387244,562.14989754,190.62718502,0.14320812,2023-01-22
pg-d64dfc43ad1b14df,ESPORTSTMNT03_3094449,2023-01-28T22:27:17,2023-01-28,2023,Unknown,0,13.01,Blue,oe:team:2a7fc0772538d018f713520c5e90ee0,Red Eye Esports,oe:team:32c3055d495d91676e208b0c8997536,Incubus,oe:player:f9e979b704253c4e9a714baefb25263,Lil Carry,bot,Xayah,oe:player:54861efdd06fc309e1c9a420feff98e,Aphelios,bot:Xayah,lineup-61b2a3e51d6f00a6,0,1913.00000000,31.88333333,3,2,3,3.00000000,12099.00000000,14720.00000000,283,461.68322007,0.25183690,0.23881372,37,1.16048092,0.66666667,778.00000000,472.00000000,7.00000000,1,out_of_time,614.46395520,614.16943750,291.85592844,-0.52347998,2023-01-22
pg-229cf75501685cb9,ESPORTSTMNT03_3094449,2023-01-28T22:27:17,2023-01-28,2023,Unknown,0,13.01,Blue,oe:team:2a7fc0772538d018f713520c5e90ee0,Red Eye Esports,oe:team:32c3055d495d91676e208b0c8997536,Incubus,oe:player:09df9e68902cee8732f903bbead50a9,Rainight,jng,Sejuani,oe:player:e48399fc3f73709f52da476693e76ac,Elise,jng:Sejuani,lineup-61b2a3e51d6f00a6,0,1913.00000000,31.88333333,3,3,5,2.66666667,8797.00000000,8542.00000000,139,267.91427078,0.18310680,0.13858334,30,0.94093048,0.88888889,-58.00000000,193.00000000,15.00000000,1,out_of_time,457.06607589,381.10458831,134.41855863,-1.40718519,2023-01-22
pg-4e0d5902732c8b4a,ESPORTSTMNT03_3094449,2023-01-28T22:27:17,2023-01-28,2023,Unknown,0,13.01,Blue,oe:team:2a7fc0772538d018f713520c5e90ee0,Red Eye Esports,oe:team:32c3055d495d91676e208b0c8997536,Incubus,oe:player:db4135a498b36bfddcec0580d9c2d72,Sinner Crow,mid,Cassiopeia,oe:player:5323274d1d895fb72872217f95701c6,Sylas,mid:Cassiopeia,lineup-61b2a3e51d6f00a6,0,1913.00000000,31.88333333,2,3,3,1.66666667,11177.00000000,24926.00000000,269,781.78776790,0.23264575,0.40439339,32,1.00365917,0.55555556,-1088.00000000,-611.00000000,-29.00000000,1,out_of_time,596.47737359,602.76235926,214.62294787,0.86342302,2023-01-22
pg-86943432e17014b8,ESPORTSTMNT03_3094449,2023-01-28T22:27:17,2023-01-28,2023,Unknown,0,13.01,Blue,oe:team:2a7fc0772538d018f713520c5e90ee0,Red Eye Esports,oe:team:32c3055d495d91676e208b0c8997536,Incubus,oe:player:9c8834ac0a7a7aaa66010ded94db1db,Cassius,sup,Thresh,oe:player:1a78e472bae7d14a62db8e30ea6cfd9,Ashe,sup:Thresh,lineup-61b2a3e51d6f00a6,0,1913.00000000,31.88333333,1,4,6,1.75000000,7102.00000000,3958.00000000,47,124.14009409,0.14782591,0.06421363,97,3.04234187,0.77777778,434.00000000,675.00000000,20.00000000,1,out_of_time,344.02127751,181.54099284,76.84462380,-2.86137367,2023-01-22
pg-bdffc3b37f55cce4,ESPORTSTMNT03_3094449,2023-01-28T22:27:17,2023-01-28,2023,Unknown,0,13.01,Blue,oe:team:2a7fc0772538d018f713520c5e90ee0,Red Eye Esports,oe:team:32c3055d495d91676e208b0c8997536,Incubus,oe:player:b9dfa3efb116230e2a05ff9f568e763,Dertako,top,K'Sante,oe:player:dfeef0ad11329eb650c8146697b943e,Renekton,top:K'Sante,lineup-61b2a3e51d6f00a6,0,1913.00000000,31.88333333,0,3,1,0.33333333,8868.00000000,9492.00000000,198,297.71040251,0.18458464,0.15399591,21,0.65865133,0.11111111,-1289.00000000,-819.00000000,-46.00000000,1,out_of_time,584.99282277,562.14989754,190.62718502,-1.50703805,2023-01-22
pg-cc7a966163f3ecd1,ESPORTSTMNT03_3094449,2023-01-28T22:27:17,2023-01-28,2023,Unknown,0,13.01,Red,oe:team:32c3055d495d91676e208b0c8997536,Incubus,oe:team:2a7fc0772538d018f713520c5e90ee0,Red Eye Esports,oe:player:54861efdd06fc309e1c9a420feff98e,Scenario,bot,Aphelios,oe:player:f9e979b704253c4e9a714baefb25263,Xayah,bot:Aphelios,lineup-fc51ce60bc518eb2,1,1913.00000000,31.88333333,2,2,8,5.00000000,13286.00000000,20088.00000000,296,630.04704652,0.21622941,0.25459753,33,1.03502352,0.66666667,-778.00000000,-472.00000000,-7.00000000,1,out_of_time,608.53337531,614.16943750,291.85592844,0.07371333,2023-01-22
pg-4496c2c6f7491175,ESPORTSTMNT03_3094449,2023-01-28T22:27:17,2023-01-28,2023,Unknown,0,13.01,Red,oe:team:32c3055d495d91676e208b0c8997536,Incubus,oe:team:2a7fc0772538d018f713520c5e90ee0,Red Eye Esports,oe:player:e48399fc3f73709f52da476693e76ac,Shall,jng,Elise,oe:player:09df9e68902cee8732f903bbead50a9,Sejuani,jng:Elise,lineup-fc51ce60bc518eb2,1,1913.00000000,31.88333333,2,3,8,3.33333333,11291.00000000,15227.00000000,143,477.58494511,0.18376082,0.19298868,57,1.78776790,0.66666667,58.00000000,-193.00000000,-15.00000000,1,out_of_time,441.92824753,381.10458831,134.41855863,0.26526618,2023-01-22
pg-3cdb457c61fc698f,ESPORTSTMNT03_3094449,2023-01-28T22:27:17,2023-01-28,2023,Unknown,0,13.01,Red,oe:team:32c3055d495d91676e208b0c8997536,Incubus,oe:team:2a7fc0772538d018f713520c5e90ee0,Red Eye Esports,oe:player:5323274d1d895fb72872217f95701c6,Dinastik,mid,Sylas,oe:player:db4135a498b36bfddcec0580d9c2d72,Cassiopeia,mid:Sylas,lineup-fc51ce60bc518eb2,1,1913.00000000,31.88333333,10,1,3,13.00000000,15457.00000000,18744.00000000,299,587.89336121,0.25156240,0.23756353,29,0.90956613,0.86666667,1088.00000000,611.00000000,29.00000000,1,out_of_time,562.55148435,602.76235926,214.62294787,0.11807627,2023-01-22
pg-edd598c2b9d2b925,ESPORTSTMNT03_3094449,2023-01-28T22:27:17,2023-01-28,2023,Unknown,0,13.01,Red,oe:team:32c3055d495d91676e208b0c8997536,Incubus,oe:team:2a7fc0772538d018f713520c5e90ee0,Red Eye Esports,oe:player:1a78e472bae7d14a62db8e30ea6cfd9,Ceviche,sup,Ashe,oe:player:9c8834ac0a7a7aaa66010ded94db1db,Thresh,sup:Ashe,lineup-fc51ce60bc518eb2,1,1913.00000000,31.88333333,0,2,10,5.00000000,8030.00000000,10497.00000000,31,329.23157344,0.13068811,0.13304014,116,3.63826451,0.66666667,-434.00000000,-675.00000000,-20.00000000,1,out_of_time,315.29966824,181.54099284,76.84462380,0.18129967,2023-01-22
pg-9c3bd0a3a8f3e2c0,ESPORTSTMNT03_3094449,2023-01-28T22:27:17,2023-01-28,2023,Unknown,0,13.01,Red,oe:team:32c3055d495d91676e208b0c8997536,Incubus,oe:team:2a7fc0772538d018f713520c5e90ee0,Red Eye Esports,oe:player:dfeef0ad11329eb650c8146697b943e,JuanDeDios,top,Renekton,oe:player:b9dfa3efb116230e2a05ff9f568e763,K'Sante,top:Renekton,lineup-fc51ce60bc518eb2,1,1913.00000000,31.88333333,1,1,7,8.00000000,13380.00000000,14345.00000000,286,449.92158913,0.21775926,0.18181012,46,1.44276006,0.53333333,1289.00000000,819.00000000,46.00000000,1,out_of_time,553.15981806,562.14989754,190.62718502,-0.54157139,2023-01-22
pg-8d7138bf7615aec9,ESPORTSTMNT03_3092523,2023-01-28T23:28:44,2023-01-28,2023,Unknown,0,13.01,Blue,oe:team:2a7fc0772538d018f713520c5e90ee0,Red Eye Esports,oe:team:32c3055d495d91676e208b0c8997536,Incubus,oe:player:f9e979b704253c4e9a714baefb25263,Lil Carry,bot,Sivir,oe:player:54861efdd06fc309e1c9a420feff98e,Zeri,bot:Sivir,lineup-61b2a3e51d6f00a6,0,1681.00000000,28.01666667,2,1,0,2.00000000,10095.00000000,5868.00000000,245,209.44675788,0.23694958,0.19566522,40,1.42772159,0.28571429,-764.00000000,-942.00000000,-31.00000000,1,out_of_time,695.18125152,614.16943750,291.85592844,-1.66429545,2023-01-22
pg-47b736365f274514,ESPORTSTMNT03_3092523,2023-01-28T23:28:44,2023-01-28,2023,Unknown,0,13.01,Blue,oe:team:2a7fc0772538d018f713520c5e90ee0,Red Eye Esports,oe:team:32c3055d495d91676e208b0c8997536,Incubus,oe:player:09df9e68902cee8732f903bbead50a9,Rainight,jng,Poppy,oe:player:e48399fc3f73709f52da476693e76ac,Jarvan IV,jng:Poppy,lineup-61b2a3e51d6f00a6,0,1681.00000000,28.01666667,0,3,4,1.33333333,6900.00000000,5822.00000000,113,207.80487805,0.16195662,0.19413138,30,1.07079120,0.57142857,-1145.00000000,-166.00000000,-13.00000000,1,out_of_time,463.58024292,381.10458831,134.41855863,-1.90282776,2023-01-22
pg-2070da662d377d74,ESPORTSTMNT03_3092523,2023-01-28T23:28:44,2023-01-28,2023,Unknown,0,13.01,Blue,oe:team:2a7fc0772538d018f713520c5e90ee0,Red Eye Esports,oe:team:32c3055d495d91676e208b0c8997536,Incubus,oe:player:db4135a498b36bfddcec0580d9c2d72,Sinner Crow,mid,Syndra,oe:player:5323274d1d895fb72872217f95701c6,Viktor,mid:Syndra,lineup-61b2a3e51d6f00a6,0,1681.00000000,28.01666667,5,1,1,6.00000000,10957.00000000,10327.00000000,263,368.60202261,0.25718242,0.34434812,26,0.92801904,0.85714286,-95.00000000,-531.00000000,-15.00000000,1,out_of_time,601.90807081,602.76235926,214.62294787,-1.08705080,2023-01-22
pg-f02b6a856cd2d2d5,ESPORTSTMNT03_3092523,2023-01-28T23:28:44,2023-01-28,2023,Unknown,0,13.01,Blue,oe:team:2a7fc0772538d018f713520c5e90ee0,Red Eye Esports,oe:team:32c3055d495d91676e208b0c8997536,Incubus,oe:player:9c8834ac0a7a7aaa66010ded94db1db,Cassius,sup,Karma,oe:player:1a78e472bae7d14a62db8e30ea6cfd9,Lulu,sup:Karma,lineup-61b2a3e51d6f00a6,0,1681.00000000,28.01666667,0,3,5,1.66666667,5827.00000000,3602.00000000,14,128.56632957,0.13677120,0.12010670,63,2.24866151,0.71428571,-95.00000000,495.00000000,-3.00000000,1,out_of_time,320.36913019,181.54099284,76.84462380,-2.49598204,2023-01-22
pg-d258c1bd1ae43084,ESPORTSTMNT03_3092523,2023-01-28T23:28:44,2023-01-28,2023,Unknown,0,13.01,Blue,oe:team:2a7fc0772538d018f713520c5e90ee0,Red Eye Esports,oe:team:32c3055d495d91676e208b0c8997536,Incubus,oe:player:b9dfa3efb116230e2a05ff9f568e763,Dertako,top,K'Sante,oe:player:dfeef0ad11329eb650c8146697b943e,Gnar,top:K'Sante,lineup-61b2a3e51d6f00a6,0,1681.00000000,28.01666667,0,2,1,0.50000000,8825.00000000,4371.00000000,218,156.01427722,0.20714017,0.14574858,13,0.46400952,0.14285714,-1781.00000000,-1263.00000000,-44.00000000,1,out_of_time,576.42133524,562.14989754,190.62718502,-2.20538880,2023-01-22
pg-b80f4a24737309be,ESPORTSTMNT03_3092523,2023-01-28T23:28:44,2023-01-28,2023,Unknown,0,13.01,Red,oe:team:32c3055d495d91676e208b0c8997536,Incubus,oe:team:2a7fc0772538d018f713520c5e90ee0,Red Eye Esports,oe:player:54861efdd06fc309e1c9a420feff98e,Scenario,bot,Zeri,oe:player:f9e979b704253c4e9a714baefb25263,Sivir,bot:Zeri,lineup-fc51ce60bc518eb2,1,1681.00000000,28.01666667,6,1,2,8.00000000,14942.00000000,9190.00000000,316,328.01903629,0.25990607,0.18626616,44,1.57049375,0.80000000,764.00000000,942.00000000,31.00000000,1,out_of_time,600.92928147,614.16943750,291.85592844,-0.93508549,2023-01-22
pg-30a026389366d131,ESPORTSTMNT03_3092523,2023-01-28T23:28:44,2023-01-28,2023,Unknown,0,13.01,Red,oe:team:32c3055d495d91676e208b0c8997536,Incubus,oe:team:2a7fc0772538d018f713520c5e90ee0,Red Eye Esports,oe:player:e48399fc3f73709f52da476693e76ac,Shall,jng,Jarvan IV,oe:player:09df9e68902cee8732f903bbead50a9,Poppy,jng:Jarvan IV,lineup-fc51ce60bc518eb2,1,1681.00000000,28.01666667,0,1,10,10.00000000,10188.00000000,5633.00000000,165,201.05889352,0.17721343,0.11417163,60,2.14158239,1.00000000,1145.00000000,166.00000000,13.00000000,1,out_of_time,438.25810227,381.10458831,134.41855863,-1.76463140,2023-01-22
pg-f1ce995f647a78ae,ESPORTSTMNT03_3092523,2023-01-28T23:28:44,2023-01-28,2023,Unknown,0,13.01,Red,oe:team:32c3055d495d91676e208b0c8997536,Incubus,oe:team:2a7fc0772538d018f713520c5e90ee0,Red Eye Esports,oe:player:5323274d1d895fb72872217f95701c6,Dinastik,mid,Viktor,oe:player:db4135a498b36bfddcec0580d9c2d72,Syndra,mid:Viktor,lineup-fc51ce60bc518eb2,1,1681.00000000,28.01666667,4,0,5,9.00000000,12538.00000000,15655.00000000,300,558.77453896,0.21809010,0.31730107,35,1.24925640,0.90000000,95.00000000,531.00000000,15.00000000,1,out_of_time,578.31142934,602.76235926,214.62294787,-0.09102890,2023-01-22
pg-04c0011a4076afd9,ESPORTSTMNT03_3092523,2023-01-28T23:28:44,2023-01-28,2023,Unknown,0,13.01,Red,oe:team:32c3055d495d91676e208b0c8997536,Incubus,oe:team:2a7fc0772538d018f713520c5e90ee0,Red Eye Esports,oe:player:1a78e472bae7d14a62db8e30ea6cfd9,Ceviche,sup,Lulu,oe:player:9c8834ac0a7a7aaa66010ded94db1db,Karma,sup:Lulu,lineup-fc51ce60bc518eb2,1,1681.00000000,28.01666667,0,3,9,3.00000000,7099.00000000,4198.00000000,14,149.83938132,0.12348234,0.08508655,75,2.67697799,0.90000000,95.00000000,-495.00000000,3.00000000,1,out_of_time,287.17244180,181.54099284,76.84462380,-1.78715249,2023-01-22
pg-f6385a1851b2060e,ESPORTSTMNT03_3092523,2023-01-28T23:28:44,2023-01-28,2023,Unknown,0,13.01,Red,oe:team:32c3055d495d91676e208b0c8997536,Incubus,oe:team:2a7fc0772538d018f713520c5e90ee0,Red Eye Esports,oe:player:dfeef0ad11329eb650c8146697b943e,JuanDeDios,top,Gnar,oe:player:b9dfa3efb116230e2a05ff9f568e763,K'Sante,top:Gnar,lineup-fc51ce60bc518eb2,1,1681.00000000,28.01666667,0,2,2,1.00000000,12723.00000000,14662.00000000,302,523.33135039,0.22130805,0.29717459,26,0.92801904,0.20000000,1781.00000000,1263.00000000,44.00000000,1,out_of_time,549.25639127,562.14989754,190.62718502,-0.13599866,2023-01-22
pg-d84cebfe967dca01,ESPORTSTMNT03_3093499,2023-01-29T00:30:11,2023-01-29,2023,Unknown,0,13.01,Blue,oe:team:9aa855d087642f20ad7e3a7ae5c8251,Spectacled Bears,oe:team:df70cf5eb04453059ae5a4e4e30a392,Mad Kings,oe:player:4d17518b7fc605b3fa42992ec61dd9c,CaTzzz,bot,Jhin,oe:player:c59f2a6c6e7227a313b6d215f5fb153,Caitlyn,bot:Jhin,lineup-cd0ced1529106be0,0,1907.00000000,31.78333333,3,2,1,2.00000000,12390.00000000,9443.00000000,287,297.10540115,0.25532178,0.18686059,39,1.22705821,0.80000000,1184.00000000,201.00000000,18.00000000,1,out_of_time,554.14547879,614.16943750,291.85592844,-0.88070878,2023-01-22
pg-9b1d695ba6b482d4,ESPORTSTMNT03_3093499,2023-01-29T00:30:11,2023-01-29,2023,Unknown,0,13.01,Blue,oe:team:9aa855d087642f20ad7e3a7ae5c8251,Spectacled Bears,oe:team:df70cf5eb04453059ae5a4e4e30a392,Mad Kings,oe:player:027c1647b19ae3c681c2e8d62038627,Vallejo,jng,Maokai,oe:player:914517b9be0b39cd64e61a8f3284995,Graves,jng:Maokai,lineup-cd0ced1529106be0,0,1907.00000000,31.78333333,1,7,4,0.71428571,8356.00000000,15995.00000000,114,503.25117986,0.17219280,0.31651331,48,1.51022549,1.00000000,-1248.00000000,19.00000000,-5.00000000,1,out_of_time,413.06652344,381.10458831,134.41855863,0.67092414,2023-01-22
pg-1cc43df94734d6fa,ESPORTSTMNT03_3093499,2023-01-29T00:30:11,2023-01-29,2023,Unknown,0,13.01,Blue,oe:team:9aa855d087642f20ad7e3a7ae5c8251,Spectacled Bears,oe:team:df70cf5eb04453059ae5a4e4e30a392,Mad Kings,oe:player:18eff78d8fbeb94244572cef0bb4536,Alowhed,mid,Syndra,oe:player:24a97b1b1e5d51b77443b684844af57,Lux,mid:Syndra,lineup-cd0ced1529106be0,0,1907.00000000,31.78333333,1,1,0,1.00000000,11218.00000000,9420.00000000,296,296.38175144,0.23117028,0.18640546,53,1.66754064,0.20000000,377.00000000,538.00000000,24.00000000,1,out_of_time,536.79802844,602.76235926,214.62294787,-1.12017974,2023-01-22
pg-bfcf475458664ac8,ESPORTSTMNT03_3093499,2023-01-29T00:30:11,2023-01-29,2023,Unknown,0,13.01,Blue,oe:team:9aa855d087642f20ad7e3a7ae5c8251,Spectacled Bears,oe:team:df70cf5eb04453059ae5a4e4e30a392,Mad Kings,oe:player:30edf70db68aa84f05d3e72326807b0,Bucket,sup,Xerath,oe:player:c62419314cffbc6e4f3a9b5304e3ddb,Zoe,sup:Xerath,lineup-cd0ced1529106be0,0,1907.00000000,31.78333333,0,3,4,1.33333333,6954.00000000,11232.00000000,28,353.39276350,0.14330167,0.22226180,65,2.04509701,0.80000000,419.00000000,651.00000000,3.00000000,1,out_of_time,294.36111864,181.54099284,76.84462380,0.76819486,2023-01-22
pg-95d542b117b77a27,ESPORTSTMNT03_3093499,2023-01-29T00:30:11,2023-01-29,2023,Unknown,0,13.01,Blue,oe:team:9aa855d087642f20ad7e3a7ae5c8251,Spectacled Bears,oe:team:df70cf5eb04453059ae5a4e4e30a392,Mad Kings,oe:player:36b92108c1f71cd425ded7abc50b86b,Akunma,top,K'Sante,oe:player:7ec4aff3394361255ecfe13ca99b994,Gwen,top:K'Sante,lineup-cd0ced1529106be0,0,1907.00000000,31.78333333,0,3,1,0.33333333,9609.00000000,4445.00000000,233,139.85317252,0.19801348,0.08795884,14,0.44048243,0.20000000,-1095.00000000,-641.00000000,-22.00000000,1,out_of_time,523.29437826,562.14989754,190.62718502,-2.01147179,2023-01-22
pg-53b04765fddac811,ESPORTSTMNT03_3093499,2023-01-29T00:30:11,2023-01-29,2023,Unknown,0,13.01,Red,oe:team:df70cf5eb04453059ae5a4e4e30a392,Mad Kings,oe:team:9aa855d087642f20ad7e3a7ae5c8251,Spectacled Bears,oe:player:c59f2a6c6e7227a313b6d215f5fb153,Snoopy,bot,Caitlyn,oe:player:4d17518b7fc605b3fa42992ec61dd9c,Jhin,bot:Caitlyn,lineup-27687416f41f7c75,1,1907.00000000,31.78333333,2,1,5,7.00000000,12712.00000000,7370.00000000,269,231.88253802,0.20577571,0.11392796,55,1.73046670,0.43750000,-1184.00000000,-201.00000000,-18.00000000,1,out_of_time,496.77722738,614.16943750,291.85592844,-0.90762141,2023-01-22
pg-cbb4a45a564e6b6f,ESPORTSTMNT03_3093499,2023-01-29T00:30:11,2023-01-29,2023,Unknown,0,13.01,Red,oe:team:df70cf5eb04453059ae5a4e4e30a392,Mad Kings,oe:team:9aa855d087642f20ad7e3a7ae5c8251,Spectacled Bears,oe:player:914517b9be0b39cd64e61a8f3284995,Yoyomax,jng,Graves,oe:player:027c1647b19ae3c681c2e8d62038627,Maokai,jng:Graves,lineup-27687416f41f7c75,1,1907.00000000,31.78333333,5,0,7,12.00000000,12619.00000000,8189.00000000,169,257.65076036,0.20427027,0.12658834,81,2.54850551,0.75000000,1248.00000000,-19.00000000,5.00000000,1,out_of_time,383.90814249,381.10458831,134.41855863,-0.93928534,2023-01-22
pg-59073e3f8c500558,ESPORTSTMNT03_3093499,2023-01-29T00:30:11,2023-01-29,2023,Unknown,0,13.01,Red,oe:team:df70cf5eb04453059ae5a4e4e30a392,Mad Kings,oe:team:9aa855d087642f20ad7e3a7ae5c8251,Spectacled Bears,oe:player:24a97b1b1e5d51b77443b684844af57,Alex Mercer,mid,Lux,oe:player:18eff78d8fbeb94244572cef0bb4536,Syndra,mid:Lux,lineup-27687416f41f7c75,1,1907.00000000,31.78333333,3,0,8,11.00000000,12189.00000000,19973.00000000,246,628.41111694,0.19730963,0.30874942,53,1.66754064,0.68750000,-377.00000000,-538.00000000,-24.00000000,1,out_of_time,497.55164725,602.76235926,214.62294787,0.60971798,2023-01-22
pg-eb8436b0455181ab,ESPORTSTMNT03_3093499,2023-01-29T00:30:11,2023-01-29,2023,Unknown,0,13.01,Red,oe:team:df70cf5eb04453059ae5a4e4e30a392,Mad Kings,oe:team:9aa855d087642f20ad7e3a7ae5c8251,Spectacled Bears,oe:player:c62419314cffbc6e4f3a9b5304e3ddb,Melody,sup,Zoe,oe:player:30edf70db68aa84f05d3e72326807b0,Xerath,sup:Zoe,lineup-27687416f41f7c75,1,1907.00000000,31.78333333,2,3,11,4.33333333,8580.00000000,10842.00000000,18,341.12218144,0.13888889,0.16759932,82,2.57996854,0.81250000,-419.00000000,-651.00000000,-3.00000000,1,out_of_time,264.41265785,181.54099284,76.84462380,0.99824190,2023-01-22
pg-97e7fb9907d74181,ESPORTSTMNT03_3093499,2023-01-29T00:30:11,2023-01-29,2023,Unknown,0,13.01,Red,oe:team:df70cf5eb04453059ae5a4e4e30a392,Mad Kings,oe:team:9aa855d087642f20ad7e3a7ae5c8251,Spectacled Bears,oe:player:7ec4aff3394361255ecfe13ca99b994,Siicked,top,Gwen,oe:player:36b92108c1f71cd425ded7abc50b86b,K'Sante,top:Gwen,lineup-27687416f41f7c75,1,1907.00000000,31.78333333,4,1,4,8.00000000,15676.00000000,18316.00000000,300,576.27687467,0.25375550,0.28313495,42,1.32144730,0.50000000,1095.00000000,641.00000000,22.00000000,1,out_of_time,506.66179624,562.14989754,190.62718502,0.36518967,2023-01-22
pg-bf9abb0cb21f03bb,ESPORTSTMNT03_3093507,2023-01-29T01:28:45,2023-01-29,2023,Unknown,0,13.01,Blue,oe:team:9aa855d087642f20ad7e3a7ae5c8251,Spectacled Bears,oe:team:df70cf5eb04453059ae5a4e4e30a392,Mad Kings,oe:player:4d17518b7fc605b3fa42992ec61dd9c,CaTzzz,bot,Ezreal,oe:player:c59f2a6c6e7227a313b6d215f5fb153,Caitlyn,bot:Ezreal,lineup-cd0ced1529106be0,1,2112.00000000,35.20000000,4,0,4,8.00000000,15959.00000000,23620.00000000,358,671.02272727,0.25391800,0.30841951,69,1.96022727,0.61538462,-92.00000000,595.00000000,2.00000000,1,out_of_time,574.44984333,614.16943750,291.85592844,0.33089232,2023-01-22
pg-3f821e227995f4e8,ESPORTSTMNT03_3093507,2023-01-29T01:28:45,2023-01-29,2023,Unknown,0,13.01,Blue,oe:team:9aa855d087642f20ad7e3a7ae5c8251,Spectacled Bears,oe:team:df70cf5eb04453059ae5a4e4e30a392,Mad Kings,oe:player:027c1647b19ae3c681c2e8d62038627,Vallejo,jng,Maokai,oe:player:914517b9be0b39cd64e61a8f3284995,Wukong,jng:Maokai,lineup-cd0ced1529106be0,1,2112.00000000,35.20000000,0,1,6,6.00000000,10770.00000000,11750.00000000,158,333.80681818,0.17135766,0.15342630,89,2.52840909,0.46153846,-723.00000000,-89.00000000,6.00000000,1,out_of_time,399.02366950,381.10458831,134.41855863,-0.48517743,2023-01-22
pg-5709a6d26d724213,ESPORTSTMNT03_3093507,2023-01-29T01:28:45,2023-01-29,2023,Unknown,0,13.01,Blue,oe:team:9aa855d087642f20ad7e3a7ae5c8251,Spectacled Bears,oe:team:df70cf5eb04453059ae5a4e4e30a392,Mad Kings,oe:player:18eff78d8fbeb94244572cef0bb4536,Alowhed,mid,LeBlanc,oe:player:24a97b1b1e5d51b77443b684844af57,Azir,mid:LeBlanc,lineup-cd0ced1529106be0,1,2112.00000000,35.20000000,7,2,3,5.00000000,14925.00000000,20208.00000000,271,574.09090909,0.23746639,0.26386713,60,1.70454545,0.76923077,676.00000000,27.00000000,17.00000000,1,out_of_time,561.58134890,602.76235926,214.62294787,0.05828622,2023-01-22
pg-098d82ac568b7ca0,ESPORTSTMNT03_3093507,2023-01-29T01:28:45,2023-01-29,2023,Unknown,0,13.01,Blue,oe:team:9aa855d087642f20ad7e3a7ae5c8251,Spectacled Bears,oe:team:df70cf5eb04453059ae5a4e4e30a392,Mad Kings,oe:player:30edf70db68aa84f05d3e72326807b0,Bucket,sup,Karma,oe:player:c62419314cffbc6e4f3a9b5304e3ddb,Lux,sup:Karma,lineup-cd0ced1529106be0,1,2112.00000000,35.20000000,0,2,9,4.50000000,8315.00000000,4163.00000000,27,118.26704545,0.13229702,0.05435861,69,1.96022727,0.69230769,-428.00000000,-133.00000000,3.00000000,1,out_of_time,288.38311540,181.54099284,76.84462380,-2.21376671,2023-01-22
pg-2f8313346b5c92f0,ESPORTSTMNT03_3093507,2023-01-29T01:28:45,2023-01-29,2023,Unknown,0,13.01,Blue,oe:team:9aa855d087642f20ad7e3a7ae5c8251,Spectacled Bears,oe:team:df70cf5eb04453059ae5a4e4e30a392,Mad Kings,oe:player:36b92108c1f71cd425ded7abc50b86b,Akunma,top,Camille,oe:player:7ec4aff3394361255ecfe13ca99b994,Fiora,top:Camille,lineup-cd0ced1529106be0,1,2112.00000000,35.20000000,2,2,4,3.00000000,12882.00000000,16843.00000000,256,478.49431818,0.20496094,0.21992844,49,1.39204545,0.46153846,-1250.00000000,-252.00000000,4.00000000,1,out_of_time,521.48711064,562.14989754,190.62718502,-0.22553338,2023-01-22
pg-cbb28f97a650ded1,ESPORTSTMNT03_3093507,2023-01-29T01:28:45,2023-01-29,2023,Unknown,0,13.01,Red,oe:team:df70cf5eb04453059ae5a4e4e30a392,Mad Kings,oe:team:9aa855d087642f20ad7e3a7ae5c8251,Spectacled Bears,oe:player:c59f2a6c6e7227a313b6d215f5fb153,Snoopy,bot,Caitlyn,oe:player:4d17518b7fc605b3fa42992ec61dd9c,Ezreal,bot:Caitlyn,lineup-27687416f41f7c75,0,2112.00000000,35.20000000,1,1,1,2.00000000,12449.00000000,10700.00000000,284,303.97727273,0.22187171,0.18798313,43,1.22159091,0.28571429,92.00000000,-595.00000000,-2.00000000,1,out_of_time,493.06793740,614.16943750,291.85592844,-0.64789044,2023-01-22
pg-8646c33ae7bc3956,ESPORTSTMNT03_3093507,2023-01-29T01:28:45,2023-01-29,2023,Unknown,0,13.01,Red,oe:team:df70cf5eb04453059ae5a4e4e30a392,Mad Kings,oe:team:9aa855d087642f20ad7e3a7ae5c8251,Spectacled Bears,oe:player:914517b9be0b39cd64e61a8f3284995,Yoyomax,jng,Wukong,oe:player:027c1647b19ae3c681c2e8d62038627,Maokai,jng:Wukong,lineup-27687416f41f7c75,0,2112.00000000,35.20000000,3,3,1,1.33333333,10116.00000000,6969.00000000,143,197.98295455,0.18029193,0.12243500,54,1.53409091,0.57142857,723.00000000,89.00000000,-6.00000000,1,out_of_time,377.71252002,381.10458831,134.41855863,-1.33708892,2023-01-22
pg-2ad7f50f8efe2299,ESPORTSTMNT03_3093507,2023-01-29T01:28:45,2023-01-29,2023,Unknown,0,13.01,Red,oe:team:df70cf5eb04453059ae5a4e4e30a392,Mad Kings,oe:team:9aa855d087642f20ad7e3a7ae5c8251,Spectacled Bears,oe:player:24a97b1b1e5d51b77443b684844af57,Alex Mercer,mid,Azir,oe:player:18eff78d8fbeb94244572cef0bb4536,LeBlanc,mid:Azir,lineup-27687416f41f7c75,0,2112.00000000,35.20000000,1,4,2,0.75000000,10639.00000000,13134.00000000,243,373.12500000,0.18961307,0.23074491,46,1.30681818,0.42857143,-676.00000000,-27.00000000,-17.00000000,1,out_of_time,527.33448322,602.76235926,214.62294787,-0.71851349,2023-01-22
pg-fdb5032fbe9a2905,ESPORTSTMNT03_3093507,2023-01-29T01:28:45,2023-01-29,2023,Unknown,0,13.01,Red,oe:team:df70cf5eb04453059ae5a4e4e30a392,Mad Kings,oe:team:9aa855d087642f20ad7e3a7ae5c8251,Spectacled Bears,oe:player:c62419314cffbc6e4f3a9b5304e3ddb,Melody,sup,Lux,oe:player:30edf70db68aa84f05d3e72326807b0,Karma,sup:Lux,lineup-27687416f41f7c75,0,2112.00000000,35.20000000,1,2,2,1.50000000,8282.00000000,9709.00000000,18,275.82386364,0.14760555,0.17057273,60,1.70454545,0.42857143,428.00000000,133.00000000,-3.00000000,1,out_of_time,259.86355400,181.54099284,76.84462380,0.20769585,2023-01-22
pg-650f116b878e9da3,ESPORTSTMNT03_3093507,2023-01-29T01:28:45,2023-01-29,2023,Unknown,0,13.01,Red,oe:team:df70cf5eb04453059ae5a4e4e30a392,Mad Kings,oe:team:9aa855d087642f20ad7e3a7ae5c8251,Spectacled Bears,oe:player:7ec4aff3394361255ecfe13ca99b994,Siicked,top,Fiora,oe:player:36b92108c1f71cd425ded7abc50b86b,Camille,top:Fiora,lineup-27687416f41f7c75,0,2112.00000000,35.20000000,1,3,2,1.00000000,14623.00000000,16408.00000000,316,466.13636364,0.26061773,0.28826423,49,1.39204545,0.42857143,1250.00000000,252.00000000,-4.00000000,1,out_of_time,515.97244960,562.14989754,190.62718502,-0.26143221,2023-01-22
pg-65c453a3b4ed29a2,ESPORTSTMNT03_3098512,2023-02-03T00:07:34,2023-02-03,2023,Unknown,0,13.01,Blue,oe:team:9aa855d087642f20ad7e3a7ae5c8251,Spectacled Bears,oe:team:dcf87563dff3f23d3985a5bac289345,Vipers,oe:player:4d17518b7fc605b3fa42992ec61dd9c,CaTzzz,bot,Lucian,oe:player:213f7b5efbc9490107dbfc9114ca7ef,Zeri,bot:Lucian,lineup-3b10fe8019e141d6,1,1744.00000000,29.06666667,7,1,5,12.00000000,14043.00000000,22015.00000000,262,757.39678899,0.24533972,0.30777727,56,1.92660550,0.63157895,1052.00000000,627.00000000,14.00000000,1,out_of_time,598.48252498,614.16943750,291.85592844,0.54449558,2023-01-22
pg-29aeabd42eb2d770,ESPORTSTMNT03_3098512,2023-02-03T00:07:34,2023-02-03,2023,Unknown,0,13.01,Blue,oe:team:9aa855d087642f20ad7e3a7ae5c8251,Spectacled Bears,oe:team:dcf87563dff3f23d3985a5bac289345,Vipers,oe:player:224734629348b393f3a6d6140e59956,1Curioso,jng,Viego,oe:player:1c0bc319e4869b47fe4f29cc4923462,Wukong,jng:Viego,lineup-3b10fe8019e141d6,1,1744.00000000,29.06666667,4,1,8,12.00000000,10775.00000000,9909.00000000,173,340.90596330,0.18824578,0.13853123,52,1.78899083,0.63157895,277.00000000,670.00000000,16.00000000,1,out_of_time,413.02683125,381.10458831,134.41855863,-0.53653951,2023-01-22
pg-b5da56a1dd9da85b,ESPORTSTMNT03_3098512,2023-02-03T00:07:34,2023-02-03,2023,Unknown,0,13.01,Blue,oe:team:9aa855d087642f20ad7e3a7ae5c8251,Spectacled Bears,oe:team:dcf87563dff3f23d3985a5bac289345,Vipers,oe:player:18eff78d8fbeb94244572cef0bb4536,Alowhed,mid,Ryze,oe:player:b90df8937f33cd7f3d559a1f384d2c7,Galio,mid:Ryze,lineup-3b10fe8019e141d6,1,1744.00000000,29.06666667,5,1,8,13.00000000,12695.00000000,18673.00000000,262,642.41972477,0.22178934,0.26105496,52,1.78899083,0.68421053,510.00000000,445.00000000,23.00000000,1,out_of_time,591.14847350,602.76235926,214.62294787,0.23888988,2023-01-22
pg-fb474a540e342328,ESPORTSTMNT03_3098512,2023-02-03T00:07:34,2023-02-03,2023,Unknown,0,13.01,Blue,oe:team:9aa855d087642f20ad7e3a7ae5c8251,Spectacled Bears,oe:team:dcf87563dff3f23d3985a5bac289345,Vipers,oe:player:30edf70db68aa84f05d3e72326807b0,Bucket,sup,Nami,oe:player:5a63f3e7e2b4282f07785cdc895d624,Lulu,sup:Nami,lineup-3b10fe8019e141d6,1,1744.00000000,29.06666667,0,2,13,6.50000000,7164.00000000,4686.00000000,4,161.21559633,0.12515942,0.06551189,47,1.61697248,0.68421053,-22.00000000,66.00000000,-25.00000000,1,out_of_time,291.74972962,181.54099284,76.84462380,-1.69867620,2023-01-22
pg-fb216b663434681d,ESPORTSTMNT03_3098512,2023-02-03T00:07:34,2023-02-03,2023,Unknown,0,13.01,Blue,oe:team:9aa855d087642f20ad7e3a7ae5c8251,Spectacled Bears,oe:team:dcf87563dff3f23d3985a5bac289345,Vipers,oe:player:36b92108c1f71cd425ded7abc50b86b,Akunma,top,Jax,oe:player:5b4335a3832ac5a3bb3d24f8bb8687c,Gragas,top:Jax,lineup-3b10fe8019e141d6,1,1744.00000000,29.06666667,3,2,1,2.00000000,12562.00000000,16246.00000000,249,558.92201835,0.21946575,0.22712466,15,0.51605505,0.21052632,-1073.00000000,-910.00000000,-16.00000000,1,out_of_time,559.48750186,562.14989754,190.62718502,-0.00296644,2023-01-22
pg-aae9949efa056dfb,ESPORTSTMNT03_3098512,2023-02-03T00:07:34,2023-02-03,2023,Unknown,0,13.01,Red,oe:team:dcf87563dff3f23d3985a5bac289345,Vipers,oe:team:9aa855d087642f20ad7e3a7ae5c8251,Spectacled Bears,oe:player:213f7b5efbc9490107dbfc9114ca7ef,S34NDR0M3,bot,Zeri,oe:player:4d17518b7fc605b3fa42992ec61dd9c,Lucian,bot:Zeri,lineup-82f9230662848a00,0,1744.00000000,29.06666667,0,3,1,0.33333333,9316.00000000,8381.00000000,233,288.33715596,0.21307351,0.15942250,30,1.03211009,0.14285714,-1052.00000000,-627.00000000,-14.00000000,1,out_of_time,492.73661155,614.16943750,291.85592844,-0.70034368,2023-01-22
pg-981b8632f4bf8977,ESPORTSTMNT03_3098512,2023-02-03T00:07:34,2023-02-03,2023,Unknown,0,13.01,Red,oe:team:dcf87563dff3f23d3985a5bac289345,Vipers,oe:team:9aa855d087642f20ad7e3a7ae5c8251,Spectacled Bears,oe:player:1c0bc319e4869b47fe4f29cc4923462,Leinad,jng,Wukong,oe:player:224734629348b393f3a6d6140e59956,Viego,jng:Wukong,lineup-82f9230662848a00,0,1744.00000000,29.06666667,3,3,0,1.00000000,9298.00000000,9375.00000000,140,322.53440367,0.21266182,0.17833026,61,2.09862385,0.42857143,-277.00000000,-670.00000000,-16.00000000,1,out_of_time,388.35682055,381.10458831,134.41855863,-0.48968251,2023-01-22
pg-c090e8af3feb8174,ESPORTSTMNT03_3098512,2023-02-03T00:07:34,2023-02-03,2023,Unknown,0,13.01,Red,oe:team:dcf87563dff3f23d3985a5bac289345,Vipers,oe:team:9aa855d087642f20ad7e3a7ae5c8251,Spectacled Bears,oe:player:b90df8937f33cd7f3d559a1f384d2c7,Uparela,mid,Galio,oe:player:18eff78d8fbeb94244572cef0bb4536,Ryze,mid:Galio,lineup-82f9230662848a00,0,1744.00000000,29.06666667,2,4,0,0.50000000,9714.00000000,10422.00000000,208,358.55504587,0.22217648,0.19824618,30,1.03211009,0.28571429,-510.00000000,-445.00000000,-23.00000000,1,out_of_time,531.40839841,602.76235926,214.62294787,-0.80538150,2023-01-22
pg-4bf85354b8d2d569,ESPORTSTMNT03_3098512,2023-02-03T00:07:34,2023-02-03,2023,Unknown,0,13.01,Red,oe:team:dcf87563dff3f23d3985a5bac289345,Vipers,oe:team:9aa855d087642f20ad7e3a7ae5c8251,Spectacled Bears,oe:player:5a63f3e7e2b4282f07785cdc895d624,Shiku,sup,Lulu,oe:player:30edf70db68aa84f05d3e72326807b0,Nami,sup:Lulu,lineup-82f9230662848a00,0,1744.00000000,29.06666667,0,2,1,0.50000000,5717.00000000,1535.00000000,33,52.80963303,0.13075797,0.02919861,67,2.30504587,0.14285714,22.00000000,-66.00000000,25.00000000,1,out_of_time,209.13678496,181.54099284,76.84462380,-2.03432777,2023-01-22
pg-cb8d8630f30305c5,ESPORTSTMNT03_3098512,2023-02-03T00:07:34,2023-02-03,2023,Unknown,0,13.01,Red,oe:team:dcf87563dff3f23d3985a5bac289345,Vipers,oe:team:9aa855d087642f20ad7e3a7ae5c8251,Spectacled Bears,oe:player:5b4335a3832ac5a3bb3d24f8bb8687c,ByFalco,top,Gragas,oe:player:36b92108c1f71cd425ded7abc50b86b,Jax,top:Gragas,lineup-82f9230662848a00,0,1744.00000000,29.06666667,2,7,3,0.71428571,9677.00000000,22858.00000000,198,786.39908257,0.22133022,0.43480246,30,1.03211009,0.71428571,1073.00000000,910.00000000,16.00000000,1,out_of_time,499.14364906,562.14989754,190.62718502,1.50689648,2023-01-22
pg-52318d70aff092ff,ESPORTSTMNT03_3099436,2023-02-03T01:04:06,2023-02-03,2023,Unknown,0,13.01,Blue,oe:team:9aa855d087642f20ad7e3a7ae5c8251,Spectacled Bears,oe:team:dcf87563dff3f23d3985a5bac289345,Vipers,oe:player:4d17518b7fc605b3fa42992ec61dd9c,CaTzzz,bot,Lucian,oe:player:213f7b5efbc9490107dbfc9114ca7ef,Varus,bot:Lucian,lineup-3b10fe8019e141d6,1,1750.00000000,29.16666667,9,4,10,4.75000000,14383.00000000,29741.00000000,246,1019.69142857,0.23441498,0.30861904,49,1.68000000,0.54285714,1790.00000000,1189.00000000,35.00000000,1,out_of_time,570.76431658,614.16943750,291.85592844,1.53818055,2023-01-22
pg-d2d46623f9b033a4,ESPORTSTMNT03_3099436,2023-02-03T01:04:06,2023-02-03,2023,Unknown,0,13.01,Blue,oe:team:9aa855d087642f20ad7e3a7ae5c8251,Spectacled Bears,oe:team:dcf87563dff3f23d3985a5bac289345,Vipers,oe:player:224734629348b393f3a6d6140e59956,1Curioso,jng,Vi,oe:player:1c0bc319e4869b47fe4f29cc4923462,Sejuani,jng:Vi,lineup-3b10fe8019e141d6,1,1750.00000000,29.16666667,1,5,13,2.80000000,10057.00000000,7997.00000000,145,274.18285714,0.16390958,0.08298398,34,1.16571429,0.40000000,226.00000000,799.00000000,10.00000000,1,out_of_time,418.20361721,381.10458831,134.41855863,-1.07143509,2023-01-22
pg-a546a67f3a033b73,ESPORTSTMNT03_3099436,2023-02-03T01:04:06,2023-02-03,2023,Unknown,0,13.01,Blue,oe:team:9aa855d087642f20ad7e3a7ae5c8251,Spectacled Bears,oe:team:dcf87563dff3f23d3985a5bac289345,Vipers,oe:player:18eff78d8fbeb94244572cef0bb4536,Alowhed,mid,LeBlanc,oe:player:b90df8937f33cd7f3d559a1f384d2c7,Lissandra,mid:LeBlanc,lineup-3b10fe8019e141d6,1,1750.00000000,29.16666667,15,1,2,17.00000000,14876.00000000,27788.00000000,195,952.73142857,0.24244992,0.28835298,36,1.23428571,0.48571429,1165.00000000,991.00000000,1.00000000,1,out_of_time,616.43705165,602.76235926,214.62294787,1.56690783,2023-01-22
pg-59b4f4cd9c6e18fc,ESPORTSTMNT03_3099436,2023-02-03T01:04:06,2023-02-03,2023,Unknown,0,13.01,Blue,oe:team:9aa855d087642f20ad7e3a7ae5c8251,Spectacled Bears,oe:team:dcf87563dff3f23d3985a5bac289345,Vipers,oe:player:30edf70db68aa84f05d3e72326807b0,Bucket,sup,Nami,oe:player:5a63f3e7e2b4282f07785cdc895d624,Ashe,sup:Nami,lineup-3b10fe8019e141d6,1,1750.00000000,29.16666667,4,1,24,28.00000000,9707.00000000,9429.00000000,6,323.28000000,0.15820526,0.09784368,47,1.61142857,0.80000000,1186.00000000,1266.00000000,-5.00000000,1,out_of_time,312.80220891,181.54099284,76.84462380,0.13635035,2023-01-22
pg-d591cd4b04a9c56f,ESPORTSTMNT03_3099436,2023-02-03T01:04:06,2023-02-03,2023,Unknown,0,13.01,Blue,oe:team:9aa855d087642f20ad7e3a7ae5c8251,Spectacled Bears,oe:team:dcf87563dff3f23d3985a5bac289345,Vipers,oe:player:36b92108c1f71cd425ded7abc50b86b,Akunma,top,Gnar,oe:player:5b4335a3832ac5a3bb3d24f8bb8687c,K'Sante,top:Gnar,lineup-3b10fe8019e141d6,1,1750.00000000,29.16666667,6,2,7,6.50000000,12334.00000000,21413.00000000,208,734.16000000,0.20102026,0.22220032,37,1.26857143,0.37142857,316.00000000,-346.00000000,-1.00000000,1,out_of_time,553.58139834,562.14989754,190.62718502,0.94728672,2023-01-22
pg-24717db880889000,ESPORTSTMNT03_3099436,2023-02-03T01:04:06,2023-02-03,2023,Unknown,0,13.01,Red,oe:team:dcf87563dff3f23d3985a5bac289345,Vipers,oe:team:9aa855d087642f20ad7e3a7ae5c8251,Spectacled Bears,oe:player:213f7b5efbc9490107dbfc9114ca7ef,S34NDR0M3,bot,Varus,oe:player:4d17518b7fc605b3fa42992ec61dd9c,Lucian,bot:Varus,lineup-82f9230662848a00,0,1750.00000000,29.16666667,1,7,5,0.85714286,8523.00000000,11619.00000000,187,398.36571429,0.19086329,0.17510889,16,0.54857143,0.46153846,-1790.00000000,-1189.00000000,-35.00000000,1,out_of_time,495.33124359,614.16943750,291.85592844,-0.33223766,2023-01-22
pg-2338ddbe5d134edc,ESPORTSTMNT03_3099436,2023-02-03T01:04:06,2023-02-03,2023,Unknown,0,13.01,Red,oe:team:dcf87563dff3f23d3985a5bac289345,Vipers,oe:team:9aa855d087642f20ad7e3a7ae5c8251,Spectacled Bears,oe:player:1c0bc319e4869b47fe4f29cc4923462,Leinad,jng,Sejuani,oe:player:224734629348b393f3a6d6140e59956,Vi,jng:Sejuani,lineup-82f9230662848a00,0,1750.00000000,29.16666667,3,8,9,1.50000000,9348.00000000,13883.00000000,143,475.98857143,0.20933826,0.20922942,45,1.54285714,0.92307692,-226.00000000,-799.00000000,-10.00000000,1,out_of_time,372.05421886,381.10458831,134.41855863,0.77321431,2023-01-22
pg-852148f0186014ee,ESPORTSTMNT03_3099436,2023-02-03T01:04:06,2023-02-03,2023,Unknown,0,13.01,Red,oe:team:dcf87563dff3f23d3985a5bac289345,Vipers,oe:team:9aa855d087642f20ad7e3a7ae5c8251,Spectacled Bears,oe:player:b90df8937f33cd7f3d559a1f384d2c7,Uparela,mid,Lissandra,oe:player:18eff78d8fbeb94244572cef0bb4536,LeBlanc,mid:Lissandra,lineup-82f9230662848a00,0,1750.00000000,29.16666667,3,11,6,0.81818182,9406.00000000,14008.00000000,170,480.27428571,0.21063711,0.21111329,27,0.92571429,0.69230769,-1165.00000000,-991.00000000,-1.00000000,1,out_of_time,529.55707331,602.76235926,214.62294787,-0.22962497,2023-01-22
pg-8559f69996c9f2b9,ESPORTSTMNT03_3099436,2023-02-03T01:04:06,2023-02-03,2023,Unknown,0,13.01,Red,oe:team:dcf87563dff3f23d3985a5bac289345,Vipers,oe:team:9aa855d087642f20ad7e3a7ae5c8251,Spectacled Bears,oe:player:5a63f3e7e2b4282f07785cdc895d624,Shiku,sup,Ashe,oe:player:30edf70db68aa84f05d3e72326807b0,Nami,sup:Ashe,lineup-82f9230662848a00,0,1750.00000000,29.16666667,1,6,9,1.66666667,6401.00000000,12272.00000000,19,420.75428571,0.14334341,0.18495019,86,2.94857143,0.76923077,-1186.00000000,-1266.00000000,5.00000000,1,out_of_time,240.80367256,181.54099284,76.84462380,2.34174630,2023-01-22
pg-f4de61a69bdf8794,ESPORTSTMNT03_3099436,2023-02-03T01:04:06,2023-02-03,2023,Unknown,0,13.01,Red,oe:team:dcf87563dff3f23d3985a5bac289345,Vipers,oe:team:9aa855d087642f20ad7e3a7ae5c8251,Spectacled Bears,oe:player:5b4335a3832ac5a3bb3d24f8bb8687c,ByFalco,top,K'Sante,oe:player:36b92108c1f71cd425ded7abc50b86b,Gnar,top:K'Sante,lineup-82f9230662848a00,0,1750.00000000,29.16666667,5,3,3,2.66666667,10977.00000000,14571.00000000,215,499.57714286,0.24581794,0.21959821,22,0.75428571,0.61538462,-316.00000000,346.00000000,1.00000000,1,out_of_time,497.19614401,562.14989754,190.62718502,0.01249034,2023-01-22
pg-8261f39c75485398,ESPORTSTMNT03_3100468,2023-02-03T02:07:31,2023-02-03,2023,Unknown,0,13.01,Blue,oe:team:32c3055d495d91676e208b0c8997536,Incubus,oe:team:920c52a8d7dbd6f216f9e59b825abc8,Antares Esports,oe:player:54861efdd06fc309e1c9a420feff98e,Scenario,bot,Draven,oe:player:ffac14a6607a6bd8d49177cf8f8be81,Zeri,bot:Draven,lineup-fc51ce60bc518eb2,1,1740.00000000,29.00000000,2,2,5,3.50000000,13503.00000000,9147.00000000,273,315.41379310,0.22879073,0.14533812,32,1.10344828,0.46666667,347.00000000,-56.00000000,10.00000000,1,out_of_time,537.97995664,614.16943750,291.85592844,-0.76258915,2023-01-22
pg-ee093e7f710a9795,ESPORTSTMNT03_3100468,2023-02-03T02:07:31,2023-02-03,2023,Unknown,0,13.01,Blue,oe:team:32c3055d495d91676e208b0c8997536,Incubus,oe:team:920c52a8d7dbd6f216f9e59b825abc8,Antares Esports,oe:player:e48399fc3f73709f52da476693e76ac,Shall,jng,Maokai,oe:player:89faa52485aadb6d1181384f88d2001,Elise,jng:Maokai,lineup-fc51ce60bc518eb2,1,1740.00000000,29.00000000,2,1,9,11.00000000,10599.00000000,18103.00000000,213,624.24137931,0.17958623,0.28764141,95,3.27586207,0.73333333,-921.00000000,189.00000000,28.00000000,1,out_of_time,417.38587233,381.10458831,134.41855863,1.53889098,2023-01-22
pg-91499d8383e97704,ESPORTSTMNT03_3100468,2023-02-03T02:07:31,2023-02-03,2023,Unknown,0,13.01,Blue,oe:team:32c3055d495d91676e208b0c8997536,Incubus,oe:team:920c52a8d7dbd6f216f9e59b825abc8,Antares Esports,oe:player:5323274d1d895fb72872217f95701c6,Dinastik,mid,Yone,oe:player:6f7cba7940b07a9bab657521a36fd21,Akali,mid:Yone,lineup-fc51ce60bc518eb2,1,1740.00000000,29.00000000,4,1,5,9.00000000,13430.00000000,15563.00000000,280,536.65517241,0.22755384,0.24728295,27,0.93103448,0.60000000,500.00000000,581.00000000,12.00000000,1,out_of_time,544.56458495,602.76235926,214.62294787,-0.03685259,2023-01-22
pg-df2e2b5e2e69949b,ESPORTSTMNT03_3100468,2023-02-03T02:07:31,2023-02-03,2023,Unknown,0,13.01,Blue,oe:team:32c3055d495d91676e208b0c8997536,Incubus,oe:team:920c52a8d7dbd6f216f9e59b825abc8,Antares Esports,oe:player:1a78e472bae7d14a62db8e30ea6cfd9,Ceviche,sup,Heimerdinger,oe:player:82149ecaf276ed04da8783eeffb2ac0,Lulu,sup:Heimerdinger,lineup-fc51ce60bc518eb2,1,1740.00000000,29.00000000,1,2,8,4.50000000,7922.00000000,8870.00000000,30,305.86206897,0.13422796,0.14093682,59,2.03448276,0.60000000,369.00000000,51.00000000,-3.00000000,1,out_of_time,272.28081515,181.54099284,76.84462380,0.43700199,2023-01-22
pg-ceb390c5c249811d,ESPORTSTMNT03_3100468,2023-02-03T02:07:31,2023-02-03,2023,Unknown,0,13.01,Blue,oe:team:32c3055d495d91676e208b0c8997536,Incubus,oe:team:920c52a8d7dbd6f216f9e59b825abc8,Antares Esports,oe:player:dfeef0ad11329eb650c8146697b943e,JuanDeDios,top,K'Sante,oe:player:4fa807dbb2b3e07b6eacded6065c8f9,Gnar,top:K'Sante,lineup-fc51ce60bc518eb2,1,1740.00000000,29.00000000,6,1,4,10.00000000,13565.00000000,11253.00000000,281,388.03448276,0.22984124,0.17880069,33,1.13793103,0.66666667,-113.00000000,6.00000000,4.00000000,1,out_of_time,524.33874555,562.14989754,190.62718502,-0.71503056,2023-01-22
pg-4ee5ff54fa12e4ef,ESPORTSTMNT03_3100468,2023-02-03T02:07:31,2023-02-03,2023,Unknown,0,13.01,Red,oe:team:920c52a8d7dbd6f216f9e59b825abc8,Antares Esports,oe:team:32c3055d495d91676e208b0c8997536,Incubus,oe:player:ffac14a6607a6bd8d49177cf8f8be81,Zeldris,bot,Zeri,oe:player:54861efdd06fc309e1c9a420feff98e,Draven,bot:Zeri,lineup-1914e688cae694f3,0,1740.00000000,29.00000000,1,1,3,4.00000000,11455.00000000,8622.00000000,289,297.31034483,0.25285859,0.18730041,31,1.06896552,0.57142857,-347.00000000,56.00000000,-10.00000000,1,out_of_time,546.06119058,614.16943750,291.85592844,-0.85230698,2023-01-22
pg-eb239b21a5b62b31,ESPORTSTMNT03_3100468,2023-02-03T02:07:31,2023-02-03,2023,Unknown,0,13.01,Red,oe:team:920c52a8d7dbd6f216f9e59b825abc8,Antares Esports,oe:team:32c3055d495d91676e208b0c8997536,Incubus,oe:player:89faa52485aadb6d1181384f88d2001,Encounters,jng,Elise,oe:player:e48399fc3f73709f52da476693e76ac,Maokai,jng:Elise,lineup-1914e688cae694f3,0,1740.00000000,29.00000000,2,3,3,1.66666667,9106.00000000,8314.00000000,135,286.68965517,0.20100658,0.18060956,47,1.62068966,0.71428571,921.00000000,-189.00000000,-28.00000000,1,out_of_time,400.80892647,381.10458831,134.41855863,-0.84898449,2023-01-22
pg-15779d0bba4316ce,ESPORTSTMNT03_3100468,2023-02-03T02:07:31,2023-02-03,2023,Unknown,0,13.01,Red,oe:team:920c52a8d7dbd6f216f9e59b825abc8,Antares Esports,oe:team:32c3055d495d91676e208b0c8997536,Incubus,oe:player:6f7cba7940b07a9bab657521a36fd21,WilBR,mid,Akali,oe:player:5323274d1d895fb72872217f95701c6,Yone,mid:Akali,lineup-1914e688cae694f3,0,1740.00000000,29.00000000,3,3,0,1.00000000,9483.00000000,14356.00000000,223,495.03448276,0.20932851,0.31186323,32,1.10344828,0.42857143,-500.00000000,-581.00000000,-12.00000000,1,out_of_time,547.88476448,602.76235926,214.62294787,-0.24624711,2023-01-22
pg-3e5de36238045489,ESPORTSTMNT03_3100468,2023-02-03T02:07:31,2023-02-03,2023,Unknown,0,13.01,Red,oe:team:920c52a8d7dbd6f216f9e59b825abc8,Antares Esports,oe:team:32c3055d495d91676e208b0c8997536,Incubus,oe:player:82149ecaf276ed04da8783eeffb2ac0,Jagger,sup,Lulu,oe:player:1a78e472bae7d14a62db8e30ea6cfd9,Heimerdinger,sup:Lulu,lineup-1914e688cae694f3,0,1740.00000000,29.00000000,0,3,4,1.33333333,5791.00000000,3419.00000000,10,117.89655172,0.12783100,0.07427280,63,2.17241379,0.57142857,-369.00000000,-51.00000000,3.00000000,1,out_of_time,246.22837763,181.54099284,76.84462380,-1.67001697,2023-01-22
pg-dceb68b6d22793ac,ESPORTSTMNT03_3100468,2023-02-03T02:07:31,2023-02-03,2023,Unknown,0,13.01,Red,oe:team:920c52a8d7dbd6f216f9e59b825abc8,Antares Esports,oe:team:32c3055d495d91676e208b0c8997536,Incubus,oe:player:4fa807dbb2b3e07b6eacded6065c8f9,Bingus,top,Gnar,oe:player:dfeef0ad11329eb650c8146697b943e,K'Sante,top:Gnar,lineup-1914e688cae694f3,0,1740.00000000,29.00000000,1,5,1,0.40000000,9467.00000000,11322.00000000,243,390.41379310,0.20897532,0.24595399,23,0.79310345,0.28571429,113.00000000,-6.00000000,-4.00000000,1,out_of_time,508.37204253,562.14989754,190.62718502,-0.61879028,2023-01-22
pg-ee45e5e581573e38,ESPORTSTMNT03_3099450,2023-02-03T03:03:49,2023-02-03,2023,Unknown,0,13.01,Blue,oe:team:920c52a8d7dbd6f216f9e59b825abc8,Antares Esports,oe:team:32c3055d495d91676e208b0c8997536,Incubus,oe:player:ffac14a6607a6bd8d49177cf8f8be81,Zeldris,bot,Lucian,oe:player:54861efdd06fc309e1c9a420feff98e,Varus,bot:Lucian,lineup-1914e688cae694f3,0,1453.00000000,24.21666667,2,2,0,1.00000000,9634.00000000,9169.00000000,208,378.62353751,0.26258552,0.25885043,13,0.53682037,0.66666667,-145.00000000,200.00000000,2.00000000,1,out_of_time,539.08140412,614.16943750,291.85592844,-0.54978450,2023-01-22
pg-8e1c0df582564ac7,ESPORTSTMNT03_3099450,2023-02-03T03:03:49,2023-02-03,2023,Unknown,0,13.01,Blue,oe:team:920c52a8d7dbd6f216f9e59b825abc8,Antares Esports,oe:team:32c3055d495d91676e208b0c8997536,Incubus,oe:player:89faa52485aadb6d1181384f88d2001,Encounters,jng,Elise,oe:player:e48399fc3f73709f52da476693e76ac,Vi,jng:Elise,lineup-1914e688cae694f3,0,1453.00000000,24.21666667,1,4,1,0.50000000,7009.00000000,5969.00000000,93,246.48313833,0.19103819,0.16851109,50,2.06469374,0.66666667,-572.00000000,-1642.00000000,-34.00000000,1,out_of_time,408.82526983,381.10458831,134.41855863,-1.20773599,2023-01-22
pg-0f4e28e789f24985,ESPORTSTMNT03_3099450,2023-02-03T03:03:49,2023-02-03,2023,Unknown,0,13.01,Blue,oe:team:920c52a8d7dbd6f216f9e59b825abc8,Antares Esports,oe:team:32c3055d495d91676e208b0c8997536,Incubus,oe:player:6f7cba7940b07a9bab657521a36fd21,WilBR,mid,Yone,oe:player:5323274d1d895fb72872217f95701c6,Vex,mid:Yone,lineup-1914e688cae694f3,0,1453.00000000,24.21666667,0,4,0,0.00000000,7401.00000000,5933.00000000,178,244.99655884,0.20172259,0.16749478,21,0.86717137,0.00000000,-1554.00000000,-1429.00000000,-33.00000000,1,out_of_time,547.52885735,602.76235926,214.62294787,-1.40959903,2023-01-22
pg-a144321ab44652af,ESPORTSTMNT03_3099450,2023-02-03T03:03:49,2023-02-03,2023,Unknown,0,13.01,Blue,oe:team:920c52a8d7dbd6f216f9e59b825abc8,Antares Esports,oe:team:32c3055d495d91676e208b0c8997536,Incubus,oe:player:82149ecaf276ed04da8783eeffb2ac0,Jagger,sup,Nami,oe:player:1a78e472bae7d14a62db8e30ea6cfd9,Renata Glasc,sup:Nami,lineup-1914e688cae694f3,0,1453.00000000,24.21666667,0,4,2,0.50000000,5320.00000000,2771.00000000,9,114.42532691,0.14500259,0.07822822,46,1.89951824,0.66666667,-954.00000000,-720.00000000,-18.00000000,1,out_of_time,270.77639967,181.54099284,76.84462380,-2.03463906,2023-01-22
pg-56e2e3338a22bfa0,ESPORTSTMNT03_3099450,2023-02-03T03:03:49,2023-02-03,2023,Unknown,0,13.01,Blue,oe:team:920c52a8d7dbd6f216f9e59b825abc8,Antares Esports,oe:team:32c3055d495d91676e208b0c8997536,Incubus,oe:player:4fa807dbb2b3e07b6eacded6065c8f9,Bingus,top,Gangplank,oe:player:dfeef0ad11329eb650c8146697b943e,Gnar,top:Gangplank,lineup-1914e688cae694f3,0,1453.00000000,24.21666667,0,4,1,0.25000000,7325.00000000,11580.00000000,158,478.18306951,0.19965112,0.32691548,10,0.41293875,0.33333333,-1433.00000000,-1164.00000000,-24.00000000,1,out_of_time,550.89648955,562.14989754,190.62718502,-0.38144308,2023-01-22
pg-00ab24ef06db52f5,ESPORTSTMNT03_3099450,2023-02-03T03:03:49,2023-02-03,2023,Unknown,0,13.01,Red,oe:team:32c3055d495d91676e208b0c8997536,Incubus,oe:team:920c52a8d7dbd6f216f9e59b825abc8,Antares Esports,oe:player:54861efdd06fc309e1c9a420feff98e,Scenario,bot,Varus,oe:player:ffac14a6607a6bd8d49177cf8f8be81,Lucian,bot:Varus,lineup-fc51ce60bc518eb2,1,1453.00000000,24.21666667,6,2,6,6.00000000,11383.00000000,22219.00000000,191,917.50860289,0.21839985,0.34725869,18,0.74328975,0.66666667,145.00000000,-200.00000000,-2.00000000,1,out_of_time,508.94740177,614.16943750,291.85592844,1.39987289,2023-01-22
pg-0126f6be68b82461,ESPORTSTMNT03_3099450,2023-02-03T03:03:49,2023-02-03,2023,Unknown,0,13.01,Red,oe:team:32c3055d495d91676e208b0c8997536,Incubus,oe:team:920c52a8d7dbd6f216f9e59b825abc8,Antares Esports,oe:player:e48399fc3f73709f52da476693e76ac,Shall,jng,Vi,oe:player:89faa52485aadb6d1181384f88d2001,Elise,jng:Vi,lineup-fc51ce60bc518eb2,1,1453.00000000,24.21666667,1,0,11,12.00000000,9311.00000000,5514.00000000,162,227.69442533,0.17864543,0.08617779,33,1.36269787,0.66666667,572.00000000,1642.00000000,34.00000000,1,out_of_time,370.31907647,381.10458831,134.41855863,-1.06104881,2023-01-22
pg-66458b934f2e399e,ESPORTSTMNT03_3099450,2023-02-03T03:03:49,2023-02-03,2023,Unknown,0,13.01,Red,oe:team:32c3055d495d91676e208b0c8997536,Incubus,oe:team:920c52a8d7dbd6f216f9e59b825abc8,Antares Esports,oe:player:5323274d1d895fb72872217f95701c6,Dinastik,mid,Vex,oe:player:6f7cba7940b07a9bab657521a36fd21,Yone,mid:Vex,lineup-fc51ce60bc518eb2,1,1453.00000000,24.21666667,4,0,3,7.00000000,11270.00000000,18044.00000000,254,745.10667584,0.21623177,0.28200800,27,1.11493462,0.38888889,1554.00000000,1429.00000000,33.00000000,1,out_of_time,545.43951315,602.76235926,214.62294787,0.93031600,2023-01-22
pg-527a21fa5a22d91b,ESPORTSTMNT03_3099450,2023-02-03T03:03:49,2023-02-03,2023,Unknown,0,13.01,Red,oe:team:32c3055d495d91676e208b0c8997536,Incubus,oe:team:920c52a8d7dbd6f216f9e59b825abc8,Antares Esports,oe:player:1a78e472bae7d14a62db8e30ea6cfd9,Ceviche,sup,Renata Glasc,oe:player:82149ecaf276ed04da8783eeffb2ac0,Nami,sup:Renata Glasc,lineup-fc51ce60bc518eb2,1,1453.00000000,24.21666667,1,0,14,15.00000000,7595.00000000,2414.00000000,41,99.68341363,0.14572141,0.03772818,57,2.35375086,0.83333333,954.00000000,720.00000000,18.00000000,1,out_of_time,252.19327468,181.54099284,76.84462380,-1.98465232,2023-01-22
pg-1d5f09a4996ac935,ESPORTSTMNT03_3099450,2023-02-03T03:03:49,2023-02-03,2023,Unknown,0,13.01,Red,oe:team:32c3055d495d91676e208b0c8997536,Incubus,oe:team:920c52a8d7dbd6f216f9e59b825abc8,Antares Esports,oe:player:dfeef0ad11329eb650c8146697b943e,JuanDeDios,top,Gnar,oe:player:4fa807dbb2b3e07b6eacded6065c8f9,Gangplank,top:Gnar,lineup-fc51ce60bc518eb2,1,1453.00000000,24.21666667,6,1,4,10.00000000,12561.00000000,15793.00000000,229,652.15416380,0.24100153,0.24682733,29,1.19752237,0.55555556,1433.00000000,1164.00000000,24.00000000,1,out_of_time,478.92112400,562.14989754,190.62718502,0.90875307,2023-01-22
pg-5293e82fa642c292,ESPORTSTMNT03_3100979,2023-02-04T22:09:38,2023-02-04,2023,Unknown,0,13.01,Blue,oe:team:2a7fc0772538d018f713520c5e90ee0,Red Eye Esports,oe:team:e40cdcb20302c0240d2084c909668aa,Diamond Doves,oe:player:7a2798d7c31bb0cdb3401cd4e375f14,ZombieHog,bot,Samira,oe:player:a9159216ea197997ac9c7fd4b85a4d3,Ashe,bot:Samira,lineup-d54c83941826a97f,0,1884.00000000,31.40000000,3,3,1,1.33333333,12039.00000000,8203.00000000,264,261.24203822,0.23817437,0.15766813,30,0.95541401,0.50000000,1529.00000000,-83.00000000,18.00000000,1,out_of_time,578.52332423,614.16943750,291.85592844,-1.08711613,2023-01-22
pg-6d8af9db2a8f58a8,ESPORTSTMNT03_3100979,2023-02-04T22:09:38,2023-02-04,2023,Unknown,0,13.01,Blue,oe:team:2a7fc0772538d018f713520c5e90ee0,Red Eye Esports,oe:team:e40cdcb20302c0240d2084c909668aa,Diamond Doves,oe:player:cd99932955b983ba7428c0219f7eb82,Ruyi,jng,Sejuani,oe:player:1fcb99a1ab06e1e36635365ed3e59ce,Lee Sin,jng:Sejuani,lineup-d54c83941826a97f,0,1884.00000000,31.40000000,1,2,5,3.00000000,9187.00000000,7380.00000000,155,235.03184713,0.18175164,0.14184942,52,1.65605096,0.75000000,-133.00000000,163.00000000,-8.00000000,1,out_of_time,455.34012443,381.10458831,134.41855863,-1.63897217,2023-01-22
pg-3e314d19bf64d10f,ESPORTSTMNT03_3100979,2023-02-04T22:09:38,2023-02-04,2023,Unknown,0,13.01,Blue,oe:team:2a7fc0772538d018f713520c5e90ee0,Red Eye Esports,oe:team:e40cdcb20302c0240d2084c909668aa,Diamond Doves,oe:player:fda70732b859899fa7572b8ebb41196,Saifer,mid,Ryze,oe:player:b14f11e18a9089420d5cd22bf07b917,Syndra,mid:Ryze,lineup-d54c83941826a97f,0,1884.00000000,31.40000000,3,3,3,2.00000000,12222.00000000,16988.00000000,286,541.01910828,0.24179477,0.32652277,22,0.70063694,0.75000000,-615.00000000,-274.00000000,-11.00000000,1,out_of_time,585.68767443,602.76235926,214.62294787,-0.20812577,2023-01-22
pg-f11747979e995e4d,ESPORTSTMNT03_3100979,2023-02-04T22:09:38,2023-02-04,2023,Unknown,0,13.01,Blue,oe:team:2a7fc0772538d018f713520c5e90ee0,Red Eye Esports,oe:team:e40cdcb20302c0240d2084c909668aa,Diamond Doves,oe:player:9c8834ac0a7a7aaa66010ded94db1db,Cassius,sup,Nautilus,oe:player:54c3130f744c5c2fcba05310b893f8e,Alistar,sup:Nautilus,lineup-d54c83941826a97f,0,1884.00000000,31.40000000,0,6,3,0.50000000,7193.00000000,5575.00000000,47,177.54777070,0.14230320,0.10715590,112,3.56687898,0.37500000,610.00000000,385.00000000,6.00000000,1,out_of_time,320.46572131,181.54099284,76.84462380,-1.85983018,2023-01-22
pg-81da18a8e32020df,ESPORTSTMNT03_3100979,2023-02-04T22:09:38,2023-02-04,2023,Unknown,0,13.01,Blue,oe:team:2a7fc0772538d018f713520c5e90ee0,Red Eye Esports,oe:team:e40cdcb20302c0240d2084c909668aa,Diamond Doves,oe:player:b9dfa3efb116230e2a05ff9f568e763,Dertako,top,Fiora,oe:player:43260cdc1d99d1fd01ad7bf83c2cb2a,K'Sante,top:Fiora,lineup-d54c83941826a97f,0,1884.00000000,31.40000000,1,3,3,1.33333333,9906.00000000,13881.00000000,196,442.07006369,0.19597602,0.26680377,30,0.95541401,0.50000000,13.00000000,-425.00000000,-2.00000000,1,out_of_time,583.02467129,562.14989754,190.62718502,-0.73942553,2023-01-22
pg-9573f91ebcf67e71,ESPORTSTMNT03_3100979,2023-02-04T22:09:38,2023-02-04,2023,Unknown,0,13.01,Red,oe:team:e40cdcb20302c0240d2084c909668aa,Diamond Doves,oe:team:2a7fc0772538d018f713520c5e90ee0,Red Eye Esports,oe:player:a9159216ea197997ac9c7fd4b85a4d3,Kasamura,bot,Ashe,oe:player:7a2798d7c31bb0cdb3401cd4e375f14,Samira,bot:Ashe,lineup-bf5054aef6760743,1,1884.00000000,31.40000000,7,2,6,6.50000000,13159.00000000,23167.00000000,236,737.80254777,0.22564991,0.32088146,34,1.08280255,0.76470588,-1529.00000000,83.00000000,-18.00000000,1,out_of_time,551.04260305,614.16943750,291.85592844,0.63990458,2023-01-22
pg-809b92d9133512b9,ESPORTSTMNT03_3100979,2023-02-04T22:09:38,2023-02-04,2023,Unknown,0,13.01,Red,oe:team:e40cdcb20302c0240d2084c909668aa,Diamond Doves,oe:team:2a7fc0772538d018f713520c5e90ee0,Red Eye Esports,oe:player:1fcb99a1ab06e1e36635365ed3e59ce,Kalium,jng,Lee Sin,oe:player:cd99932955b983ba7428c0219f7eb82,Sejuani,jng:Lee Sin,lineup-bf5054aef6760743,1,1884.00000000,31.40000000,2,1,14,16.00000000,10679.00000000,12111.00000000,159,385.70063694,0.18312299,0.16774703,47,1.49681529,0.94117647,133.00000000,-163.00000000,8.00000000,1,out_of_time,429.13697965,381.10458831,134.41855863,-0.32314245,2023-01-22
pg-6c2415e095c7e93e,ESPORTSTMNT03_3100979,2023-02-04T22:09:38,2023-02-04,2023,Unknown,0,13.01,Red,oe:team:e40cdcb20302c0240d2084c909668aa,Diamond Doves,oe:team:2a7fc0772538d018f713520c5e90ee0,Red Eye Esports,oe:player:b14f11e18a9089420d5cd22bf07b917,Toady,mid,Syndra,oe:player:fda70732b859899fa7572b8ebb41196,Ryze,mid:Syndra,lineup-bf5054aef6760743,1,1884.00000000,31.40000000,3,0,9,12.00000000,15143.00000000,21062.00000000,335,670.76433121,0.25967145,0.29172553,42,1.33757962,0.70588235,615.00000000,274.00000000,11.00000000,1,out_of_time,568.85059319,602.76235926,214.62294787,0.47485015,2023-01-22
pg-a191b1bdf708a76a,ESPORTSTMNT03_3100979,2023-02-04T22:09:38,2023-02-04,2023,Unknown,0,13.01,Red,oe:team:e40cdcb20302c0240d2084c909668aa,Diamond Doves,oe:team:2a7fc0772538d018f713520c5e90ee0,Red Eye Esports,oe:player:54c3130f744c5c2fcba05310b893f8e,Edo,sup,Alistar,oe:player:9c8834ac0a7a7aaa66010ded94db1db,Nautilus,sup:Alistar,lineup-bf5054aef6760743,1,1884.00000000,31.40000000,1,4,9,2.50000000,7295.00000000,4704.00000000,35,149.80891720,0.12509431,0.06515416,68,2.16560510,0.58823529,-610.00000000,-385.00000000,-6.00000000,1,out_of_time,282.78224219,181.54099284,76.84462380,-1.73041806,2023-01-22
pg-49bda9401f6ac2f1,ESPORTSTMNT03_3100979,2023-02-04T22:09:38,2023-02-04,2023,Unknown,0,13.01,Red,oe:team:e40cdcb20302c0240d2084c909668aa,Diamond Doves,oe:team:2a7fc0772538d018f713520c5e90ee0,Red Eye Esports,oe:player:43260cdc1d99d1fd01ad7bf83c2cb2a,deathleap,top,K'Sante,oe:player:b9dfa3efb116230e2a05ff9f568e763,Fiora,top:K'Sante,lineup-bf5054aef6760743,1,1884.00000000,31.40000000,4,1,6,10.00000000,12040.00000000,11154.00000000,215,355.22292994,0.20646135,0.15449181,24,0.76433121,0.58823529,-13.00000000,425.00000000,2.00000000,1,out_of_time,526.95140117,562.14989754,190.62718502,-0.90086034,2023-01-22
pg-3829f2acde0ef367,ESPORTSTMNT03_3099954,2023-02-04T23:06:09,2023-02-04,2023,Unknown,0,13.01,Blue,oe:team:2a7fc0772538d018f713520c5e90ee0,Red Eye Esports,oe:team:e40cdcb20302c0240d2084c909668aa,Diamond Doves,oe:player:7a2798d7c31bb0cdb3401cd4e375f14,ZombieHog,bot,Lucian,oe:player:a9159216ea197997ac9c7fd4b85a4d3,Samira,bot:Lucian,lineup-d54c83941826a97f,1,1913.00000000,31.88333333,12,2,13,12.50000000,15856.00000000,21939.00000000,221,688.10245687,0.23199941,0.25192917,17,0.53319394,0.75757576,744.00000000,391.00000000,2.00000000,1,out_of_time,589.88003430,614.16943750,291.85592844,0.33654421,2023-01-22
pg-a4f446847dcc16f1,ESPORTSTMNT03_3099954,2023-02-04T23:06:09,2023-02-04,2023,Unknown,0,13.01,Blue,oe:team:2a7fc0772538d018f713520c5e90ee0,Red Eye Esports,oe:team:e40cdcb20302c0240d2084c909668aa,Diamond Doves,oe:player:cd99932955b983ba7428c0219f7eb82,Ruyi,jng,Olaf,oe:player:1fcb99a1ab06e1e36635365ed3e59ce,Maokai,jng:Olaf,lineup-d54c83941826a97f,1,1913.00000000,31.88333333,4,2,14,9.00000000,12835.00000000,13794.00000000,188,432.63983272,0.18779721,0.15839879,56,1.75640355,0.54545455,1287.00000000,758.00000000,35.00000000,1,out_of_time,461.78622402,381.10458831,134.41855863,-0.21683309,2023-01-22
pg-a4b5ef68f3ad2976,ESPORTSTMNT03_3099954,2023-02-04T23:06:09,2023-02-04,2023,Unknown,0,13.01,Blue,oe:team:2a7fc0772538d018f713520c5e90ee0,Red Eye Esports,oe:team:e40cdcb20302c0240d2084c909668aa,Diamond Doves,oe:player:fda70732b859899fa7572b8ebb41196,Saifer,mid,Ryze,oe:player:b14f11e18a9089420d5cd22bf07b917,Syndra,mid:Ryze,lineup-d54c83941826a97f,1,1913.00000000,31.88333333,4,3,14,6.00000000,14075.00000000,22323.00000000,280,700.14636696,0.20594045,0.25633871,48,1.50548876,0.54545455,107.00000000,173.00000000,-11.00000000,1,out_of_time,585.68767443,602.76235926,214.62294787,0.53330128,2023-01-22
pg-a2c383be3c3c0c85,ESPORTSTMNT03_3099954,2023-02-04T23:06:09,2023-02-04,2023,Unknown,0,13.01,Blue,oe:team:2a7fc0772538d018f713520c5e90ee0,Red Eye Esports,oe:team:e40cdcb20302c0240d2084c909668aa,Diamond Doves,oe:player:9c8834ac0a7a7aaa66010ded94db1db,Cassius,sup,Nami,oe:player:54c3130f744c5c2fcba05310b893f8e,Amumu,sup:Nami,lineup-d54c83941826a97f,1,1913.00000000,31.88333333,3,3,26,9.66666667,10464.00000000,9682.00000000,20,303.66962886,0.15310557,0.11118001,88,2.76006273,0.87878788,770.00000000,169.00000000,-17.00000000,1,out_of_time,320.21963276,181.54099284,76.84462380,-0.21536970,2023-01-22
pg-985d083fbba01f23,ESPORTSTMNT03_3099954,2023-02-04T23:06:09,2023-02-04,2023,Unknown,0,13.01,Blue,oe:team:2a7fc0772538d018f713520c5e90ee0,Red Eye Esports,oe:team:e40cdcb20302c0240d2084c909668aa,Diamond Doves,oe:player:b9dfa3efb116230e2a05ff9f568e763,Dertako,top,Fiora,oe:player:43260cdc1d99d1fd01ad7bf83c2cb2a,Gangplank,top:Fiora,lineup-d54c83941826a97f,1,1913.00000000,31.88333333,10,2,2,6.00000000,15115.00000000,19346.00000000,269,606.77469942,0.22115736,0.22215332,28,0.87820178,0.36363636,-43.00000000,581.00000000,23.00000000,1,out_of_time,556.29053120,562.14989754,190.62718502,0.26483195,2023-01-22
pg-52667d664043af3f,ESPORTSTMNT03_3099954,2023-02-04T23:06:09,2023-02-04,2023,Unknown,0,13.01,Red,oe:team:e40cdcb20302c0240d2084c909668aa,Diamond Doves,oe:team:2a7fc0772538d018f713520c5e90ee0,Red Eye Esports,oe:player:a9159216ea197997ac9c7fd4b85a4d3,Kasamura,bot,Samira,oe:player:7a2798d7c31bb0cdb3401cd4e375f14,Lucian,bot:Samira,lineup-bf5054aef6760743,0,1913.00000000,31.88333333,4,11,4,0.72727273,12142.00000000,14827.00000000,209,465.03920544,0.21178030,0.18466118,22,0.69001568,0.66666667,-744.00000000,-391.00000000,-2.00000000,1,out_of_time,511.76363962,614.16943750,291.85592844,-0.16009418,2023-01-22
pg-bb115e0485cb32db,ESPORTSTMNT03_3099954,2023-02-04T23:06:09,2023-02-04,2023,Unknown,0,13.01,Red,oe:team:e40cdcb20302c0240d2084c909668aa,Diamond Doves,oe:team:2a7fc0772538d018f713520c5e90ee0,Red Eye Esports,oe:player:1fcb99a1ab06e1e36635365ed3e59ce,Kalium,jng,Maokai,oe:player:cd99932955b983ba7428c0219f7eb82,Olaf,jng:Maokai,lineup-bf5054aef6760743,0,1913.00000000,31.88333333,0,6,6,1.00000000,7534.00000000,6089.00000000,113,190.97752222,0.13140774,0.07583476,32,1.00365917,0.50000000,-1287.00000000,-758.00000000,-35.00000000,1,out_of_time,411.81392773,381.10458831,134.41855863,-1.64290116,2023-01-22
pg-026e25ee840b4da3,ESPORTSTMNT03_3099954,2023-02-04T23:06:09,2023-02-04,2023,Unknown,0,13.01,Red,oe:team:e40cdcb20302c0240d2084c909668aa,Diamond Doves,oe:team:2a7fc0772538d018f713520c5e90ee0,Red Eye Esports,oe:player:b14f11e18a9089420d5cd22bf07b917,Toady,mid,Syndra,oe:player:fda70732b859899fa7572b8ebb41196,Ryze,mid:Syndra,lineup-bf5054aef6760743,0,1913.00000000,31.88333333,4,3,7,3.66666667,16767.00000000,27284.00000000,369,855.74490329,0.29244937,0.33980546,31,0.97229482,0.91666667,-107.00000000,-173.00000000,11.00000000,1,out_of_time,568.85059319,602.76235926,214.62294787,1.33673642,2023-01-22
pg-a2c4c71392533601,ESPORTSTMNT03_3099954,2023-02-04T23:06:09,2023-02-04,2023,Unknown,0,13.01,Red,oe:team:e40cdcb20302c0240d2084c909668aa,Diamond Doves,oe:team:2a7fc0772538d018f713520c5e90ee0,Red Eye Esports,oe:player:54c3130f744c5c2fcba05310b893f8e,Edo,sup,Amumu,oe:player:9c8834ac0a7a7aaa66010ded94db1db,Nami,sup:Amumu,lineup-bf5054aef6760743,0,1913.00000000,31.88333333,0,9,6,0.66666667,6340.00000000,3540.00000000,42,111.02979613,0.11058204,0.04408853,60,1.88186095,0.50000000,-770.00000000,-169.00000000,17.00000000,1,out_of_time,278.75341078,181.54099284,76.84462380,-2.18263304,2023-01-22
pg-ddc10994d0c6d00a,ESPORTSTMNT03_3099954,2023-02-04T23:06:09,2023-02-04,2023,Unknown,0,13.01,Red,oe:team:e40cdcb20302c0240d2084c909668aa,Diamond Doves,oe:team:2a7fc0772538d018f713520c5e90ee0,Red Eye Esports,oe:player:43260cdc1d99d1fd01ad7bf83c2cb2a,deathleap,top,Gangplank,oe:player:b9dfa3efb116230e2a05ff9f568e763,Fiora,top:Gangplank,lineup-bf5054aef6760743,0,1913.00000000,31.88333333,4,4,5,2.25000000,14550.00000000,28553.00000000,232,895.54626242,0.25378055,0.35561008,18,0.56455829,0.75000000,43.00000000,-581.00000000,-23.00000000,1,out_of_time,550.79236674,562.14989754,190.62718502,1.80852430,2023-01-22
pg-4984c6c13afdfc5c,ESPORTSTMNT03_3100995,2023-02-05T00:06:41,2023-02-05,2023,Unknown,0,13.01,Blue,oe:team:ca619ab78f35d18f498c11f812542e0,Cremas Esports,oe:team:df70cf5eb04453059ae5a4e4e30a392,Mad Kings,oe:player:32dc07c1aa7fd284d0185619c6f9711,AlienBoy,bot,Sivir,oe:player:445ba3ad8e65abac8ad443618717337,Caitlyn,bot:Sivir,lineup-f1047a29f861049d,0,1881.00000000,31.35000000,2,4,3,1.25000000,11566.00000000,20016.00000000,275,638.46889952,0.22976678,0.31456860,37,1.18022329,0.62500000,-1246.00000000,-315.00000000,-31.00000000,1,out_of_time,635.17411259,614.16943750,291.85592844,0.01128909,2023-01-22
pg-bd62dde4c8e7dcf7,ESPORTSTMNT03_3100995,2023-02-05T00:06:41,2023-02-05,2023,Unknown,0,13.01,Blue,oe:team:ca619ab78f35d18f498c11f812542e0,Cremas Esports,oe:team:df70cf5eb04453059ae5a4e4e30a392,Mad Kings,oe:player:fac747e9c68a89da88dad294bf5ed51,Annataqui,jng,Sejuani,oe:player:914517b9be0b39cd64e61a8f3284995,Elise,jng:Sejuani,lineup-f1047a29f861049d,0,1881.00000000,31.35000000,1,4,4,1.25000000,9436.00000000,6660.00000000,153,212.44019139,0.18745282,0.10466761,36,1.14832536,0.62500000,263.00000000,-75.00000000,5.00000000,1,out_of_time,407.70026463,381.10458831,134.41855863,-1.45262734,2023-01-22
pg-85bf306844a05131,ESPORTSTMNT03_3100995,2023-02-05T00:06:41,2023-02-05,2023,Unknown,0,13.01,Blue,oe:team:ca619ab78f35d18f498c11f812542e0,Cremas Esports,oe:team:df70cf5eb04453059ae5a4e4e30a392,Mad Kings,oe:player:b6fe055bfad88e328abe3fbbf21a33c,Overload,mid,Kassadin,oe:player:24a97b1b1e5d51b77443b684844af57,Ryze,mid:Kassadin,lineup-f1047a29f861049d,0,1881.00000000,31.35000000,4,4,2,1.50000000,11315.00000000,15628.00000000,227,498.50079745,0.22478048,0.24560742,32,1.02073365,0.75000000,165.00000000,57.00000000,2.00000000,1,out_of_time,583.55518086,602.76235926,214.62294787,-0.39629678,2023-01-22
pg-517ba7b486230e94,ESPORTSTMNT03_3100995,2023-02-05T00:06:41,2023-02-05,2023,Unknown,0,13.01,Blue,oe:team:ca619ab78f35d18f498c11f812542e0,Cremas Esports,oe:team:df70cf5eb04453059ae5a4e4e30a392,Mad Kings,oe:player:2eb2a12f1608b0150cc7050b061bc83,khaN,sup,Yuumi,oe:player:c62419314cffbc6e4f3a9b5304e3ddb,Ashe,sup:Yuumi,lineup-f1047a29f861049d,0,1881.00000000,31.35000000,0,2,7,3.50000000,6437.00000000,8232.00000000,14,262.58373206,0.12787556,0.12937294,50,1.59489633,0.87500000,-401.00000000,138.00000000,-3.00000000,1,out_of_time,299.08528738,181.54099284,76.84462380,-0.47500467,2023-01-22
pg-f5f958eb1743ebc5,ESPORTSTMNT03_3100995,2023-02-05T00:06:41,2023-02-05,2023,Unknown,0,13.01,Blue,oe:team:ca619ab78f35d18f498c11f812542e0,Cremas Esports,oe:team:df70cf5eb04453059ae5a4e4e30a392,Mad Kings,oe:player:a9e2d00e60f059e223d82301a50182c,Abaddon,top,Fiora,oe:player:7ec4aff3394361255ecfe13ca99b994,K'Sante,top:Fiora,lineup-f1047a29f861049d,0,1881.00000000,31.35000000,1,1,3,4.00000000,11584.00000000,13094.00000000,276,417.67145136,0.23012436,0.20578344,27,0.86124402,0.50000000,-207.00000000,775.00000000,9.00000000,1,out_of_time,535.06906395,562.14989754,190.62718502,-0.61584927,2023-01-22
pg-ff927f57278ffff7,ESPORTSTMNT03_3100995,2023-02-05T00:06:41,2023-02-05,2023,Unknown,0,13.01,Red,oe:team:df70cf5eb04453059ae5a4e4e30a392,Mad Kings,oe:team:ca619ab78f35d18f498c11f812542e0,Cremas Esports,oe:player:445ba3ad8e65abac8ad443618717337,Xamexx,bot,Caitlyn,oe:player:32dc07c1aa7fd284d0185619c6f9711,Sivir,bot:Caitlyn,lineup-62d4b7a1638810cb,1,1881.00000000,31.35000000,4,3,7,3.66666667,14319.00000000,22542.00000000,310,719.04306220,0.23954831,0.24551544,45,1.43540670,0.73333333,1246.00000000,315.00000000,31.00000000,1,out_of_time,538.33258551,614.16943750,291.85592844,0.61917699,2023-01-22
pg-faee07a24b4f0560,ESPORTSTMNT03_3100995,2023-02-05T00:06:41,2023-02-05,2023,Unknown,0,13.01,Red,oe:team:df70cf5eb04453059ae5a4e4e30a392,Mad Kings,oe:team:ca619ab78f35d18f498c11f812542e0,Cremas Esports,oe:player:914517b9be0b39cd64e61a8f3284995,Yoyomax,jng,Elise,oe:player:fac747e9c68a89da88dad294bf5ed51,Sejuani,jng:Elise,lineup-62d4b7a1638810cb,1,1881.00000000,31.35000000,3,1,11,14.00000000,10916.00000000,14027.00000000,134,447.43221691,0.18261815,0.15277460,35,1.11642743,0.93333333,-263.00000000,75.00000000,-5.00000000,1,out_of_time,398.32712036,381.10458831,134.41855863,0.36531486,2023-01-22
pg-e9e594b506b5c94a,ESPORTSTMNT03_3100995,2023-02-05T00:06:41,2023-02-05,2023,Unknown,0,13.01,Red,oe:team:df70cf5eb04453059ae5a4e4e30a392,Mad Kings,oe:team:ca619ab78f35d18f498c11f812542e0,Cremas Esports,oe:player:24a97b1b1e5d51b77443b684844af57,Alex Mercer,mid,Ryze,oe:player:b6fe055bfad88e328abe3fbbf21a33c,Kassadin,mid:Ryze,lineup-62d4b7a1638810cb,1,1881.00000000,31.35000000,6,1,5,11.00000000,14159.00000000,25306.00000000,300,807.20893142,0.23687160,0.27561945,31,0.98883573,0.73333333,-165.00000000,-57.00000000,-2.00000000,1,out_of_time,539.37623652,602.76235926,214.62294787,1.24792198,2023-01-22
pg-98cf042c54d94566,ESPORTSTMNT03_3100995,2023-02-05T00:06:41,2023-02-05,2023,Unknown,0,13.01,Red,oe:team:df70cf5eb04453059ae5a4e4e30a392,Mad Kings,oe:team:ca619ab78f35d18f498c11f812542e0,Cremas Esports,oe:player:c62419314cffbc6e4f3a9b5304e3ddb,Melody,sup,Ashe,oe:player:2eb2a12f1608b0150cc7050b061bc83,Yuumi,sup:Ashe,lineup-62d4b7a1638810cb,1,1881.00000000,31.35000000,0,2,14,7.00000000,8439.00000000,12008.00000000,23,383.03030303,0.14117942,0.13078473,98,3.12599681,0.93333333,401.00000000,-138.00000000,3.00000000,1,out_of_time,262.98530269,181.54099284,76.84462380,1.56217826,2023-01-22
pg-384553a0fe98eb3e,ESPORTSTMNT03_3100995,2023-02-05T00:06:41,2023-02-05,2023,Unknown,0,13.01,Red,oe:team:df70cf5eb04453059ae5a4e4e30a392,Mad Kings,oe:team:ca619ab78f35d18f498c11f812542e0,Cremas Esports,oe:player:7ec4aff3394361255ecfe13ca99b994,Siicked,top,K'Sante,oe:player:a9e2d00e60f059e223d82301a50182c,Fiora,top:K'Sante,lineup-62d4b7a1638810cb,1,1881.00000000,31.35000000,2,1,8,10.00000000,11942.00000000,17932.00000000,243,571.99362041,0.19978252,0.19530578,37,1.18022329,0.66666667,207.00000000,-775.00000000,-9.00000000,1,out_of_time,500.98740114,562.14989754,190.62718502,0.37248737,2023-01-22
pg-e8cb34f52373b9ed,ESPORTSTMNT03_3101070,2023-02-05T01:09:02,2023-02-05,2023,Unknown,0,13.01,Blue,oe:team:df70cf5eb04453059ae5a4e4e30a392,Mad Kings,oe:team:ca619ab78f35d18f498c11f812542e0,Cremas Esports,oe:player:445ba3ad8e65abac8ad443618717337,Xamexx,bot,Ezreal,oe:player:32dc07c1aa7fd284d0185619c6f9711,Sivir,bot:Ezreal,lineup-62d4b7a1638810cb,0,2469.00000000,41.15000000,5,3,12,5.66666667,18880.00000000,59659.00000000,389,1449.79343864,0.26176776,0.39139135,56,1.36087485,0.94444444,788.00000000,279.00000000,20.00000000,1,out_of_time,584.12045334,614.16943750,291.85592844,2.96609697,2023-01-22
pg-c8d0576590f3bfd5,ESPORTSTMNT03_3101070,2023-02-05T01:09:02,2023-02-05,2023,Unknown,0,13.01,Blue,oe:team:df70cf5eb04453059ae5a4e4e30a392,Mad Kings,oe:team:ca619ab78f35d18f498c11f812542e0,Cremas Esports,oe:player:914517b9be0b39cd64e61a8f3284995,Yoyomax,jng,Wukong,oe:player:fac747e9c68a89da88dad294bf5ed51,Xin Zhao,jng:Wukong,lineup-62d4b7a1638810cb,0,2469.00000000,41.15000000,5,8,4,1.12500000,12605.00000000,14550.00000000,157,353.58444714,0.17476603,0.09545490,47,1.14216282,0.50000000,-87.00000000,-495.00000000,-22.00000000,1,out_of_time,403.53446918,381.10458831,134.41855863,-0.37160064,2023-01-22
pg-a1f012cdc0ad90ce,ESPORTSTMNT03_3101070,2023-02-05T01:09:02,2023-02-05,2023,Unknown,0,13.01,Blue,oe:team:df70cf5eb04453059ae5a4e4e30a392,Mad Kings,oe:team:ca619ab78f35d18f498c11f812542e0,Cremas Esports,oe:player:24a97b1b1e5d51b77443b684844af57,Alex Mercer,mid,Anivia,oe:player:b6fe055bfad88e328abe3fbbf21a33c,Ryze,mid:Anivia,lineup-62d4b7a1638810cb,0,2469.00000000,41.15000000,7,5,6,2.60000000,17710.00000000,43777.00000000,343,1063.83961118,0.24554593,0.28719789,63,1.53098420,0.72222222,-1335.00000000,-1475.00000000,-11.00000000,1,out_of_time,564.93888452,602.76235926,214.62294787,2.32454512,2023-01-22
pg-601529bd25fd6888,ESPORTSTMNT03_3101070,2023-02-05T01:09:02,2023-02-05,2023,Unknown,0,13.01,Blue,oe:team:df70cf5eb04453059ae5a4e4e30a392,Mad Kings,oe:team:ca619ab78f35d18f498c11f812542e0,Cremas Esports,oe:player:c62419314cffbc6e4f3a9b5304e3ddb,Melody,sup,Karma,oe:player:2eb2a12f1608b0150cc7050b061bc83,Yuumi,sup:Karma,lineup-62d4b7a1638810cb,0,2469.00000000,41.15000000,1,3,13,4.66666667,10773.00000000,12381.00000000,27,300.87484812,0.14936568,0.08122523,112,2.72174970,0.77777778,455.00000000,66.00000000,5.00000000,1,out_of_time,269.60161256,181.54099284,76.84462380,0.40696712,2023-01-22
pg-7f386976ce864828,ESPORTSTMNT03_3101070,2023-02-05T01:09:02,2023-02-05,2023,Unknown,0,13.01,Blue,oe:team:df70cf5eb04453059ae5a4e4e30a392,Mad Kings,oe:team:ca619ab78f35d18f498c11f812542e0,Cremas Esports,oe:player:7ec4aff3394361255ecfe13ca99b994,Siicked,top,Renekton,oe:player:a9e2d00e60f059e223d82301a50182c,Ornn,top:Renekton,lineup-62d4b7a1638810cb,0,2469.00000000,41.15000000,0,8,6,0.75000000,12157.00000000,22061.00000000,241,536.11178615,0.16855459,0.14473063,52,1.26366950,0.33333333,69.00000000,235.00000000,25.00000000,1,out_of_time,536.93214097,562.14989754,190.62718502,-0.00430345,2023-01-22
pg-9751de7888c3e457,ESPORTSTMNT03_3101070,2023-02-05T01:09:02,2023-02-05,2023,Unknown,0,13.01,Red,oe:team:ca619ab78f35d18f498c11f812542e0,Cremas Esports,oe:team:df70cf5eb04453059ae5a4e4e30a392,Mad Kings,oe:player:32dc07c1aa7fd284d0185619c6f9711,AlienBoy,bot,Sivir,oe:player:445ba3ad8e65abac8ad443618717337,Ezreal,bot:Sivir,lineup-f1047a29f861049d,1,2469.00000000,41.15000000,12,3,8,6.66666667,18647.00000000,45632.00000000,305,1108.91859052,0.24508760,0.30960038,42,1.02065614,0.74074074,-788.00000000,-279.00000000,-20.00000000,1,out_of_time,604.99733281,614.16943750,291.85592844,1.72660963,2023-01-22
pg-8f8e3df0cd47a384,ESPORTSTMNT03_3101070,2023-02-05T01:09:02,2023-02-05,2023,Unknown,0,13.01,Red,oe:team:ca619ab78f35d18f498c11f812542e0,Cremas Esports,oe:team:df70cf5eb04453059ae5a4e4e30a392,Mad Kings,oe:player:fac747e9c68a89da88dad294bf5ed51,Annataqui,jng,Xin Zhao,oe:player:914517b9be0b39cd64e61a8f3284995,Wukong,jng:Xin Zhao,lineup-f1047a29f861049d,1,2469.00000000,41.15000000,3,6,8,1.83333333,14046.00000000,21521.00000000,237,522.98906440,0.18461417,0.14601398,58,1.40947752,0.40740741,87.00000000,495.00000000,22.00000000,1,out_of_time,393.73043723,381.10458831,134.41855863,0.96161295,2023-01-22
pg-c021bb58cd945a67,ESPORTSTMNT03_3101070,2023-02-05T01:09:02,2023-02-05,2023,Unknown,0,13.01,Red,oe:team:ca619ab78f35d18f498c11f812542e0,Cremas Esports,oe:team:df70cf5eb04453059ae5a4e4e30a392,Mad Kings,oe:player:b6fe055bfad88e328abe3fbbf21a33c,Overload,mid,Ryze,oe:player:24a97b1b1e5d51b77443b684844af57,Anivia,mid:Ryze,lineup-f1047a29f861049d,1,2469.00000000,41.15000000,9,2,11,10.00000000,19263.00000000,47551.00000000,348,1155.55285541,0.25318402,0.32262026,72,1.74969623,0.74074074,1335.00000000,1475.00000000,11.00000000,1,out_of_time,540.30248489,602.76235926,214.62294787,2.86665697,2023-01-22
pg-05edc32c7b7e93b1,ESPORTSTMNT03_3101070,2023-02-05T01:09:02,2023-02-05,2023,Unknown,0,13.01,Red,oe:team:ca619ab78f35d18f498c11f812542e0,Cremas Esports,oe:team:df70cf5eb04453059ae5a4e4e30a392,Mad Kings,oe:player:2eb2a12f1608b0150cc7050b061bc83,khaN,sup,Yuumi,oe:player:c62419314cffbc6e4f3a9b5304e3ddb,Karma,sup:Yuumi,lineup-f1047a29f861049d,1,2469.00000000,41.15000000,2,2,21,11.50000000,11811.00000000,16894.00000000,8,410.54678007,0.15523836,0.11462107,81,1.96840826,0.85185185,-455.00000000,-66.00000000,-5.00000000,1,out_of_time,278.07433632,181.54099284,76.84462380,1.72389996,2023-01-22
pg-c86cedec2e33a358,ESPORTSTMNT03_3101070,2023-02-05T01:09:02,2023-02-05,2023,Unknown,0,13.01,Red,oe:team:ca619ab78f35d18f498c11f812542e0,Cremas Esports,oe:team:df70cf5eb04453059ae5a4e4e30a392,Mad Kings,oe:player:a9e2d00e60f059e223d82301a50182c,Abaddon,top,Ornn,oe:player:7ec4aff3394361255ecfe13ca99b994,Renekton,top:Ornn,lineup-f1047a29f861049d,1,2469.00000000,41.15000000,1,5,12,2.60000000,12316.00000000,15792.00000000,214,383.76670717,0.16187585,0.10714431,54,1.31227217,0.48148148,-69.00000000,-235.00000000,-25.00000000,1,out_of_time,498.61470517,562.14989754,190.62718502,-0.60247440,2023-01-22
pg-254ce05ba85c5408,ESPORTSTMNT01_3306877,2023-02-10T00:03:39,2023-02-10,2023,Unknown,0,13.01,Blue,oe:team:df70cf5eb04453059ae5a4e4e30a392,Mad Kings,oe:team:32c3055d495d91676e208b0c8997536,Incubus,oe:player:445ba3ad8e65abac8ad443618717337,Xamexx,bot,Miss Fortune,oe:player:54861efdd06fc309e1c9a420feff98e,Lucian,bot:Miss Fortune,lineup-62d4b7a1638810cb,0,2528.00000000,42.13333333,8,4,5,3.25000000,19663.00000000,28356.00000000,388,673.00632911,0.26592464,0.24337616,35,0.83069620,0.76470588,1209.00000000,-4.00000000,24.00000000,1,out_of_time,509.87170493,614.16943750,291.85592844,0.55895601,2023-01-22
pg-a9e922c8c975e7ce,ESPORTSTMNT01_3306877,2023-02-10T00:03:39,2023-02-10,2023,Unknown,0,13.01,Blue,oe:team:df70cf5eb04453059ae5a4e4e30a392,Mad Kings,oe:team:32c3055d495d91676e208b0c8997536,Incubus,oe:player:914517b9be0b39cd64e61a8f3284995,Yoyomax,jng,Maokai,oe:player:e48399fc3f73709f52da476693e76ac,Vi,jng:Maokai,lineup-62d4b7a1638810cb,0,2528.00000000,42.13333333,2,5,12,2.80000000,12211.00000000,26238.00000000,146,622.73734177,0.16514295,0.22519762,47,1.11550633,0.82352941,639.00000000,-103.00000000,-14.00000000,1,out_of_time,413.91488995,381.10458831,134.41855863,1.55352396,2023-01-22
pg-7385af3255063f12,ESPORTSTMNT01_3306877,2023-02-10T00:03:39,2023-02-10,2023,Unknown,0,13.01,Blue,oe:team:df70cf5eb04453059ae5a4e4e30a392,Mad Kings,oe:team:32c3055d495d91676e208b0c8997536,Incubus,oe:player:24a97b1b1e5d51b77443b684844af57,Alex Mercer,mid,Syndra,oe:player:5323274d1d895fb72872217f95701c6,Ekko,mid:Syndra,lineup-62d4b7a1638810cb,0,2528.00000000,42.13333333,3,3,9,4.00000000,16088.00000000,30138.00000000,330,715.30063291,0.21757594,0.25867086,43,1.02056962,0.70588235,-591.00000000,9.00000000,-6.00000000,1,out_of_time,529.53997725,602.76235926,214.62294787,0.86552094,2023-01-22
pg-a5bf7ab0d8b15055,ESPORTSTMNT01_3306877,2023-02-10T00:03:39,2023-02-10,2023,Unknown,0,13.01,Blue,oe:team:df70cf5eb04453059ae5a4e4e30a392,Mad Kings,oe:team:32c3055d495d91676e208b0c8997536,Incubus,oe:player:c62419314cffbc6e4f3a9b5304e3ddb,Melody,sup,Ashe,oe:player:1a78e472bae7d14a62db8e30ea6cfd9,Nami,sup:Ashe,lineup-62d4b7a1638810cb,0,2528.00000000,42.13333333,1,3,12,4.33333333,9837.00000000,12912.00000000,32,306.45569620,0.13303670,0.11082215,160,3.79746835,0.76470588,712.00000000,933.00000000,-1.00000000,1,out_of_time,270.26195753,181.54099284,76.84462380,0.47099897,2023-01-22
pg-df583ef587023a98,ESPORTSTMNT01_3306877,2023-02-10T00:03:39,2023-02-10,2023,Unknown,0,13.01,Blue,oe:team:df70cf5eb04453059ae5a4e4e30a392,Mad Kings,oe:team:32c3055d495d91676e208b0c8997536,Incubus,oe:player:7ec4aff3394361255ecfe13ca99b994,Siicked,top,K'Sante,oe:player:dfeef0ad11329eb650c8146697b943e,Gnar,top:K'Sante,lineup-62d4b7a1638810cb,0,2528.00000000,42.13333333,3,3,7,3.33333333,16143.00000000,18867.00000000,320,447.79272152,0.21831976,0.16193321,53,1.25791139,0.58823529,-927.00000000,-428.00000000,-15.00000000,1,out_of_time,526.65442899,562.14989754,190.62718502,-0.41369602,2023-01-22
pg-8d4ab0db9da740d2,ESPORTSTMNT01_3306877,2023-02-10T00:03:39,2023-02-10,2023,Unknown,0,13.01,Red,oe:team:32c3055d495d91676e208b0c8997536,Incubus,oe:team:df70cf5eb04453059ae5a4e4e30a392,Mad Kings,oe:player:54861efdd06fc309e1c9a420feff98e,Scenario,bot,Lucian,oe:player:445ba3ad8e65abac8ad443618717337,Miss Fortune,bot:Lucian,lineup-fc51ce60bc518eb2,1,2528.00000000,42.13333333,5,2,5,5.00000000,19247.00000000,28349.00000000,396,672.84018987,0.24421718,0.29824100,29,0.68829114,0.55555556,-1209.00000000,4.00000000,-24.00000000,1,out_of_time,540.24521904,614.16943750,291.85592844,0.45431652,2023-01-22
pg-d5f9715a7211bddd,ESPORTSTMNT01_3306877,2023-02-10T00:03:39,2023-02-10,2023,Unknown,0,13.01,Red,oe:team:32c3055d495d91676e208b0c8997536,Incubus,oe:team:df70cf5eb04453059ae5a4e4e30a392,Mad Kings,oe:player:e48399fc3f73709f52da476693e76ac,Shall,jng,Vi,oe:player:914517b9be0b39cd64e61a8f3284995,Maokai,jng:Vi,lineup-fc51ce60bc518eb2,1,2528.00000000,42.13333333,0,9,10,1.11111111,12444.00000000,8297.00000000,214,196.92246835,0.15789674,0.08728723,82,1.94620253,0.55555556,-639.00000000,103.00000000,14.00000000,1,out_of_time,370.44360565,381.10458831,134.41855863,-1.29090164,2023-01-22
pg-e0960ec3fbd1af4e,ESPORTSTMNT01_3306877,2023-02-10T00:03:39,2023-02-10,2023,Unknown,0,13.01,Red,oe:team:32c3055d495d91676e208b0c8997536,Incubus,oe:team:df70cf5eb04453059ae5a4e4e30a392,Mad Kings,oe:player:5323274d1d895fb72872217f95701c6,Dinastik,mid,Ekko,oe:player:24a97b1b1e5d51b77443b684844af57,Syndra,mid:Ekko,lineup-fc51ce60bc518eb2,1,2528.00000000,42.13333333,10,3,4,4.66666667,20924.00000000,30124.00000000,388,714.96835443,0.26549593,0.31691460,39,0.92563291,0.77777778,591.00000000,-9.00000000,6.00000000,1,out_of_time,520.80594766,602.76235926,214.62294787,0.90466751,2023-01-22
pg-cfee16e444be18f7,ESPORTSTMNT01_3306877,2023-02-10T00:03:39,2023-02-10,2023,Unknown,0,13.01,Red,oe:team:32c3055d495d91676e208b0c8997536,Incubus,oe:team:df70cf5eb04453059ae5a4e4e30a392,Mad Kings,oe:player:1a78e472bae7d14a62db8e30ea6cfd9,Ceviche,sup,Nami,oe:player:c62419314cffbc6e4f3a9b5304e3ddb,Ashe,sup:Nami,lineup-fc51ce60bc518eb2,1,2528.00000000,42.13333333,0,1,12,12.00000000,9115.00000000,6943.00000000,22,164.78639241,0.11565644,0.07304269,112,2.65822785,0.66666667,-712.00000000,-933.00000000,1.00000000,1,out_of_time,265.27716967,181.54099284,76.84462380,-1.30771383,2023-01-22
pg-f30cb780c4644b9a,ESPORTSTMNT01_3306877,2023-02-10T00:03:39,2023-02-10,2023,Unknown,0,13.01,Red,oe:team:32c3055d495d91676e208b0c8997536,Incubus,oe:team:df70cf5eb04453059ae5a4e4e30a392,Mad Kings,oe:player:dfeef0ad11329eb650c8146697b943e,JuanDeDios,top,Gnar,oe:player:7ec4aff3394361255ecfe13ca99b994,K'Sante,top:Gnar,lineup-fc51ce60bc518eb2,1,2528.00000000,42.13333333,3,2,9,6.00000000,17081.00000000,21341.00000000,335,506.51107595,0.21673370,0.22451449,67,1.59018987,0.66666667,927.00000000,428.00000000,15.00000000,1,out_of_time,506.05635909,562.14989754,190.62718502,0.00238537,2023-01-22
pg-fe444175a96d2d85,ESPORTSTMNT01_3308829,2023-02-10T01:19:32,2023-02-10,2023,Unknown,0,13.01,Blue,oe:team:32c3055d495d91676e208b0c8997536,Incubus,oe:team:df70cf5eb04453059ae5a4e4e30a392,Mad Kings,oe:player:54861efdd06fc309e1c9a420feff98e,Scenario,bot,Ezreal,oe:player:445ba3ad8e65abac8ad443618717337,Lucian,bot:Ezreal,lineup-fc51ce60bc518eb2,0,2129.00000000,35.48333333,2,5,5,1.40000000,12932.00000000,38145.00000000,307,1075.01174260,0.21315312,0.26292390,27,0.76092062,0.38888889,-1316.00000000,-174.00000000,-13.00000000,1,out_of_time,533.54616379,614.16943750,291.85592844,1.85524955,2023-01-22
pg-229dbd17e62d05d8,ESPORTSTMNT01_3308829,2023-02-10T01:19:32,2023-02-10,2023,Unknown,0,13.01,Blue,oe:team:32c3055d495d91676e208b0c8997536,Incubus,oe:team:df70cf5eb04453059ae5a4e4e30a392,Mad Kings,oe:player:e48399fc3f73709f52da476693e76ac,Shall,jng,Maokai,oe:player:914517b9be0b39cd64e61a8f3284995,Sejuani,jng:Maokai,lineup-fc51ce60bc518eb2,0,2129.00000000,35.48333333,1,14,5,0.42857143,9566.00000000,28082.00000000,162,791.41380930,0.15767266,0.19356217,57,1.60638798,0.33333333,-1919.00000000,-823.00000000,27.00000000,1,out_of_time,417.74537383,381.10458831,134.41855863,2.77988724,2023-01-22
pg-f23d3565197ee5ea,ESPORTSTMNT01_3308829,2023-02-10T01:19:32,2023-02-10,2023,Unknown,0,13.01,Blue,oe:team:32c3055d495d91676e208b0c8997536,Incubus,oe:team:df70cf5eb04453059ae5a4e4e30a392,Mad Kings,oe:player:5323274d1d895fb72872217f95701c6,Dinastik,mid,Akali,oe:player:24a97b1b1e5d51b77443b684844af57,Mordekaiser,mid:Akali,lineup-fc51ce60bc518eb2,0,2129.00000000,35.48333333,8,11,3,1.00000000,14170.00000000,32217.00000000,232,907.94739314,0.23355860,0.22206369,26,0.73273837,0.61111111,-1462.00000000,-1006.00000000,2.00000000,1,out_of_time,533.38447885,602.76235926,214.62294787,1.74521372,2023-01-22
pg-239afecd3aa2511d,ESPORTSTMNT01_3308829,2023-02-10T01:19:32,2023-02-10,2023,Unknown,0,13.01,Blue,oe:team:32c3055d495d91676e208b0c8997536,Incubus,oe:team:df70cf5eb04453059ae5a4e4e30a392,Mad Kings,oe:player:1a78e472bae7d14a62db8e30ea6cfd9,Ceviche,sup,Renata Glasc,oe:player:c62419314cffbc6e4f3a9b5304e3ddb,Nami,sup:Renata Glasc,lineup-fc51ce60bc518eb2,0,2129.00000000,35.48333333,0,4,12,3.00000000,8003.00000000,7967.00000000,24,224.52794739,0.13191033,0.05491453,89,2.50821982,0.66666667,-391.00000000,-572.00000000,4.00000000,1,out_of_time,266.12081303,181.54099284,76.84462380,-0.54125928,2023-01-22
pg-c8ba4f01b13fd2ac,ESPORTSTMNT01_3308829,2023-02-10T01:19:32,2023-02-10,2023,Unknown,0,13.01,Blue,oe:team:32c3055d495d91676e208b0c8997536,Incubus,oe:team:df70cf5eb04453059ae5a4e4e30a392,Mad Kings,oe:player:dfeef0ad11329eb650c8146697b943e,JuanDeDios,top,Jayce,oe:player:7ec4aff3394361255ecfe13ca99b994,Gwen,top:Jayce,lineup-fc51ce60bc518eb2,0,2129.00000000,35.48333333,7,5,4,2.20000000,15999.00000000,38669.00000000,310,1089.77923908,0.26370529,0.26653570,47,1.32456552,0.61111111,136.00000000,113.00000000,14.00000000,1,out_of_time,522.38889874,562.14989754,190.62718502,2.97643980,2023-01-22
pg-0c94ed0b8c66eafd,ESPORTSTMNT01_3308829,2023-02-10T01:19:32,2023-02-10,2023,Unknown,0,13.01,Red,oe:team:df70cf5eb04453059ae5a4e4e30a392,Mad Kings,oe:team:32c3055d495d91676e208b0c8997536,Incubus,oe:player:445ba3ad8e65abac8ad443618717337,Xamexx,bot,Lucian,oe:player:54861efdd06fc309e1c9a420feff98e,Ezreal,bot:Lucian,lineup-62d4b7a1638810cb,1,2129.00000000,35.48333333,6,1,11,17.00000000,18756.00000000,40018.00000000,360,1127.79708783,0.24720256,0.33429120,62,1.74729920,0.43589744,1316.00000000,174.00000000,13.00000000,1,out_of_time,525.58041007,614.16943750,291.85592844,2.06340396,2023-01-22
pg-58a7a8d89be6760f,ESPORTSTMNT01_3308829,2023-02-10T01:19:32,2023-02-10,2023,Unknown,0,13.01,Red,oe:team:df70cf5eb04453059ae5a4e4e30a392,Mad Kings,oe:team:32c3055d495d91676e208b0c8997536,Incubus,oe:player:914517b9be0b39cd64e61a8f3284995,Yoyomax,jng,Sejuani,oe:player:e48399fc3f73709f52da476693e76ac,Maokai,jng:Sejuani,lineup-62d4b7a1638810cb,1,2129.00000000,35.48333333,10,3,21,10.33333333,15128.00000000,18840.00000000,111,530.95349930,0.19938582,0.15738034,40,1.12728981,0.79487179,1919.00000000,823.00000000,-27.00000000,1,out_of_time,393.49616046,381.10458831,134.41855863,1.02260685,2023-01-22
pg-dcbc569889127031,ESPORTSTMNT01_3308829,2023-02-10T01:19:32,2023-02-10,2023,Unknown,0,13.01,Red,oe:team:df70cf5eb04453059ae5a4e4e30a392,Mad Kings,oe:team:32c3055d495d91676e208b0c8997536,Incubus,oe:player:24a97b1b1e5d51b77443b684844af57,Alex Mercer,mid,Mordekaiser,oe:player:5323274d1d895fb72872217f95701c6,Akali,mid:Mordekaiser,lineup-62d4b7a1638810cb,1,2129.00000000,35.48333333,15,5,9,4.80000000,16445.00000000,32987.00000000,222,929.64772194,0.21674377,0.27555760,39,1.09910756,0.61538462,1462.00000000,1006.00000000,-2.00000000,1,out_of_time,532.76272695,602.76235926,214.62294787,1.84921975,2023-01-22
pg-8a602c1f96d84f40,ESPORTSTMNT01_3308829,2023-02-10T01:19:32,2023-02-10,2023,Unknown,0,13.01,Red,oe:team:df70cf5eb04453059ae5a4e4e30a392,Mad Kings,oe:team:32c3055d495d91676e208b0c8997536,Incubus,oe:player:c62419314cffbc6e4f3a9b5304e3ddb,Melody,sup,Nami,oe:player:1a78e472bae7d14a62db8e30ea6cfd9,Renata Glasc,sup:Nami,lineup-62d4b7a1638810cb,1,2129.00000000,35.48333333,4,6,19,3.83333333,10914.00000000,9494.00000000,17,267.56223579,0.14384564,0.07930833,74,2.08548614,0.58974359,391.00000000,572.00000000,-4.00000000,1,out_of_time,256.84886132,181.54099284,76.84462380,0.13941606,2023-01-22
pg-072d30d4e71616bc,ESPORTSTMNT01_3308829,2023-02-10T01:19:32,2023-02-10,2023,Unknown,0,13.01,Red,oe:team:df70cf5eb04453059ae5a4e4e30a392,Mad Kings,oe:team:32c3055d495d91676e208b0c8997536,Incubus,oe:player:7ec4aff3394361255ecfe13ca99b994,Siicked,top,Gwen,oe:player:dfeef0ad11329eb650c8146697b943e,Jayce,top:Gwen,lineup-62d4b7a1638810cb,1,2129.00000000,35.48333333,4,3,7,3.66666667,14630.00000000,18371.00000000,262,517.73602630,0.19282222,0.15346253,48,1.35274777,0.28205128,-136.00000000,-113.00000000,-14.00000000,1,out_of_time,526.61460682,562.14989754,190.62718502,-0.04657563,2023-01-22
pg-aa8dce5833431812,ESPORTSTMNT01_3306943,2023-02-10T02:26:42,2023-02-10,2023,Unknown,0,13.01,Blue,oe:team:e40cdcb20302c0240d2084c909668aa,Diamond Doves,oe:team:ca619ab78f35d18f498c11f812542e0,Cremas Esports,oe:player:a9159216ea197997ac9c7fd4b85a4d3,Kasamura,bot,Varus,oe:player:32dc07c1aa7fd284d0185619c6f9711,Sivir,bot:Varus,lineup-bf5054aef6760743,0,1893.00000000,31.55000000,2,4,1,0.75000000,11676.00000000,18664.00000000,235,591.56893819,0.23174943,0.33347627,27,0.85578447,0.42857143,418.00000000,220.00000000,-8.00000000,1,out_of_time,586.42416166,614.16943750,291.85592844,0.01762780,2023-01-22
pg-baad3c8f54cedb43,ESPORTSTMNT01_3306943,2023-02-10T02:26:42,2023-02-10,2023,Unknown,0,13.01,Blue,oe:team:e40cdcb20302c0240d2084c909668aa,Diamond Doves,oe:team:ca619ab78f35d18f498c11f812542e0,Cremas Esports,oe:player:1fcb99a1ab06e1e36635365ed3e59ce,Kalium,jng,Lee Sin,oe:player:fac747e9c68a89da88dad294bf5ed51,Zac,jng:Lee Sin,lineup-bf5054aef6760743,0,1893.00000000,31.55000000,2,2,5,3.50000000,10416.00000000,7762.00000000,183,246.02218700,0.20674050,0.13868639,35,1.10935024,1.00000000,1073.00000000,536.00000000,14.00000000,1,out_of_time,424.75910315,381.10458831,134.41855863,-1.32970416,2023-01-22
pg-22272a80bbd74a70,ESPORTSTMNT01_3306943,2023-02-10T02:26:42,2023-02-10,2023,Unknown,0,13.01,Blue,oe:team:e40cdcb20302c0240d2084c909668aa,Diamond Doves,oe:team:ca619ab78f35d18f498c11f812542e0,Cremas Esports,oe:player:b14f11e18a9089420d5cd22bf07b917,Toady,mid,Sylas,oe:player:b6fe055bfad88e328abe3fbbf21a33c,Akali,mid:Sylas,lineup-bf5054aef6760743,0,1893.00000000,31.55000000,0,3,2,0.66666667,10989.00000000,10518.00000000,264,333.37559429,0.21811361,0.18792882,37,1.17274168,0.28571429,-371.00000000,-507.00000000,-26.00000000,1,out_of_time,545.20423853,602.76235926,214.62294787,-0.98698041,2023-01-22
pg-3087f7cc98844c20,ESPORTSTMNT01_3306943,2023-02-10T02:26:42,2023-02-10,2023,Unknown,0,13.01,Blue,oe:team:e40cdcb20302c0240d2084c909668aa,Diamond Doves,oe:team:ca619ab78f35d18f498c11f812542e0,Cremas Esports,oe:player:54c3130f744c5c2fcba05310b893f8e,Edo,sup,Karma,oe:player:2eb2a12f1608b0150cc7050b061bc83,Lulu,sup:Karma,lineup-bf5054aef6760743,0,1893.00000000,31.55000000,0,4,4,1.00000000,6498.00000000,5267.00000000,20,166.94136292,0.12897463,0.09410735,72,2.28209192,0.57142857,-179.00000000,-686.00000000,-17.00000000,1,out_of_time,281.26147249,181.54099284,76.84462380,-1.48767869,2023-01-22
pg-8be17ad5d81e543a,ESPORTSTMNT01_3306943,2023-02-10T02:26:42,2023-02-10,2023,Unknown,0,13.01,Blue,oe:team:e40cdcb20302c0240d2084c909668aa,Diamond Doves,oe:team:ca619ab78f35d18f498c11f812542e0,Cremas Esports,oe:player:43260cdc1d99d1fd01ad7bf83c2cb2a,deathleap,top,Camille,oe:player:a9e2d00e60f059e223d82301a50182c,Gnar,top:Camille,lineup-bf5054aef6760743,0,1893.00000000,31.55000000,3,4,1,1.00000000,10803.00000000,13757.00000000,200,436.03803487,0.21442182,0.24580117,26,0.82408875,0.57142857,1062.00000000,386.00000000,3.00000000,1,out_of_time,542.98036916,562.14989754,190.62718502,-0.56100254,2023-01-22
pg-51a6d45c706d1cc4,ESPORTSTMNT01_3306943,2023-02-10T02:26:42,2023-02-10,2023,Unknown,0,13.01,Red,oe:team:ca619ab78f35d18f498c11f812542e0,Cremas Esports,oe:team:e40cdcb20302c0240d2084c909668aa,Diamond Doves,oe:player:32dc07c1aa7fd284d0185619c6f9711,AlienBoy,bot,Sivir,oe:player:a9159216ea197997ac9c7fd4b85a4d3,Varus,bot:Sivir,lineup-f1047a29f861049d,1,1893.00000000,31.55000000,8,1,7,15.00000000,15962.00000000,24362.00000000,305,772.17115689,0.27020805,0.32911392,23,0.72900158,0.88235294,-418.00000000,-220.00000000,8.00000000,1,out_of_time,635.68723217,614.16943750,291.85592844,0.46764143,2023-01-22
pg-63661b865e55e970,ESPORTSTMNT01_3306943,2023-02-10T02:26:42,2023-02-10,2023,Unknown,0,13.01,Red,oe:team:ca619ab78f35d18f498c11f812542e0,Cremas Esports,oe:team:e40cdcb20302c0240d2084c909668aa,Diamond Doves,oe:player:fac747e9c68a89da88dad294bf5ed51,Annataqui,jng,Zac,oe:player:1fcb99a1ab06e1e36635365ed3e59ce,Lee Sin,jng:Zac,lineup-f1047a29f861049d,1,1893.00000000,31.55000000,1,0,8,9.00000000,9887.00000000,6586.00000000,140,208.74801902,0.16736919,0.08897235,47,1.48969889,0.52941176,-1073.00000000,-536.00000000,-14.00000000,1,out_of_time,411.30112954,381.10458831,134.41855863,-1.50688352,2023-01-22
pg-5742aa84dfd93cbf,ESPORTSTMNT01_3306943,2023-02-10T02:26:42,2023-02-10,2023,Unknown,0,13.01,Red,oe:team:ca619ab78f35d18f498c11f812542e0,Cremas Esports,oe:team:e40cdcb20302c0240d2084c909668aa,Diamond Doves,oe:player:b6fe055bfad88e328abe3fbbf21a33c,Overload,mid,Akali,oe:player:b14f11e18a9089420d5cd22bf07b917,Sylas,mid:Akali,lineup-f1047a29f861049d,1,1893.00000000,31.55000000,4,3,9,4.33333333,12659.00000000,23635.00000000,251,749.12836767,0.21429418,0.31929265,45,1.42630745,0.76470588,371.00000000,507.00000000,26.00000000,1,out_of_time,564.43003554,602.76235926,214.62294787,0.86057122,2023-01-22
pg-a9fd2276d2002c74,ESPORTSTMNT01_3306943,2023-02-10T02:26:42,2023-02-10,2023,Unknown,0,13.01,Red,oe:team:ca619ab78f35d18f498c11f812542e0,Cremas Esports,oe:team:e40cdcb20302c0240d2084c909668aa,Diamond Doves,oe:player:2eb2a12f1608b0150cc7050b061bc83,khaN,sup,Lulu,oe:player:54c3130f744c5c2fcba05310b893f8e,Karma,sup:Lulu,lineup-f1047a29f861049d,1,1893.00000000,31.55000000,1,0,14,15.00000000,8848.00000000,1557.00000000,33,49.35023772,0.14978078,0.02103400,84,2.66244057,0.88235294,179.00000000,686.00000000,17.00000000,1,out_of_time,277.40453671,181.54099284,76.84462380,-2.96773265,2023-01-22
pg-e8126721b22edcf5,ESPORTSTMNT01_3306943,2023-02-10T02:26:42,2023-02-10,2023,Unknown,0,13.01,Red,oe:team:ca619ab78f35d18f498c11f812542e0,Cremas Esports,oe:team:e40cdcb20302c0240d2084c909668aa,Diamond Doves,oe:player:a9e2d00e60f059e223d82301a50182c,Abaddon,top,Gnar,oe:player:43260cdc1d99d1fd01ad7bf83c2cb2a,Camille,top:Gnar,lineup-f1047a29f861049d,1,1893.00000000,31.55000000,3,3,10,4.33333333,11717.00000000,17883.00000000,202,566.81458003,0.19834781,0.24158707,35,1.10935024,0.76470588,-1062.00000000,-386.00000000,-3.00000000,1,out_of_time,554.27222077,562.14989754,190.62718502,0.06579523,2023-01-22
pg-acedd859749b56df,ESPORTSTMNT01_3307919,2023-02-10T03:31:15,2023-02-10,2023,Unknown,0,13.01,Blue,oe:team:e40cdcb20302c0240d2084c909668aa,Diamond Doves,oe:team:ca619ab78f35d18f498c11f812542e0,Cremas Esports,oe:player:a9159216ea197997ac9c7fd4b85a4d3,Kasamura,bot,Aphelios,oe:player:32dc07c1aa7fd284d0185619c6f9711,Zeri,bot:Aphelios,lineup-bf5054aef6760743,0,2245.00000000,37.41666667,3,6,9,2.00000000,14372.00000000,53766.00000000,293,1436.95322940,0.22940876,0.43450433,48,1.28285078,0.66666667,731.00000000,978.00000000,18.00000000,1,out_of_time,608.35217975,614.16943750,291.85592844,2.83907562,2023-01-22
pg-9fe80b339f23bf24,ESPORTSTMNT01_3307919,2023-02-10T03:31:15,2023-02-10,2023,Unknown,0,13.01,Blue,oe:team:e40cdcb20302c0240d2084c909668aa,Diamond Doves,oe:team:ca619ab78f35d18f498c11f812542e0,Cremas Esports,oe:player:1fcb99a1ab06e1e36635365ed3e59ce,Kalium,jng,Vi,oe:player:fac747e9c68a89da88dad294bf5ed51,Wukong,jng:Vi,lineup-bf5054aef6760743,0,2245.00000000,37.41666667,0,8,7,0.87500000,9763.00000000,9282.00000000,156,248.07126949,0.15583897,0.07501152,41,1.09576837,0.38888889,-1396.00000000,-721.00000000,-1.00000000,1,out_of_time,377.15167446,381.10458831,134.41855863,-0.96028708,2023-01-22
pg-e1459f3d51121359,ESPORTSTMNT01_3307919,2023-02-10T03:31:15,2023-02-10,2023,Unknown,0,13.01,Blue,oe:team:e40cdcb20302c0240d2084c909668aa,Diamond Doves,oe:team:ca619ab78f35d18f498c11f812542e0,Cremas Esports,oe:player:b14f11e18a9089420d5cd22bf07b917,Toady,mid,Akali,oe:player:b6fe055bfad88e328abe3fbbf21a33c,Azir,mid:Akali,lineup-bf5054aef6760743,0,2245.00000000,37.41666667,5,6,7,2.00000000,14011.00000000,27159.00000000,248,725.85300668,0.22364641,0.21948263,27,0.72160356,0.66666667,-1470.00000000,-630.00000000,-18.00000000,1,out_of_time,557.51548380,602.76235926,214.62294787,0.78434075,2023-01-22
pg-8ce452e90adb89f0,ESPORTSTMNT01_3307919,2023-02-10T03:31:15,2023-02-10,2023,Unknown,0,13.01,Blue,oe:team:e40cdcb20302c0240d2084c909668aa,Diamond Doves,oe:team:ca619ab78f35d18f498c11f812542e0,Cremas Esports,oe:player:54c3130f744c5c2fcba05310b893f8e,Edo,sup,Tahm Kench,oe:player:2eb2a12f1608b0150cc7050b061bc83,Lulu,sup:Tahm Kench,lineup-bf5054aef6760743,0,2245.00000000,37.41666667,0,5,11,2.20000000,8257.00000000,6237.00000000,39,166.69042316,0.13179990,0.05040367,106,2.83296214,0.61111111,43.00000000,-480.00000000,-2.00000000,1,out_of_time,282.90569704,181.54099284,76.84462380,-1.51234098,2023-01-22
pg-fc3e21afb347cc8c,ESPORTSTMNT01_3307919,2023-02-10T03:31:15,2023-02-10,2023,Unknown,0,13.01,Blue,oe:team:e40cdcb20302c0240d2084c909668aa,Diamond Doves,oe:team:ca619ab78f35d18f498c11f812542e0,Cremas Esports,oe:player:43260cdc1d99d1fd01ad7bf83c2cb2a,deathleap,top,K'Sante,oe:player:a9e2d00e60f059e223d82301a50182c,Renekton,top:K'Sante,lineup-bf5054aef6760743,0,2245.00000000,37.41666667,10,3,4,4.66666667,16245.00000000,27297.00000000,263,729.54120267,0.25930596,0.22059786,59,1.57683742,0.77777778,56.00000000,-551.00000000,-1.00000000,1,out_of_time,545.88516507,562.14989754,190.62718502,0.96343047,2023-01-22
pg-93ea226fe4718d60,ESPORTSTMNT01_3307919,2023-02-10T03:31:15,2023-02-10,2023,Unknown,0,13.01,Red,oe:team:ca619ab78f35d18f498c11f812542e0,Cremas Esports,oe:team:e40cdcb20302c0240d2084c909668aa,Diamond Doves,oe:player:32dc07c1aa7fd284d0185619c6f9711,AlienBoy,bot,Zeri,oe:player:a9159216ea197997ac9c7fd4b85a4d3,Aphelios,bot:Zeri,lineup-f1047a29f861049d,1,2245.00000000,37.41666667,7,3,13,6.66666667,16043.00000000,26285.00000000,278,702.49443207,0.22509541,0.19913482,60,1.60356347,0.71428571,-731.00000000,-978.00000000,-18.00000000,1,out_of_time,578.67957957,614.16943750,291.85592844,0.42423278,2023-01-22
pg-7430ea644ef09ef6,ESPORTSTMNT01_3307919,2023-02-10T03:31:15,2023-02-10,2023,Unknown,0,13.01,Red,oe:team:ca619ab78f35d18f498c11f812542e0,Cremas Esports,oe:team:e40cdcb20302c0240d2084c909668aa,Diamond Doves,oe:player:fac747e9c68a89da88dad294bf5ed51,Annataqui,jng,Wukong,oe:player:1fcb99a1ab06e1e36635365ed3e59ce,Vi,jng:Wukong,lineup-f1047a29f861049d,1,2245.00000000,37.41666667,6,3,15,7.00000000,14282.00000000,23538.00000000,192,629.07795100,0.20038725,0.17832359,49,1.30957684,0.75000000,1396.00000000,721.00000000,1.00000000,1,out_of_time,423.67276927,381.10458831,134.41855863,1.52810136,2023-01-22
pg-ba502726b179789e,ESPORTSTMNT01_3307919,2023-02-10T03:31:15,2023-02-10,2023,Unknown,0,13.01,Red,oe:team:ca619ab78f35d18f498c11f812542e0,Cremas Esports,oe:team:e40cdcb20302c0240d2084c909668aa,Diamond Doves,oe:player:b6fe055bfad88e328abe3fbbf21a33c,Overload,mid,Azir,oe:player:b14f11e18a9089420d5cd22bf07b917,Akali,mid:Azir,lineup-f1047a29f861049d,1,2245.00000000,37.41666667,9,4,16,6.25000000,18037.00000000,55029.00000000,308,1470.70824053,0.25307274,0.41689900,58,1.55011136,0.89285714,1470.00000000,630.00000000,18.00000000,1,out_of_time,564.87136368,602.76235926,214.62294787,4.22059657,2023-01-22
pg-395cc00b0b1c71de,ESPORTSTMNT01_3307919,2023-02-10T03:31:15,2023-02-10,2023,Unknown,0,13.01,Red,oe:team:ca619ab78f35d18f498c11f812542e0,Cremas Esports,oe:team:e40cdcb20302c0240d2084c909668aa,Diamond Doves,oe:player:2eb2a12f1608b0150cc7050b061bc83,khaN,sup,Lulu,oe:player:54c3130f744c5c2fcba05310b893f8e,Tahm Kench,sup:Lulu,lineup-f1047a29f861049d,1,2245.00000000,37.41666667,1,5,22,4.60000000,9067.00000000,3594.00000000,40,96.05345212,0.12721686,0.02722810,103,2.75278396,0.82142857,-43.00000000,480.00000000,2.00000000,1,out_of_time,281.07687907,181.54099284,76.84462380,-2.40776020,2023-01-22
pg-9d9c06bae15556e6,ESPORTSTMNT01_3307919,2023-02-10T03:31:15,2023-02-10,2023,Unknown,0,13.01,Red,oe:team:ca619ab78f35d18f498c11f812542e0,Cremas Esports,oe:team:e40cdcb20302c0240d2084c909668aa,Diamond Doves,oe:player:a9e2d00e60f059e223d82301a50182c,Abaddon,top,Renekton,oe:player:43260cdc1d99d1fd01ad7bf83c2cb2a,K'Sante,top:Renekton,lineup-f1047a29f861049d,1,2245.00000000,37.41666667,5,3,13,6.00000000,13843.00000000,23550.00000000,250,629.39866370,0.19422775,0.17841450,45,1.20267261,0.64285714,-56.00000000,551.00000000,1.00000000,1,out_of_time,543.39191297,562.14989754,190.62718502,0.45117778,2023-01-22
pg-186997488a92de7b,ESPORTSTMNT01_3309830,2023-02-11T22:09:09,2023-02-11,2023,Unknown,0,13.01,Blue,oe:team:2a7fc0772538d018f713520c5e90ee0,Red Eye Esports,oe:team:9aa855d087642f20ad7e3a7ae5c8251,Spectacled Bears,oe:player:7a2798d7c31bb0cdb3401cd4e375f14,ZombieHog,bot,Varus,oe:player:4d17518b7fc605b3fa42992ec61dd9c,Ashe,bot:Varus,lineup-d74be2cd3aacd5a3,0,2146.00000000,35.76666667,1,5,3,0.80000000,11987.00000000,15247.00000000,271,426.29077353,0.20676867,0.19181753,18,0.50326188,0.36363636,-932.00000000,-401.00000000,-12.00000000,1,out_of_time,583.12847973,614.16943750,291.85592844,-0.53738057,2023-01-22
pg-db5a017365ab4a6c,ESPORTSTMNT01_3309830,2023-02-11T22:09:09,2023-02-11,2023,Unknown,0,13.01,Blue,oe:team:2a7fc0772538d018f713520c5e90ee0,Red Eye Esports,oe:team:9aa855d087642f20ad7e3a7ae5c8251,Spectacled Bears,oe:player:9c8834ac0a7a7aaa66010ded94db1db,Cassius,jng,Elise,oe:player:224734629348b393f3a6d6140e59956,Wukong,jng:Elise,lineup-d74be2cd3aacd5a3,0,2146.00000000,35.76666667,1,8,5,0.75000000,10072.00000000,7204.00000000,148,201.41658900,0.17373605,0.09063117,81,2.26467847,0.54545455,-2106.00000000,-1500.00000000,-24.00000000,1,out_of_time,424.35615896,381.10458831,134.41855863,-1.65854754,2023-01-22
pg-8f50b1c07c29180a,ESPORTSTMNT01_3309830,2023-02-11T22:09:09,2023-02-11,2023,Unknown,0,13.01,Blue,oe:team:2a7fc0772538d018f713520c5e90ee0,Red Eye Esports,oe:team:9aa855d087642f20ad7e3a7ae5c8251,Spectacled Bears,oe:player:fda70732b859899fa7572b8ebb41196,Saifer,mid,Jayce,oe:player:18eff78d8fbeb94244572cef0bb4536,Viktor,mid:Jayce,lineup-d74be2cd3aacd5a3,0,2146.00000000,35.76666667,2,6,5,1.16666667,12521.00000000,20004.00000000,269,559.29170550,0.21597985,0.25166379,53,1.48182665,0.63636364,-377.00000000,-303.00000000,-7.00000000,1,out_of_time,590.48110823,602.76235926,214.62294787,-0.14532184,2023-01-22
pg-4d54b2b3ff3b1a19,ESPORTSTMNT01_3309830,2023-02-11T22:09:09,2023-02-11,2023,Unknown,0,13.01,Blue,oe:team:2a7fc0772538d018f713520c5e90ee0,Red Eye Esports,oe:team:9aa855d087642f20ad7e3a7ae5c8251,Spectacled Bears,oe:player:f9e979b704253c4e9a714baefb25263,Lil Carry,sup,Lux,oe:player:30edf70db68aa84f05d3e72326807b0,Karma,sup:Lux,lineup-d74be2cd3aacd5a3,0,2146.00000000,35.76666667,1,4,3,1.00000000,7562.00000000,13193.00000000,34,368.86300093,0.13044003,0.16597683,65,1.81733458,0.36363636,-622.00000000,-907.00000000,6.00000000,1,out_of_time,323.15690361,181.54099284,76.84462380,0.59478588,2023-01-22
pg-2bc92643c6d98b4e,ESPORTSTMNT01_3309830,2023-02-11T22:09:09,2023-02-11,2023,Unknown,0,13.01,Blue,oe:team:2a7fc0772538d018f713520c5e90ee0,Red Eye Esports,oe:team:9aa855d087642f20ad7e3a7ae5c8251,Spectacled Bears,oe:player:b9dfa3efb116230e2a05ff9f568e763,Dertako,top,Riven,oe:player:36b92108c1f71cd425ded7abc50b86b,Sion,top:Riven,lineup-d74be2cd3aacd5a3,0,2146.00000000,35.76666667,6,2,4,5.00000000,15831.00000000,23839.00000000,321,666.51444548,0.27307540,0.29991068,41,1.14631873,0.90909091,1596.00000000,283.00000000,21.00000000,1,out_of_time,561.43237326,562.14989754,190.62718502,0.55124390,2023-01-22
pg-db18ce246bce60f5,ESPORTSTMNT01_3309830,2023-02-11T22:09:09,2023-02-11,2023,Unknown,0,13.01,Red,oe:team:9aa855d087642f20ad7e3a7ae5c8251,Spectacled Bears,oe:team:2a7fc0772538d018f713520c5e90ee0,Red Eye Esports,oe:player:4d17518b7fc605b3fa42992ec61dd9c,CaTzzz,bot,Ashe,oe:player:7a2798d7c31bb0cdb3401cd4e375f14,Varus,bot:Ashe,lineup-3b10fe8019e141d6,1,2146.00000000,35.76666667,4,1,11,15.00000000,14094.00000000,17163.00000000,289,479.86020503,0.21397340,0.20688782,74,2.06896552,0.60000000,932.00000000,401.00000000,12.00000000,1,out_of_time,566.74218689,614.16943750,291.85592844,-0.29768791,2023-01-22
pg-a215735eb8b1fd2d,ESPORTSTMNT01_3309830,2023-02-11T22:09:09,2023-02-11,2023,Unknown,0,13.01,Red,oe:team:9aa855d087642f20ad7e3a7ae5c8251,Spectacled Bears,oe:team:2a7fc0772538d018f713520c5e90ee0,Red Eye Esports,oe:player:224734629348b393f3a6d6140e59956,1Curioso,jng,Wukong,oe:player:9c8834ac0a7a7aaa66010ded94db1db,Elise,jng:Wukong,lineup-3b10fe8019e141d6,1,2146.00000000,35.76666667,10,2,8,9.00000000,15378.00000000,17999.00000000,209,503.23392358,0.23346693,0.21696521,45,1.25815471,0.72000000,2106.00000000,1500.00000000,24.00000000,1,out_of_time,440.13281969,381.10458831,134.41855863,0.46943744,2023-01-22
pg-279bc778b966f999,ESPORTSTMNT01_3309830,2023-02-11T22:09:09,2023-02-11,2023,Unknown,0,13.01,Red,oe:team:9aa855d087642f20ad7e3a7ae5c8251,Spectacled Bears,oe:team:2a7fc0772538d018f713520c5e90ee0,Red Eye Esports,oe:player:18eff78d8fbeb94244572cef0bb4536,Alowhed,mid,Viktor,oe:player:fda70732b859899fa7572b8ebb41196,Jayce,mid:Viktor,lineup-3b10fe8019e141d6,1,2146.00000000,35.76666667,6,2,8,7.00000000,15562.00000000,28987.00000000,299,810.44734390,0.23626040,0.34941778,41,1.14631873,0.56000000,377.00000000,303.00000000,7.00000000,1,out_of_time,595.31377002,602.76235926,214.62294787,1.00237918,2023-01-22
pg-c1b19e9bed3dd9b7,ESPORTSTMNT01_3309830,2023-02-11T22:09:09,2023-02-11,2023,Unknown,0,13.01,Red,oe:team:9aa855d087642f20ad7e3a7ae5c8251,Spectacled Bears,oe:team:2a7fc0772538d018f713520c5e90ee0,Red Eye Esports,oe:player:30edf70db68aa84f05d3e72326807b0,Bucket,sup,Karma,oe:player:f9e979b704253c4e9a714baefb25263,Lux,sup:Karma,lineup-3b10fe8019e141d6,1,2146.00000000,35.76666667,2,4,17,4.75000000,9023.00000000,5920.00000000,16,165.51724138,0.13698609,0.07136141,73,2.04100652,0.76000000,622.00000000,907.00000000,-6.00000000,1,out_of_time,318.05670422,181.54099284,76.84462380,-1.98503754,2023-01-22
pg-d3f2ad654a741636,ESPORTSTMNT01_3309830,2023-02-11T22:09:09,2023-02-11,2023,Unknown,0,13.01,Red,oe:team:9aa855d087642f20ad7e3a7ae5c8251,Spectacled Bears,oe:team:2a7fc0772538d018f713520c5e90ee0,Red Eye Esports,oe:player:36b92108c1f71cd425ded7abc50b86b,Akunma,top,Sion,oe:player:b9dfa3efb116230e2a05ff9f568e763,Riven,top:Sion,lineup-3b10fe8019e141d6,1,2146.00000000,35.76666667,3,2,7,5.00000000,11811.00000000,12889.00000000,227,360.36346692,0.17931317,0.15536778,25,0.69897484,0.40000000,-1596.00000000,-283.00000000,-21.00000000,1,out_of_time,552.89334999,562.14989754,190.62718502,-1.00998125,2023-01-22
pg-50e2e69b5ac13f15,ESPORTSTMNT01_3311809,2023-02-11T23:22:34,2023-02-11,2023,Unknown,0,13.01,Blue,oe:team:2a7fc0772538d018f713520c5e90ee0,Red Eye Esports,oe:team:9aa855d087642f20ad7e3a7ae5c8251,Spectacled Bears,oe:player:7a2798d7c31bb0cdb3401cd4e375f14,ZombieHog,bot,Lucian,oe:player:4d17518b7fc605b3fa42992ec61dd9c,Ezreal,bot:Lucian,lineup-c70f895f6478ed32,0,1893.00000000,31.55000000,1,4,4,1.25000000,10053.00000000,10507.00000000,216,333.02694136,0.20039469,0.18053885,26,0.82408875,0.38461538,-338.00000000,147.00000000,-2.00000000,1,out_of_time,568.92094909,614.16943750,291.85592844,-0.80825498,2023-01-22
pg-2e75ed2f31626222,ESPORTSTMNT01_3311809,2023-02-11T23:22:34,2023-02-11,2023,Unknown,0,13.01,Blue,oe:team:2a7fc0772538d018f713520c5e90ee0,Red Eye Esports,oe:team:9aa855d087642f20ad7e3a7ae5c8251,Spectacled Bears,oe:player:9c8834ac0a7a7aaa66010ded94db1db,Cassius,jng,Lee Sin,oe:player:224734629348b393f3a6d6140e59956,Vi,jng:Lee Sin,lineup-c70f895f6478ed32,0,1893.00000000,31.55000000,2,5,3,1.00000000,8504.00000000,6810.00000000,142,215.84786054,0.16951720,0.11701433,49,1.55309033,0.38461538,-1722.00000000,-567.00000000,-4.00000000,1,out_of_time,443.08412977,381.10458831,134.41855863,-1.69051262,2023-01-22
pg-48944bc216acf35d,ESPORTSTMNT01_3311809,2023-02-11T23:22:34,2023-02-11,2023,Unknown,0,13.01,Blue,oe:team:2a7fc0772538d018f713520c5e90ee0,Red Eye Esports,oe:team:9aa855d087642f20ad7e3a7ae5c8251,Spectacled Bears,oe:player:fda70732b859899fa7572b8ebb41196,Saifer,mid,Ryze,oe:player:18eff78d8fbeb94244572cef0bb4536,Jayce,mid:Ryze,lineup-c70f895f6478ed32,0,1893.00000000,31.55000000,4,5,4,1.60000000,11480.00000000,18042.00000000,258,571.85419968,0.22884025,0.31001065,46,1.45800317,0.61538462,-1642.00000000,-1287.00000000,-12.00000000,1,out_of_time,583.24192892,602.76235926,214.62294787,-0.05305923,2023-01-22
pg-95a18342b37cc6a6,ESPORTSTMNT01_3311809,2023-02-11T23:22:34,2023-02-11,2023,Unknown,0,13.01,Blue,oe:team:2a7fc0772538d018f713520c5e90ee0,Red Eye Esports,oe:team:9aa855d087642f20ad7e3a7ae5c8251,Spectacled Bears,oe:player:33cd0a0cb6e0c48f57048a1af876f95,SteaD,sup,Nami,oe:player:30edf70db68aa84f05d3e72326807b0,Karma,sup:Nami,lineup-c70f895f6478ed32,0,1893.00000000,31.55000000,2,5,7,1.80000000,7499.00000000,5185.00000000,6,164.34231379,0.14948371,0.08909241,52,1.64817750,0.69230769,-194.00000000,123.00000000,0.00000000,1,out_of_time,303.04778942,181.54099284,76.84462380,-1.80501210,2023-01-22
pg-aa9821d2e0d1f561,ESPORTSTMNT01_3311809,2023-02-11T23:22:34,2023-02-11,2023,Unknown,0,13.01,Blue,oe:team:2a7fc0772538d018f713520c5e90ee0,Red Eye Esports,oe:team:9aa855d087642f20ad7e3a7ae5c8251,Spectacled Bears,oe:player:b9dfa3efb116230e2a05ff9f568e763,Dertako,top,Renekton,oe:player:36b92108c1f71cd425ded7abc50b86b,Gragas,top:Renekton,lineup-c70f895f6478ed32,0,1893.00000000,31.55000000,4,1,1,5.00000000,12630.00000000,17654.00000000,280,559.55625990,0.25176414,0.30334376,31,0.98256735,0.38461538,52.00000000,426.00000000,3.00000000,1,out_of_time,555.21491333,562.14989754,190.62718502,0.02277402,2023-01-22
pg-4c0997b9a945776e,ESPORTSTMNT01_3311809,2023-02-11T23:22:34,2023-02-11,2023,Unknown,0,13.01,Red,oe:team:9aa855d087642f20ad7e3a7ae5c8251,Spectacled Bears,oe:team:2a7fc0772538d018f713520c5e90ee0,Red Eye Esports,oe:player:4d17518b7fc605b3fa42992ec61dd9c,CaTzzz,bot,Ezreal,oe:player:7a2798d7c31bb0cdb3401cd4e375f14,Lucian,bot:Ezreal,lineup-3b10fe8019e141d6,1,1893.00000000,31.55000000,1,2,11,6.00000000,11947.00000000,24990.00000000,272,792.07606973,0.21137276,0.28362918,51,1.61648177,0.60000000,338.00000000,-147.00000000,2.00000000,1,out_of_time,564.12523213,614.16943750,291.85592844,0.78103891,2023-01-22
pg-0b86f86adbf775c5,ESPORTSTMNT01_3311809,2023-02-11T23:22:34,2023-02-11,2023,Unknown,0,13.01,Red,oe:team:9aa855d087642f20ad7e3a7ae5c8251,Spectacled Bears,oe:team:2a7fc0772538d018f713520c5e90ee0,Red Eye Esports,oe:player:224734629348b393f3a6d6140e59956,1Curioso,jng,Vi,oe:player:9c8834ac0a7a7aaa66010ded94db1db,Lee Sin,jng:Vi,lineup-3b10fe8019e141d6,1,1893.00000000,31.55000000,5,3,10,5.00000000,11656.00000000,12238.00000000,145,387.89223455,0.20622424,0.13889772,39,1.23613312,0.75000000,1722.00000000,567.00000000,4.00000000,1,out_of_time,414.50993562,381.10458831,134.41855863,-0.19802103,2023-01-22
pg-5f0536868f46badf,ESPORTSTMNT01_3311809,2023-02-11T23:22:34,2023-02-11,2023,Unknown,0,13.01,Red,oe:team:9aa855d087642f20ad7e3a7ae5c8251,Spectacled Bears,oe:team:2a7fc0772538d018f713520c5e90ee0,Red Eye Esports,oe:player:18eff78d8fbeb94244572cef0bb4536,Alowhed,mid,Jayce,oe:player:fda70732b859899fa7572b8ebb41196,Ryze,mid:Jayce,lineup-3b10fe8019e141d6,1,1893.00000000,31.55000000,8,3,4,4.00000000,14554.00000000,29458.00000000,259,933.69255151,0.25749721,0.33433967,48,1.52139461,0.60000000,1642.00000000,1287.00000000,12.00000000,1,out_of_time,595.91904787,602.76235926,214.62294787,1.57379957,2023-01-22
pg-f4e7a2e639935e60,ESPORTSTMNT01_3311809,2023-02-11T23:22:34,2023-02-11,2023,Unknown,0,13.01,Red,oe:team:9aa855d087642f20ad7e3a7ae5c8251,Spectacled Bears,oe:team:2a7fc0772538d018f713520c5e90ee0,Red Eye Esports,oe:player:30edf70db68aa84f05d3e72326807b0,Bucket,sup,Karma,oe:player:33cd0a0cb6e0c48f57048a1af876f95,Nami,sup:Karma,lineup-3b10fe8019e141d6,1,1893.00000000,31.55000000,3,4,7,2.50000000,7610.00000000,8047.00000000,7,255.05546751,0.13464022,0.09133109,67,2.12361331,0.50000000,194.00000000,-123.00000000,0.00000000,1,out_of_time,292.01630397,181.54099284,76.84462380,-0.48098142,2023-01-22
pg-d387a2509fd75a5e,ESPORTSTMNT01_3311809,2023-02-11T23:22:34,2023-02-11,2023,Unknown,0,13.01,Red,oe:team:9aa855d087642f20ad7e3a7ae5c8251,Spectacled Bears,oe:team:2a7fc0772538d018f713520c5e90ee0,Red Eye Esports,oe:player:36b92108c1f71cd425ded7abc50b86b,Akunma,top,Gragas,oe:player:b9dfa3efb116230e2a05ff9f568e763,Renekton,top:Gragas,lineup-3b10fe8019e141d6,1,1893.00000000,31.55000000,3,1,6,9.00000000,10754.00000000,13375.00000000,215,423.93026941,0.19026557,0.15180233,25,0.79239303,0.45000000,-52.00000000,-426.00000000,-3.00000000,1,out_of_time,563.89039643,562.14989754,190.62718502,-0.73420864,2023-01-22
pg-cd62f9a1de835cf6,ESPORTSTMNT01_3311827,2023-02-12T00:24:38,2023-02-12,2023,Unknown,0,13.01,Blue,oe:team:dcf87563dff3f23d3985a5bac289345,Vipers,oe:team:920c52a8d7dbd6f216f9e59b825abc8,Antares Esports,oe:player:213f7b5efbc9490107dbfc9114ca7ef,S34NDR0M3,bot,Varus,oe:player:ffac14a6607a6bd8d49177cf8f8be81,Ezreal,bot:Varus,lineup-82f9230662848a00,0,1663.00000000,27.71666667,3,5,3,1.20000000,9028.00000000,15571.00000000,188,561.79194227,0.21117635,0.31226937,22,0.79374624,0.85714286,-783.00000000,-194.00000000,-15.00000000,2,out_of_time,523.28121311,609.28932002,297.16182141,0.12959514,2023-02-11
pg-bf764e20279f2436,ESPORTSTMNT01_3311827,2023-02-12T00:24:38,2023-02-12,2023,Unknown,0,13.01,Blue,oe:team:dcf87563dff3f23d3985a5bac289345,Vipers,oe:team:920c52a8d7dbd6f216f9e59b825abc8,Antares Esports,oe:player:1c0bc319e4869b47fe4f29cc4923462,Leinad,jng,Viego,oe:player:89faa52485aadb6d1181384f88d2001,Sejuani,jng:Viego,lineup-82f9230662848a00,0,1663.00000000,27.71666667,0,3,4,1.33333333,8851.00000000,3996.00000000,162,144.17318100,0.20703609,0.08013798,41,1.47925436,0.57142857,-111.00000000,-132.00000000,-3.00000000,2,out_of_time,335.16411792,370.68212343,143.15548060,-1.33415037,2023-02-11
pg-7bfd72e2f6032a07,ESPORTSTMNT01_3311827,2023-02-12T00:24:38,2023-02-12,2023,Unknown,0,13.01,Blue,oe:team:dcf87563dff3f23d3985a5bac289345,Vipers,oe:team:920c52a8d7dbd6f216f9e59b825abc8,Antares Esports,oe:player:b90df8937f33cd7f3d559a1f384d2c7,Uparela,mid,Sylas,oe:player:6f7cba7940b07a9bab657521a36fd21,Akali,mid:Sylas,lineup-82f9230662848a00,0,1663.00000000,27.71666667,1,3,4,1.66666667,8173.00000000,10180.00000000,162,367.28803367,0.19117681,0.20415530,17,0.61334937,0.71428571,96.00000000,357.00000000,-3.00000000,2,out_of_time,510.78357370,628.16894091,233.32235749,-0.61500982,2023-02-11
pg-2c739503059452a9,ESPORTSTMNT01_3311827,2023-02-12T00:24:38,2023-02-12,2023,Unknown,0,13.01,Blue,oe:team:dcf87563dff3f23d3985a5bac289345,Vipers,oe:team:920c52a8d7dbd6f216f9e59b825abc8,Antares Esports,oe:player:5a63f3e7e2b4282f07785cdc895d624,Shiku,sup,Ashe,oe:player:e1c971f6e6c05a9a7ad90df76977ebd,Karma,sup:Ashe,lineup-82f9230662848a00,0,1663.00000000,27.71666667,1,4,4,1.25000000,6294.00000000,7998.00000000,25,288.56283824,0.14722463,0.16039628,84,3.03066747,0.71428571,319.00000000,-359.00000000,0.00000000,2,out_of_time,220.51589984,203.19335648,94.81044096,0.71771566,2023-02-11
pg-ecc449b252d383e4,ESPORTSTMNT01_3311827,2023-02-12T00:24:38,2023-02-12,2023,Unknown,0,13.01,Blue,oe:team:dcf87563dff3f23d3985a5bac289345,Vipers,oe:team:920c52a8d7dbd6f216f9e59b825abc8,Antares Esports,oe:player:5b4335a3832ac5a3bb3d24f8bb8687c,ByFalco,top,Irelia,oe:player:4fa807dbb2b3e07b6eacded6065c8f9,Sion,top:Irelia,lineup-82f9230662848a00,0,1663.00000000,27.71666667,2,3,1,1.00000000,10405.00000000,12119.00000000,247,437.24594107,0.24338612,0.24304107,20,0.72158749,0.42857143,1062.00000000,211.00000000,18.00000000,2,out_of_time,474.84441977,545.27566476,194.86562335,-0.19294567,2023-02-11
pg-6b7607d01787d3a2,ESPORTSTMNT01_3311827,2023-02-12T00:24:38,2023-02-12,2023,Unknown,0,13.01,Red,oe:team:920c52a8d7dbd6f216f9e59b825abc8,Antares Esports,oe:team:dcf87563dff3f23d3985a5bac289345,Vipers,oe:player:ffac14a6607a6bd8d49177cf8f8be81,Zeldris,bot,Ezreal,oe:player:213f7b5efbc9490107dbfc9114ca7ef,Varus,bot:Ezreal,lineup-87c3639b6d43b8da,1,1663.00000000,27.71666667,8,1,6,14.00000000,13024.00000000,15349.00000000,242,553.78232111,0.25806963,0.27621516,16,0.57726999,0.77777778,783.00000000,194.00000000,15.00000000,2,out_of_time,629.28558568,609.28932002,297.16182141,-0.25408131,2023-02-11
pg-f6912930b479b877,ESPORTSTMNT01_3311827,2023-02-12T00:24:38,2023-02-12,2023,Unknown,0,13.01,Red,oe:team:920c52a8d7dbd6f216f9e59b825abc8,Antares Esports,oe:team:dcf87563dff3f23d3985a5bac289345,Vipers,oe:player:89faa52485aadb6d1181384f88d2001,Encounters,jng,Sejuani,oe:player:1c0bc319e4869b47fe4f29cc4923462,Viego,jng:Sejuani,lineup-87c3639b6d43b8da,1,1663.00000000,27.71666667,4,2,11,7.50000000,10193.00000000,10549.00000000,163,380.60132291,0.20197357,0.18983606,54,1.94828623,0.83333333,111.00000000,132.00000000,3.00000000,2,out_of_time,371.93485496,370.68212343,143.15548060,0.06053885,2023-02-11
pg-5b01907fb9709ff4,ESPORTSTMNT01_3311827,2023-02-12T00:24:38,2023-02-12,2023,Unknown,0,13.01,Red,oe:team:920c52a8d7dbd6f216f9e59b825abc8,Antares Esports,oe:team:dcf87563dff3f23d3985a5bac289345,Vipers,oe:player:6f7cba7940b07a9bab657521a36fd21,WilBR,mid,Akali,oe:player:b90df8937f33cd7f3d559a1f384d2c7,Sylas,mid:Akali,lineup-87c3639b6d43b8da,1,1663.00000000,27.71666667,3,3,3,2.00000000,9881.00000000,10946.00000000,189,394.92483464,0.19579131,0.19698033,22,0.79374624,0.33333333,-96.00000000,-357.00000000,3.00000000,2,out_of_time,606.13366531,628.16894091,233.32235749,-0.90522328,2023-02-11
pg-bcf8e0da7a2c3ff7,ESPORTSTMNT01_3311827,2023-02-12T00:24:38,2023-02-12,2023,Unknown,0,13.01,Red,oe:team:920c52a8d7dbd6f216f9e59b825abc8,Antares Esports,oe:team:dcf87563dff3f23d3985a5bac289345,Vipers,oe:player:e1c971f6e6c05a9a7ad90df76977ebd,Gauci,sup,Karma,oe:player:5a63f3e7e2b4282f07785cdc895d624,Ashe,sup:Karma,lineup-87c3639b6d43b8da,1,1663.00000000,27.71666667,1,1,16,17.00000000,7399.00000000,8122.00000000,11,293.03668070,0.14661066,0.14616063,55,1.98436560,0.94444444,-319.00000000,359.00000000,0.00000000,2,out_of_time,220.40979918,203.19335648,94.81044096,0.76602198,2023-02-11
pg-3e328bd35e2d6856,ESPORTSTMNT01_3311827,2023-02-12T00:24:38,2023-02-12,2023,Unknown,0,13.01,Red,oe:team:920c52a8d7dbd6f216f9e59b825abc8,Antares Esports,oe:team:dcf87563dff3f23d3985a5bac289345,Vipers,oe:player:4fa807dbb2b3e07b6eacded6065c8f9,Bingus,top,Sion,oe:player:5b4335a3832ac5a3bb3d24f8bb8687c,Irelia,top:Sion,lineup-87c3639b6d43b8da,1,1663.00000000,27.71666667,2,0,6,8.00000000,9970.00000000,10603.00000000,203,382.54960914,0.19755484,0.19080782,23,0.82982562,0.44444444,-1062.00000000,-211.00000000,-18.00000000,2,out_of_time,505.80732855,545.27566476,194.86562335,-0.63252675,2023-02-11
pg-81c878676d144237,ESPORTSTMNT01_3309925,2023-02-12T01:43:30,2023-02-12,2023,Unknown,0,13.01,Blue,oe:team:920c52a8d7dbd6f216f9e59b825abc8,Antares Esports,oe:team:dcf87563dff3f23d3985a5bac289345,Vipers,oe:player:ffac14a6607a6bd8d49177cf8f8be81,Zeldris,bot,Caitlyn,oe:player:213f7b5efbc9490107dbfc9114ca7ef,Seraphine,bot:Caitlyn,lineup-87c3639b6d43b8da,1,2216.00000000,36.93333333,2,1,11,13.00000000,13867.00000000,18820.00000000,321,509.56678700,0.21397710,0.20428987,39,1.05595668,0.76470588,121.00000000,-266.00000000,16.00000000,2,out_of_time,493.65555006,609.28932002,297.16182141,0.05354401,2023-02-11
pg-f3ed7b6bc70b9858,ESPORTSTMNT01_3309925,2023-02-12T01:43:30,2023-02-12,2023,Unknown,0,13.01,Blue,oe:team:920c52a8d7dbd6f216f9e59b825abc8,Antares Esports,oe:team:dcf87563dff3f23d3985a5bac289345,Vipers,oe:player:89faa52485aadb6d1181384f88d2001,Encounters,jng,Sejuani,oe:player:1c0bc319e4869b47fe4f29cc4923462,Viego,jng:Sejuani,lineup-87c3639b6d43b8da,1,2216.00000000,36.93333333,3,3,9,4.00000000,12066.00000000,10276.00000000,204,278.23104693,0.18618646,0.11154531,67,1.81407942,0.70588235,-192.00000000,-454.00000000,11.00000000,2,out_of_time,369.62114983,370.68212343,143.15548060,-0.63839751,2023-02-11
pg-7e8ec445d4979aa4,ESPORTSTMNT01_3309925,2023-02-12T01:43:30,2023-02-12,2023,Unknown,0,13.01,Blue,oe:team:920c52a8d7dbd6f216f9e59b825abc8,Antares Esports,oe:team:dcf87563dff3f23d3985a5bac289345,Vipers,oe:player:6f7cba7940b07a9bab657521a36fd21,WilBR,mid,Viktor,oe:player:b90df8937f33cd7f3d559a1f384d2c7,Azir,mid:Viktor,lineup-87c3639b6d43b8da,1,2216.00000000,36.93333333,6,1,10,16.00000000,15621.00000000,33471.00000000,297,906.25451264,0.24104250,0.36332552,58,1.57039711,0.94117647,677.00000000,1333.00000000,7.00000000,2,out_of_time,592.93895232,628.16894091,233.32235749,1.34284414,2023-02-11
pg-2abacfacbd2f9642,ESPORTSTMNT01_3309925,2023-02-12T01:43:30,2023-02-12,2023,Unknown,0,13.01,Blue,oe:team:920c52a8d7dbd6f216f9e59b825abc8,Antares Esports,oe:team:dcf87563dff3f23d3985a5bac289345,Vipers,oe:player:e1c971f6e6c05a9a7ad90df76977ebd,Gauci,sup,Karma,oe:player:5a63f3e7e2b4282f07785cdc895d624,Jhin,sup:Karma,lineup-87c3639b6d43b8da,1,2216.00000000,36.93333333,1,1,13,14.00000000,8662.00000000,11083.00000000,23,300.08122744,0.13366046,0.12030524,92,2.49097473,0.82352941,-354.00000000,-85.00000000,-6.00000000,2,out_of_time,228.55815046,203.19335648,94.81044096,0.75437975,2023-02-11
pg-7ef5fc4c497d69c8,ESPORTSTMNT01_3309925,2023-02-12T01:43:30,2023-02-12,2023,Unknown,0,13.01,Blue,oe:team:920c52a8d7dbd6f216f9e59b825abc8,Antares Esports,oe:team:dcf87563dff3f23d3985a5bac289345,Vipers,oe:player:4fa807dbb2b3e07b6eacded6065c8f9,Bingus,top,Renekton,oe:player:5b4335a3832ac5a3bb3d24f8bb8687c,K'Sante,top:Renekton,lineup-87c3639b6d43b8da,1,2216.00000000,36.93333333,5,1,4,9.00000000,14590.00000000,18474.00000000,301,500.19855596,0.22513348,0.20053406,36,0.97472924,0.52941176,591.00000000,10.00000000,13.00000000,2,out_of_time,502.39622635,545.27566476,194.86562335,-0.01127788,2023-02-11
pg-0630fbeee1e58ae3,ESPORTSTMNT01_3309925,2023-02-12T01:43:30,2023-02-12,2023,Unknown,0,13.01,Red,oe:team:dcf87563dff3f23d3985a5bac289345,Vipers,oe:team:920c52a8d7dbd6f216f9e59b825abc8,Antares Esports,oe:player:213f7b5efbc9490107dbfc9114ca7ef,S34NDR0M3,bot,Seraphine,oe:player:ffac14a6607a6bd8d49177cf8f8be81,Caitlyn,bot:Seraphine,lineup-82f9230662848a00,0,2216.00000000,36.93333333,1,2,6,3.50000000,11644.00000000,20473.00000000,268,554.32310469,0.20974134,0.23550591,33,0.89350181,1.00000000,-121.00000000,266.00000000,-16.00000000,2,out_of_time,478.47147520,609.28932002,297.16182141,0.25525362,2023-02-11
pg-10c7842ed359b087,ESPORTSTMNT01_3309925,2023-02-12T01:43:30,2023-02-12,2023,Unknown,0,13.01,Red,oe:team:dcf87563dff3f23d3985a5bac289345,Vipers,oe:team:920c52a8d7dbd6f216f9e59b825abc8,Antares Esports,oe:player:1c0bc319e4869b47fe4f29cc4923462,Leinad,jng,Viego,oe:player:89faa52485aadb6d1181384f88d2001,Sejuani,jng:Viego,lineup-82f9230662848a00,0,2216.00000000,36.93333333,2,3,3,1.66666667,11349.00000000,11064.00000000,177,299.56678700,0.20442755,0.12727189,57,1.54332130,0.71428571,192.00000000,454.00000000,-11.00000000,2,out_of_time,337.47782305,370.68212343,143.15548060,-0.26482420,2023-02-11
pg-74675d6f0a730a95,ESPORTSTMNT01_3309925,2023-02-12T01:43:30,2023-02-12,2023,Unknown,0,13.01,Red,oe:team:dcf87563dff3f23d3985a5bac289345,Vipers,oe:team:920c52a8d7dbd6f216f9e59b825abc8,Antares Esports,oe:player:b90df8937f33cd7f3d559a1f384d2c7,Uparela,mid,Azir,oe:player:6f7cba7940b07a9bab657521a36fd21,Viktor,mid:Azir,lineup-82f9230662848a00,0,2216.00000000,36.93333333,1,6,3,0.66666667,10137.00000000,17308.00000000,227,468.62815884,0.18259601,0.19909815,24,0.64981949,0.57142857,-677.00000000,-1333.00000000,-7.00000000,2,out_of_time,559.78667855,628.16894091,233.32235749,-0.39069775,2023-02-11
pg-a7981abbd2d6b927,ESPORTSTMNT01_3309925,2023-02-12T01:43:30,2023-02-12,2023,Unknown,0,13.01,Red,oe:team:dcf87563dff3f23d3985a5bac289345,Vipers,oe:team:920c52a8d7dbd6f216f9e59b825abc8,Antares Esports,oe:player:5a63f3e7e2b4282f07785cdc895d624,Shiku,sup,Jhin,oe:player:e1c971f6e6c05a9a7ad90df76977ebd,Karma,sup:Jhin,lineup-82f9230662848a00,0,2216.00000000,36.93333333,1,2,5,3.00000000,10055.00000000,14432.00000000,72,390.75812274,0.18111896,0.16601482,135,3.65523466,0.85714286,354.00000000,85.00000000,6.00000000,2,out_of_time,207.45151284,203.19335648,94.81044096,1.93340109,2023-02-11
pg-89760f0c482e775e,ESPORTSTMNT01_3309925,2023-02-12T01:43:30,2023-02-12,2023,Unknown,0,13.01,Red,oe:team:dcf87563dff3f23d3985a5bac289345,Vipers,oe:team:920c52a8d7dbd6f216f9e59b825abc8,Antares Esports,oe:player:5b4335a3832ac5a3bb3d24f8bb8687c,ByFalco,top,K'Sante,oe:player:4fa807dbb2b3e07b6eacded6065c8f9,Renekton,top:K'Sante,lineup-82f9230662848a00,0,2216.00000000,36.93333333,2,4,4,1.50000000,12331.00000000,23655.00000000,293,640.47833935,0.22211615,0.27210923,38,1.02888087,0.85714286,-591.00000000,-10.00000000,-13.00000000,2,out_of_time,442.25543090,545.27566476,194.86562335,1.01722872,2023-02-11
pg-8a9c049a448a8179,ESPORTSTMNT02_3151232,2023-02-17T00:06:20,2023-02-17,2023,Unknown,0,13.03,Blue,oe:team:32c3055d495d91676e208b0c8997536,Incubus,oe:team:dcf87563dff3f23d3985a5bac289345,Vipers,oe:player:54861efdd06fc309e1c9a420feff98e,Scenario,bot,Zeri,oe:player:213f7b5efbc9490107dbfc9114ca7ef,Kai'Sa,bot:Zeri,lineup-fc51ce60bc518eb2,1,1351.00000000,22.51666667,2,2,4,3.00000000,10126.00000000,8507.00000000,234,377.80903035,0.19498951,0.14423778,28,1.24352332,0.24000000,-632.00000000,1303.00000000,27.00000000,2,out_of_time,614.73649920,609.28932002,297.16182141,-0.79730117,2023-02-11
pg-fcecfe3733de43ae,ESPORTSTMNT02_3151232,2023-02-17T00:06:20,2023-02-17,2023,Unknown,0,13.03,Blue,oe:team:32c3055d495d91676e208b0c8997536,Incubus,oe:team:dcf87563dff3f23d3985a5bac289345,Vipers,oe:player:e48399fc3f73709f52da476693e76ac,Shall,jng,Elise,oe:player:1c0bc319e4869b47fe4f29cc4923462,Zac,jng:Elise,lineup-fc51ce60bc518eb2,1,1351.00000000,22.51666667,4,2,6,5.00000000,8925.00000000,9264.00000000,128,411.42857143,0.17186266,0.15707286,36,1.59881569,0.40000000,-313.00000000,-495.00000000,15.00000000,2,out_of_time,450.70061322,370.68212343,143.15548060,-0.27433139,2023-02-11
pg-314f78c5c181ffb2,ESPORTSTMNT02_3151232,2023-02-17T00:06:20,2023-02-17,2023,Unknown,0,13.03,Blue,oe:team:32c3055d495d91676e208b0c8997536,Incubus,oe:team:dcf87563dff3f23d3985a5bac289345,Vipers,oe:player:5323274d1d895fb72872217f95701c6,Dinastik,mid,Yone,oe:player:b90df8937f33cd7f3d559a1f384d2c7,Jayce,mid:Yone,lineup-fc51ce60bc518eb2,1,1351.00000000,22.51666667,9,0,5,14.00000000,12694.00000000,18650.00000000,234,828.27535159,0.24443974,0.31621425,22,0.97705403,0.56000000,2425.00000000,2078.00000000,33.00000000,2,out_of_time,653.13019316,628.16894091,233.32235749,0.75065742,2023-02-11
pg-db8de716796ebc2b,ESPORTSTMNT02_3151232,2023-02-17T00:06:20,2023-02-17,2023,Unknown,0,13.03,Blue,oe:team:32c3055d495d91676e208b0c8997536,Incubus,oe:team:dcf87563dff3f23d3985a5bac289345,Vipers,oe:player:1a78e472bae7d14a62db8e30ea6cfd9,Ceviche,sup,Thresh,oe:player:5a63f3e7e2b4282f07785cdc895d624,Leona,sup:Thresh,lineup-fc51ce60bc518eb2,1,1351.00000000,22.51666667,1,5,7,1.60000000,6156.00000000,3268.00000000,34,145.13693560,0.11854191,0.05540955,55,2.44263509,0.32000000,-479.00000000,-1053.00000000,0.00000000,2,out_of_time,345.95763748,203.19335648,94.81044096,-2.11812855,2023-02-11
pg-cb9afd7b0723e05b,ESPORTSTMNT02_3151232,2023-02-17T00:06:20,2023-02-17,2023,Unknown,0,13.03,Blue,oe:team:32c3055d495d91676e208b0c8997536,Incubus,oe:team:dcf87563dff3f23d3985a5bac289345,Vipers,oe:player:dfeef0ad11329eb650c8146697b943e,JuanDeDios,top,Renekton,oe:player:5b4335a3832ac5a3bb3d24f8bb8687c,Olaf,top:Renekton,lineup-fc51ce60bc518eb2,1,1351.00000000,22.51666667,9,3,7,5.33333333,14030.00000000,19290.00000000,202,856.69874167,0.27016618,0.32706557,29,1.28793486,0.64000000,5527.00000000,3549.00000000,74.00000000,2,out_of_time,577.83813697,545.27566476,194.86562335,1.43104053,2023-02-11
pg-1e33cc5e0d8d4317,ESPORTSTMNT02_3151232,2023-02-17T00:06:20,2023-02-17,2023,Unknown,0,13.03,Red,oe:team:dcf87563dff3f23d3985a5bac289345,Vipers,oe:team:32c3055d495d91676e208b0c8997536,Incubus,oe:player:213f7b5efbc9490107dbfc9114ca7ef,S34NDR0M3,bot,Kai'Sa,oe:player:54861efdd06fc309e1c9a420feff98e,Zeri,bot:Kai'Sa,lineup-82f9230662848a00,0,1351.00000000,22.51666667,4,3,6,3.33333333,8836.00000000,14263.00000000,172,633.44189489,0.24885234,0.31732930,16,0.71058475,0.83333333,632.00000000,-1303.00000000,-27.00000000,2,out_of_time,568.13052929,609.28932002,297.16182141,0.21978384,2023-02-11
pg-6660f1a1a5e89777,ESPORTSTMNT02_3151232,2023-02-17T00:06:20,2023-02-17,2023,Unknown,0,13.03,Red,oe:team:dcf87563dff3f23d3985a5bac289345,Vipers,oe:team:32c3055d495d91676e208b0c8997536,Incubus,oe:player:1c0bc319e4869b47fe4f29cc4923462,Leinad,jng,Zac,oe:player:e48399fc3f73709f52da476693e76ac,Elise,jng:Zac,lineup-82f9230662848a00,0,1351.00000000,22.51666667,5,7,6,1.57142857,7866.00000000,10252.00000000,80,455.30717987,0.22153378,0.22809086,20,0.88823094,0.91666667,313.00000000,495.00000000,-15.00000000,2,out_of_time,350.83064046,370.68212343,143.15548060,0.72981166,2023-02-11
pg-fa7dcadf68a85bae,ESPORTSTMNT02_3151232,2023-02-17T00:06:20,2023-02-17,2023,Unknown,0,13.03,Red,oe:team:dcf87563dff3f23d3985a5bac289345,Vipers,oe:team:32c3055d495d91676e208b0c8997536,Incubus,oe:player:b90df8937f33cd7f3d559a1f384d2c7,Uparela,mid,Jayce,oe:player:5323274d1d895fb72872217f95701c6,Yone,mid:Jayce,lineup-82f9230662848a00,0,1351.00000000,22.51666667,1,5,2,0.60000000,7081.00000000,10075.00000000,172,447.44633605,0.19942547,0.22415289,12,0.53293856,0.25000000,-2425.00000000,-2078.00000000,-33.00000000,2,out_of_time,604.43645365,628.16894091,233.32235749,-0.67284644,2023-02-11
pg-ace45dcb82b164e6,ESPORTSTMNT02_3151232,2023-02-17T00:06:20,2023-02-17,2023,Unknown,0,13.03,Red,oe:team:dcf87563dff3f23d3985a5bac289345,Vipers,oe:team:32c3055d495d91676e208b0c8997536,Incubus,oe:player:5a63f3e7e2b4282f07785cdc895d624,Shiku,sup,Leona,oe:player:1a78e472bae7d14a62db8e30ea6cfd9,Thresh,sup:Leona,lineup-82f9230662848a00,0,1351.00000000,22.51666667,2,3,7,3.00000000,5569.00000000,4015.00000000,30,178.31236121,0.15684231,0.08932743,49,2.17616580,0.75000000,479.00000000,1053.00000000,0.00000000,2,out_of_time,256.63675511,203.19335648,94.81044096,-0.82611570,2023-02-11
pg-1f359a6a1dd28190,ESPORTSTMNT02_3151232,2023-02-17T00:06:20,2023-02-17,2023,Unknown,0,13.03,Red,oe:team:dcf87563dff3f23d3985a5bac289345,Vipers,oe:team:32c3055d495d91676e208b0c8997536,Incubus,oe:player:5b4335a3832ac5a3bb3d24f8bb8687c,ByFalco,top,Olaf,oe:player:dfeef0ad11329eb650c8146697b943e,Renekton,top:Olaf,lineup-82f9230662848a00,0,1351.00000000,22.51666667,0,7,1,0.14285714,6155.00000000,6342.00000000,138,281.65803109,0.17334610,0.14109952,10,0.44411547,0.08333333,-5527.00000000,-3549.00000000,-74.00000000,2,out_of_time,538.52199740,545.27566476,194.86562335,-1.31815947,2023-02-11
pg-9b179b813a5495a5,ESPORTSTMNT02_3152209,2023-02-17T00:55:06,2023-02-17,2023,Unknown,0,13.03,Blue,oe:team:dcf87563dff3f23d3985a5bac289345,Vipers,oe:team:32c3055d495d91676e208b0c8997536,Incubus,oe:player:213f7b5efbc9490107dbfc9114ca7ef,S34NDR0M3,bot,Seraphine,oe:player:54861efdd06fc309e1c9a420feff98e,Caitlyn,bot:Seraphine,lineup-82f9230662848a00,0,1325.00000000,22.08333333,4,4,5,2.25000000,9645.00000000,9296.00000000,176,420.95094340,0.27275812,0.20094680,20,0.90566038,0.90000000,-234.00000000,-298.00000000,2.00000000,2,out_of_time,517.64833871,609.28932002,297.16182141,-0.32540316,2023-02-11
pg-f5d204d22b73f7be,ESPORTSTMNT02_3152209,2023-02-17T00:55:06,2023-02-17,2023,Unknown,0,13.03,Blue,oe:team:dcf87563dff3f23d3985a5bac289345,Vipers,oe:team:32c3055d495d91676e208b0c8997536,Incubus,oe:player:1c0bc319e4869b47fe4f29cc4923462,Leinad,jng,Sylas,oe:player:e48399fc3f73709f52da476693e76ac,Lee Sin,jng:Sylas,lineup-82f9230662848a00,0,1325.00000000,22.08333333,0,7,6,0.85714286,5718.00000000,9828.00000000,76,445.04150943,0.16170357,0.21244677,26,1.17735849,0.60000000,-2651.00000000,-1942.00000000,-42.00000000,2,out_of_time,372.30399790,370.68212343,143.15548060,0.50810148,2023-02-11
pg-a6ec31f3b5c32f05,ESPORTSTMNT02_3152209,2023-02-17T00:55:06,2023-02-17,2023,Unknown,0,13.03,Blue,oe:team:dcf87563dff3f23d3985a5bac289345,Vipers,oe:team:32c3055d495d91676e208b0c8997536,Incubus,oe:player:b90df8937f33cd7f3d559a1f384d2c7,Uparela,mid,Kled,oe:player:5323274d1d895fb72872217f95701c6,Jayce,mid:Kled,lineup-82f9230662848a00,0,1325.00000000,22.08333333,4,6,1,0.83333333,7654.00000000,10752.00000000,134,486.88301887,0.21645315,0.23242040,12,0.54339623,0.50000000,-2726.00000000,-1852.00000000,-41.00000000,2,out_of_time,574.52003857,628.16894091,233.32235749,-0.37560490,2023-02-11
pg-dfd9e57e28772cd6,ESPORTSTMNT02_3152209,2023-02-17T00:55:06,2023-02-17,2023,Unknown,0,13.03,Blue,oe:team:dcf87563dff3f23d3985a5bac289345,Vipers,oe:team:32c3055d495d91676e208b0c8997536,Incubus,oe:player:5a63f3e7e2b4282f07785cdc895d624,Shiku,sup,Ashe,oe:player:1a78e472bae7d14a62db8e30ea6cfd9,Karma,sup:Ashe,lineup-82f9230662848a00,0,1325.00000000,22.08333333,0,3,7,2.33333333,5494.00000000,6831.00000000,18,309.32830189,0.15536891,0.14766218,54,2.44528302,0.70000000,-592.00000000,304.00000000,10.00000000,2,out_of_time,262.00646848,203.19335648,94.81044096,0.49912049,2023-02-11
pg-d8e991fd5145ec75,ESPORTSTMNT02_3152209,2023-02-17T00:55:06,2023-02-17,2023,Unknown,0,13.03,Blue,oe:team:dcf87563dff3f23d3985a5bac289345,Vipers,oe:team:32c3055d495d91676e208b0c8997536,Incubus,oe:player:5b4335a3832ac5a3bb3d24f8bb8687c,ByFalco,top,Sion,oe:player:dfeef0ad11329eb650c8146697b943e,K'Sante,top:Sion,lineup-82f9230662848a00,0,1325.00000000,22.08333333,2,5,2,0.80000000,6850.00000000,9554.00000000,137,432.63396226,0.19371624,0.20652385,15,0.67924528,0.40000000,-652.00000000,-1809.00000000,-35.00000000,2,out_of_time,489.87997302,545.27566476,194.86562335,-0.29377173,2023-02-11
pg-f8f0b5219b8ba06e,ESPORTSTMNT02_3152209,2023-02-17T00:55:06,2023-02-17,2023,Unknown,0,13.03,Red,oe:team:32c3055d495d91676e208b0c8997536,Incubus,oe:team:dcf87563dff3f23d3985a5bac289345,Vipers,oe:player:54861efdd06fc309e1c9a420feff98e,Scenario,bot,Caitlyn,oe:player:213f7b5efbc9490107dbfc9114ca7ef,Seraphine,bot:Caitlyn,lineup-fc51ce60bc518eb2,1,1325.00000000,22.08333333,4,2,10,7.00000000,9434.00000000,14616.00000000,184,661.85660377,0.19071300,0.17116157,20,0.90566038,0.56000000,234.00000000,298.00000000,-2.00000000,2,out_of_time,587.54284229,609.28932002,297.16182141,0.25007843,2023-02-11
pg-817712551dc09a20,ESPORTSTMNT02_3152209,2023-02-17T00:55:06,2023-02-17,2023,Unknown,0,13.03,Red,oe:team:32c3055d495d91676e208b0c8997536,Incubus,oe:team:dcf87563dff3f23d3985a5bac289345,Vipers,oe:player:e48399fc3f73709f52da476693e76ac,Shall,jng,Lee Sin,oe:player:1c0bc319e4869b47fe4f29cc4923462,Sylas,jng:Lee Sin,lineup-fc51ce60bc518eb2,1,1325.00000000,22.08333333,7,1,14,21.00000000,10374.00000000,20020.00000000,151,906.56603774,0.20971557,0.23444545,28,1.26792453,0.84000000,2651.00000000,1942.00000000,42.00000000,2,out_of_time,481.49757474,370.68212343,143.15548060,2.96927831,2023-02-11
pg-77aff89752aac183,ESPORTSTMNT02_3152209,2023-02-17T00:55:06,2023-02-17,2023,Unknown,0,13.03,Red,oe:team:32c3055d495d91676e208b0c8997536,Incubus,oe:team:dcf87563dff3f23d3985a5bac289345,Vipers,oe:player:5323274d1d895fb72872217f95701c6,Dinastik,mid,Jayce,oe:player:b90df8937f33cd7f3d559a1f384d2c7,Kled,mid:Jayce,lineup-fc51ce60bc518eb2,1,1325.00000000,22.08333333,8,2,6,7.00000000,12559.00000000,27849.00000000,200,1261.08679245,0.25388643,0.32612743,16,0.72452830,0.56000000,2726.00000000,1852.00000000,41.00000000,2,out_of_time,717.73245904,628.16894091,233.32235749,2.32877097,2023-02-11
pg-16e11d03fea04dec,ESPORTSTMNT02_3152209,2023-02-17T00:55:06,2023-02-17,2023,Unknown,0,13.03,Red,oe:team:32c3055d495d91676e208b0c8997536,Incubus,oe:team:dcf87563dff3f23d3985a5bac289345,Vipers,oe:player:1a78e472bae7d14a62db8e30ea6cfd9,Ceviche,sup,Karma,oe:player:5a63f3e7e2b4282f07785cdc895d624,Ashe,sup:Karma,lineup-fc51ce60bc518eb2,1,1325.00000000,22.08333333,3,5,11,2.80000000,6802.00000000,7889.00000000,5,357.23773585,0.13750581,0.09238462,25,1.13207547,0.56000000,592.00000000,-304.00000000,-10.00000000,2,out_of_time,311.98338627,203.19335648,94.81044096,0.47731399,2023-02-11
pg-96705ccdcf47c76b,ESPORTSTMNT02_3152209,2023-02-17T00:55:06,2023-02-17,2023,Unknown,0,13.03,Red,oe:team:32c3055d495d91676e208b0c8997536,Incubus,oe:team:dcf87563dff3f23d3985a5bac289345,Vipers,oe:player:dfeef0ad11329eb650c8146697b943e,JuanDeDios,top,K'Sante,oe:player:5b4335a3832ac5a3bb3d24f8bb8687c,Sion,top:K'Sante,lineup-fc51ce60bc518eb2,1,1325.00000000,22.08333333,3,0,9,12.00000000,10298.00000000,15019.00000000,220,680.10566038,0.20817919,0.17588093,20,0.90566038,0.48000000,652.00000000,1809.00000000,35.00000000,2,out_of_time,567.40327899,545.27566476,194.86562335,0.57835948,2023-02-11
pg-d7cb67c50143fdab,ESPORTSTMNT02_3152224,2023-02-17T01:48:42,2023-02-17,2023,Unknown,0,13.03,Blue,oe:team:9aa855d087642f20ad7e3a7ae5c8251,Spectacled Bears,oe:team:ca619ab78f35d18f498c11f812542e0,Cremas Esports,oe:player:4d17518b7fc605b3fa42992ec61dd9c,CaTzzz,bot,Kai'Sa,oe:player:32dc07c1aa7fd284d0185619c6f9711,Ashe,bot:Kai'Sa,lineup-3b10fe8019e141d6,1,2377.00000000,39.61666667,4,3,4,2.66666667,17999.00000000,33768.00000000,340,852.36853176,0.24945947,0.26568475,75,1.89314262,0.42105263,-535.00000000,-363.00000000,20.00000000,2,out_of_time,585.41887509,609.28932002,297.16182141,0.89833093,2023-02-11
pg-4ba9cde6af71b17d,ESPORTSTMNT02_3152224,2023-02-17T01:48:42,2023-02-17,2023,Unknown,0,13.03,Blue,oe:team:9aa855d087642f20ad7e3a7ae5c8251,Spectacled Bears,oe:team:ca619ab78f35d18f498c11f812542e0,Cremas Esports,oe:player:224734629348b393f3a6d6140e59956,1Curioso,jng,Elise,oe:player:fac747e9c68a89da88dad294bf5ed51,Dr. Mundo,jng:Elise,lineup-3b10fe8019e141d6,1,2377.00000000,39.61666667,3,4,9,3.00000000,13808.00000000,21307.00000000,201,537.82919647,0.19137377,0.16764229,55,1.38830459,0.63157895,38.00000000,398.00000000,-7.00000000,2,out_of_time,434.85492147,370.68212343,143.15548060,0.71931773,2023-02-11
pg-08cda143e63d554f,ESPORTSTMNT02_3152224,2023-02-17T01:48:42,2023-02-17,2023,Unknown,0,13.03,Blue,oe:team:9aa855d087642f20ad7e3a7ae5c8251,Spectacled Bears,oe:team:ca619ab78f35d18f498c11f812542e0,Cremas Esports,oe:player:18eff78d8fbeb94244572cef0bb4536,Alowhed,mid,Tristana,oe:player:b6fe055bfad88e328abe3fbbf21a33c,Irelia,mid:Tristana,lineup-3b10fe8019e141d6,1,2377.00000000,39.61666667,6,2,5,5.50000000,15902.00000000,30813.00000000,292,777.77871266,0.22039583,0.24243497,75,1.89314262,0.57894737,407.00000000,-522.00000000,-21.00000000,2,out_of_time,638.56159795,628.16894091,233.32235749,0.59667284,2023-02-11
pg-e2fd5b7287284e60,ESPORTSTMNT02_3152224,2023-02-17T01:48:42,2023-02-17,2023,Unknown,0,13.03,Blue,oe:team:9aa855d087642f20ad7e3a7ae5c8251,Spectacled Bears,oe:team:ca619ab78f35d18f498c11f812542e0,Cremas Esports,oe:player:30edf70db68aa84f05d3e72326807b0,Bucket,sup,Nautilus,oe:player:2eb2a12f1608b0150cc7050b061bc83,Renata Glasc,sup:Nautilus,lineup-3b10fe8019e141d6,1,2377.00000000,39.61666667,0,7,9,1.28571429,8620.00000000,5911.00000000,27,149.20488010,0.11947001,0.04650742,81,2.04459403,0.47368421,-1070.00000000,-825.00000000,-7.00000000,2,out_of_time,298.01632822,203.19335648,94.81044096,-1.56956815,2023-02-11
pg-19f29c1bcdaf7610,ESPORTSTMNT02_3152224,2023-02-17T01:48:42,2023-02-17,2023,Unknown,0,13.03,Blue,oe:team:9aa855d087642f20ad7e3a7ae5c8251,Spectacled Bears,oe:team:ca619ab78f35d18f498c11f812542e0,Cremas Esports,oe:player:36b92108c1f71cd425ded7abc50b86b,Akunma,top,Akali,oe:player:a9e2d00e60f059e223d82301a50182c,Gwen,top:Akali,lineup-3b10fe8019e141d6,1,2377.00000000,39.61666667,6,2,6,6.00000000,15823.00000000,35299.00000000,269,891.01388305,0.21930092,0.27773057,23,0.58056374,0.63157895,1620.00000000,1345.00000000,55.00000000,2,out_of_time,588.38796937,545.27566476,194.86562335,1.55299795,2023-02-11
pg-b1ab9599c56a2c7a,ESPORTSTMNT02_3152224,2023-02-17T01:48:42,2023-02-17,2023,Unknown,0,13.03,Red,oe:team:ca619ab78f35d18f498c11f812542e0,Cremas Esports,oe:team:9aa855d087642f20ad7e3a7ae5c8251,Spectacled Bears,oe:player:32dc07c1aa7fd284d0185619c6f9711,AlienBoy,bot,Ashe,oe:player:4d17518b7fc605b3fa42992ec61dd9c,Kai'Sa,bot:Ashe,lineup-f1047a29f861049d,0,2377.00000000,39.61666667,5,3,10,5.00000000,14809.00000000,30052.00000000,273,758.56962558,0.21617716,0.29723849,58,1.46403029,0.83333333,535.00000000,363.00000000,-20.00000000,2,out_of_time,552.56738309,609.28932002,297.16182141,0.69323253,2023-02-11
pg-1f9e319c4d782b84,ESPORTSTMNT02_3152224,2023-02-17T01:48:42,2023-02-17,2023,Unknown,0,13.03,Red,oe:team:ca619ab78f35d18f498c11f812542e0,Cremas Esports,oe:team:9aa855d087642f20ad7e3a7ae5c8251,Spectacled Bears,oe:player:fac747e9c68a89da88dad294bf5ed51,Annataqui,jng,Dr. Mundo,oe:player:224734629348b393f3a6d6140e59956,Elise,jng:Dr. Mundo,lineup-f1047a29f861049d,0,2377.00000000,39.61666667,5,5,9,2.80000000,12520.00000000,18178.00000000,194,458.84728650,0.18276305,0.17979506,57,1.43878839,0.77777778,-38.00000000,-398.00000000,7.00000000,2,out_of_time,384.99126602,370.68212343,143.15548060,0.51591473,2023-02-11
pg-a6a7de0e115fc23e,ESPORTSTMNT02_3152224,2023-02-17T01:48:42,2023-02-17,2023,Unknown,0,13.03,Red,oe:team:ca619ab78f35d18f498c11f812542e0,Cremas Esports,oe:team:9aa855d087642f20ad7e3a7ae5c8251,Spectacled Bears,oe:player:b6fe055bfad88e328abe3fbbf21a33c,Overload,mid,Irelia,oe:player:18eff78d8fbeb94244572cef0bb4536,Tristana,mid:Irelia,lineup-f1047a29f861049d,0,2377.00000000,39.61666667,7,6,3,1.66666667,17360.00000000,27957.00000000,368,705.68784182,0.25341586,0.27651725,52,1.31257888,0.55555556,-407.00000000,522.00000000,21.00000000,2,out_of_time,575.67297642,628.16894091,233.32235749,0.55723278,2023-02-11
pg-3e0d94e317102f28,ESPORTSTMNT02_3152224,2023-02-17T01:48:42,2023-02-17,2023,Unknown,0,13.03,Red,oe:team:ca619ab78f35d18f498c11f812542e0,Cremas Esports,oe:team:9aa855d087642f20ad7e3a7ae5c8251,Spectacled Bears,oe:player:2eb2a12f1608b0150cc7050b061bc83,khaN,sup,Renata Glasc,oe:player:30edf70db68aa84f05d3e72326807b0,Nautilus,sup:Renata Glasc,lineup-f1047a29f861049d,0,2377.00000000,39.61666667,1,2,15,8.00000000,9480.00000000,6821.00000000,43,172.17501052,0.13838608,0.06746518,93,2.34749684,0.88888889,1070.00000000,825.00000000,7.00000000,2,out_of_time,234.87293275,203.19335648,94.81044096,-0.66129765,2023-02-11
pg-c5569431bd8046e0,ESPORTSTMNT02_3152224,2023-02-17T01:48:42,2023-02-17,2023,Unknown,0,13.03,Red,oe:team:ca619ab78f35d18f498c11f812542e0,Cremas Esports,oe:team:9aa855d087642f20ad7e3a7ae5c8251,Spectacled Bears,oe:player:a9e2d00e60f059e223d82301a50182c,Abaddon,top,Gwen,oe:player:36b92108c1f71cd425ded7abc50b86b,Akali,top:Gwen,lineup-f1047a29f861049d,0,2377.00000000,39.61666667,0,3,9,3.00000000,14335.00000000,18096.00000000,284,456.77745057,0.20925785,0.17898402,39,0.98443416,0.50000000,-1620.00000000,-1345.00000000,-55.00000000,2,out_of_time,560.21762224,545.27566476,194.86562335,-0.53082822,2023-02-11
pg-da717ed7f94a856c,ESPORTSTMNT02_3152240,2023-02-17T03:43:45,2023-02-17,2023,Unknown,0,13.03,Blue,oe:team:ca619ab78f35d18f498c11f812542e0,Cremas Esports,oe:team:9aa855d087642f20ad7e3a7ae5c8251,Spectacled Bears,oe:player:32dc07c1aa7fd284d0185619c6f9711,AlienBoy,bot,Samira,oe:player:4d17518b7fc605b3fa42992ec61dd9c,Ashe,bot:Samira,lineup-f1047a29f861049d,0,2051.00000000,34.18333333,0,5,2,0.40000000,11062.00000000,7704.00000000,257,225.37298879,0.20915107,0.14545455,25,0.73135056,0.28571429,-881.00000000,-402.00000000,-28.00000000,2,out_of_time,493.59582075,609.28932002,297.16182141,-0.90261539,2023-02-11
pg-123caa337b467cfd,ESPORTSTMNT02_3152240,2023-02-17T03:43:45,2023-02-17,2023,Unknown,0,13.03,Blue,oe:team:ca619ab78f35d18f498c11f812542e0,Cremas Esports,oe:team:9aa855d087642f20ad7e3a7ae5c8251,Spectacled Bears,oe:player:fac747e9c68a89da88dad294bf5ed51,Annataqui,jng,Sejuani,oe:player:224734629348b393f3a6d6140e59956,Lillia,jng:Sejuani,lineup-f1047a29f861049d,0,2051.00000000,34.18333333,1,4,3,1.00000000,9497.00000000,7903.00000000,169,231.19453925,0.17956135,0.14921174,40,1.17016090,0.57142857,-77.00000000,-568.00000000,-33.00000000,2,out_of_time,371.70554767,370.68212343,143.15548060,-0.98152727,2023-02-11
pg-3c3f0d763def3344,ESPORTSTMNT02_3152240,2023-02-17T03:43:45,2023-02-17,2023,Unknown,0,13.03,Blue,oe:team:ca619ab78f35d18f498c11f812542e0,Cremas Esports,oe:team:9aa855d087642f20ad7e3a7ae5c8251,Spectacled Bears,oe:player:b6fe055bfad88e328abe3fbbf21a33c,Overload,mid,Syndra,oe:player:18eff78d8fbeb94244572cef0bb4536,Yasuo,mid:Syndra,lineup-f1047a29f861049d,0,2051.00000000,34.18333333,3,2,1,2.00000000,13273.00000000,25174.00000000,303,736.44076060,0.25095481,0.47529501,62,1.81374939,0.57142857,-83.00000000,-221.00000000,-22.00000000,2,out_of_time,535.35476068,628.16894091,233.32235749,0.86183768,2023-02-11
pg-51431ed31cbfc778,ESPORTSTMNT02_3152240,2023-02-17T03:43:45,2023-02-17,2023,Unknown,0,13.03,Blue,oe:team:ca619ab78f35d18f498c11f812542e0,Cremas Esports,oe:team:9aa855d087642f20ad7e3a7ae5c8251,Spectacled Bears,oe:player:2eb2a12f1608b0150cc7050b061bc83,khaN,sup,Rakan,oe:player:30edf70db68aa84f05d3e72326807b0,Braum,sup:Rakan,lineup-f1047a29f861049d,0,2051.00000000,34.18333333,0,5,4,0.80000000,7195.00000000,2976.00000000,43,87.05997075,0.13603706,0.05618805,119,3.48122867,0.57142857,-98.00000000,-154.00000000,0.00000000,2,out_of_time,244.01089208,203.19335648,94.81044096,-1.65541811,2023-02-11
pg-4070b1c3e80933ae,ESPORTSTMNT02_3152240,2023-02-17T03:43:45,2023-02-17,2023,Unknown,0,13.03,Blue,oe:team:ca619ab78f35d18f498c11f812542e0,Cremas Esports,oe:team:9aa855d087642f20ad7e3a7ae5c8251,Spectacled Bears,oe:player:a9e2d00e60f059e223d82301a50182c,Abaddon,top,Gnar,oe:player:36b92108c1f71cd425ded7abc50b86b,Jayce,top:Gnar,lineup-f1047a29f861049d,0,2051.00000000,34.18333333,3,4,2,1.25000000,11863.00000000,9208.00000000,237,269.37103852,0.22429571,0.17385066,45,1.31643101,0.71428571,756.00000000,1512.00000000,-5.00000000,2,out_of_time,526.58221304,545.27566476,194.86562335,-1.31994125,2023-02-11
pg-971a3668fa41c233,ESPORTSTMNT02_3152240,2023-02-17T03:43:45,2023-02-17,2023,Unknown,0,13.03,Red,oe:team:9aa855d087642f20ad7e3a7ae5c8251,Spectacled Bears,oe:team:ca619ab78f35d18f498c11f812542e0,Cremas Esports,oe:player:4d17518b7fc605b3fa42992ec61dd9c,CaTzzz,bot,Ashe,oe:player:32dc07c1aa7fd284d0185619c6f9711,Samira,bot:Ashe,lineup-3b10fe8019e141d6,1,2051.00000000,34.18333333,5,1,15,20.00000000,13990.00000000,21211.00000000,264,620.50706972,0.22025599,0.24019069,73,2.13554364,1.00000000,881.00000000,402.00000000,28.00000000,2,out_of_time,626.22007732,609.28932002,297.16182141,-0.01922524,2023-02-11
pg-dd127ce1cbf25fff,ESPORTSTMNT02_3152240,2023-02-17T03:43:45,2023-02-17,2023,Unknown,0,13.03,Red,oe:team:9aa855d087642f20ad7e3a7ae5c8251,Spectacled Bears,oe:team:ca619ab78f35d18f498c11f812542e0,Cremas Esports,oe:player:224734629348b393f3a6d6140e59956,1Curioso,jng,Lillia,oe:player:fac747e9c68a89da88dad294bf5ed51,Sejuani,jng:Lillia,lineup-3b10fe8019e141d6,1,2051.00000000,34.18333333,5,0,10,15.00000000,12436.00000000,17588.00000000,209,514.51974647,0.19579010,0.19916430,41,1.19941492,0.75000000,77.00000000,568.00000000,33.00000000,2,out_of_time,458.35538064,370.68212343,143.15548060,0.39233123,2023-02-11
pg-047a17a8e9529ea4,ESPORTSTMNT02_3152240,2023-02-17T03:43:45,2023-02-17,2023,Unknown,0,13.03,Red,oe:team:9aa855d087642f20ad7e3a7ae5c8251,Spectacled Bears,oe:team:ca619ab78f35d18f498c11f812542e0,Cremas Esports,oe:player:18eff78d8fbeb94244572cef0bb4536,Alowhed,mid,Yasuo,oe:player:b6fe055bfad88e328abe3fbbf21a33c,Syndra,mid:Yasuo,lineup-3b10fe8019e141d6,1,2051.00000000,34.18333333,2,1,7,9.00000000,13096.00000000,8696.00000000,287,254.39297903,0.20618102,0.09847241,41,1.19941492,0.45000000,83.00000000,221.00000000,22.00000000,2,out_of_time,599.74209727,628.16894091,233.32235749,-1.48013727,2023-02-11
pg-116fcdaedb0d10bc,ESPORTSTMNT02_3152240,2023-02-17T03:43:45,2023-02-17,2023,Unknown,0,13.03,Red,oe:team:9aa855d087642f20ad7e3a7ae5c8251,Spectacled Bears,oe:team:ca619ab78f35d18f498c11f812542e0,Cremas Esports,oe:player:30edf70db68aa84f05d3e72326807b0,Bucket,sup,Braum,oe:player:2eb2a12f1608b0150cc7050b061bc83,Rakan,sup:Braum,lineup-3b10fe8019e141d6,1,2051.00000000,34.18333333,1,2,17,9.00000000,8547.00000000,5695.00000000,31,166.60165773,0.13456240,0.06448946,91,2.66211604,0.90000000,98.00000000,154.00000000,0.00000000,2,out_of_time,301.95878554,203.19335648,94.81044096,-1.42766057,2023-02-11
pg-e59df260d0fb273c,ESPORTSTMNT02_3152240,2023-02-17T03:43:45,2023-02-17,2023,Unknown,0,13.03,Red,oe:team:9aa855d087642f20ad7e3a7ae5c8251,Spectacled Bears,oe:team:ca619ab78f35d18f498c11f812542e0,Cremas Esports,oe:player:36b92108c1f71cd425ded7abc50b86b,Akunma,top,Jayce,oe:player:a9e2d00e60f059e223d82301a50182c,Gnar,top:Jayce,lineup-3b10fe8019e141d6,1,2051.00000000,34.18333333,7,3,11,6.00000000,15448.00000000,35119.00000000,274,1027.37201365,0.24321048,0.39768314,48,1.40419308,0.90000000,-756.00000000,-1512.00000000,5.00000000,2,out_of_time,585.16379744,545.27566476,194.86562335,2.26929824,2023-02-11
pg-b5c4fa6345d7f630,ESPORTSTMNT02_3152955,2023-02-18T22:25:03,2023-02-18,2023,Unknown,0,13.03,Blue,oe:team:e40cdcb20302c0240d2084c909668aa,Diamond Doves,oe:team:920c52a8d7dbd6f216f9e59b825abc8,Antares Esports,oe:player:a9159216ea197997ac9c7fd4b85a4d3,Kasamura,bot,Zeri,oe:player:ffac14a6607a6bd8d49177cf8f8be81,Ezreal,bot:Zeri,lineup-0a179da6f0e21539,1,2045.00000000,34.08333333,4,0,14,18.00000000,15338.00000000,17950.00000000,315,526.65036675,0.22802349,0.19177350,38,1.11491443,0.85714286,817.00000000,-18.00000000,-6.00000000,2,out_of_time,510.85959416,609.28932002,297.16182141,0.05313863,2023-02-11
pg-59c871bc846ba902,ESPORTSTMNT02_3152955,2023-02-18T22:25:03,2023-02-18,2023,Unknown,0,13.03,Blue,oe:team:e40cdcb20302c0240d2084c909668aa,Diamond Doves,oe:team:920c52a8d7dbd6f216f9e59b825abc8,Antares Esports,oe:player:70ed868f67cc716cbf547d8ded98a01,HarryLaCru,jng,Lillia,oe:player:89faa52485aadb6d1181384f88d2001,Sejuani,jng:Lillia,lineup-0a179da6f0e21539,1,2045.00000000,34.08333333,2,2,8,5.00000000,10816.00000000,16483.00000000,192,483.60880196,0.16079685,0.17610043,52,1.52567237,0.47619048,-288.00000000,-73.00000000,-7.00000000,2,out_of_time,358.21566557,370.68212343,143.15548060,0.87592271,2023-02-11
pg-dd1186db4bbb8e4c,ESPORTSTMNT02_3152955,2023-02-18T22:25:03,2023-02-18,2023,Unknown,0,13.03,Blue,oe:team:e40cdcb20302c0240d2084c909668aa,Diamond Doves,oe:team:920c52a8d7dbd6f216f9e59b825abc8,Antares Esports,oe:player:b14f11e18a9089420d5cd22bf07b917,Toady,mid,Sylas,oe:player:6f7cba7940b07a9bab657521a36fd21,Azir,mid:Sylas,lineup-0a179da6f0e21539,1,2045.00000000,34.08333333,7,1,9,16.00000000,15679.00000000,19638.00000000,285,576.17603912,0.23309299,0.20980769,51,1.49633252,0.76190476,258.00000000,-302.00000000,-16.00000000,2,out_of_time,503.31513554,628.16894091,233.32235749,0.31227570,2023-02-11
pg-44e05c1ca55757e9,ESPORTSTMNT02_3152955,2023-02-18T22:25:03,2023-02-18,2023,Unknown,0,13.03,Blue,oe:team:e40cdcb20302c0240d2084c909668aa,Diamond Doves,oe:team:920c52a8d7dbd6f216f9e59b825abc8,Antares Esports,oe:player:f904062611b2ce16713e2429ed766c4,AdrYh,sup,Ashe,oe:player:e1c971f6e6c05a9a7ad90df76977ebd,Rakan,sup:Ashe,lineup-0a179da6f0e21539,1,2045.00000000,34.08333333,2,2,15,8.50000000,9716.00000000,12693.00000000,36,372.41075795,0.14444362,0.13560897,111,3.25672372,0.80952381,656.00000000,308.00000000,-14.00000000,2,out_of_time,248.81165468,203.19335648,94.81044096,1.30364443,2023-02-11
pg-c36104d5f46ea1f8,ESPORTSTMNT02_3152955,2023-02-18T22:25:03,2023-02-18,2023,Unknown,0,13.03,Blue,oe:team:e40cdcb20302c0240d2084c909668aa,Diamond Doves,oe:team:920c52a8d7dbd6f216f9e59b825abc8,Antares Esports,oe:player:43260cdc1d99d1fd01ad7bf83c2cb2a,deathleap,top,Fiora,oe:player:4fa807dbb2b3e07b6eacded6065c8f9,Sion,top:Fiora,lineup-0a179da6f0e21539,1,2045.00000000,34.08333333,6,1,2,8.00000000,15716.00000000,26836.00000000,321,787.36430318,0.23364305,0.28670940,31,0.90953545,0.38095238,241.00000000,-549.00000000,12.00000000,2,out_of_time,493.84046125,545.27566476,194.86562335,1.50628847,2023-02-11
pg-c7251046cd26e3be,ESPORTSTMNT02_3152955,2023-02-18T22:25:03,2023-02-18,2023,Unknown,0,13.03,Red,oe:team:920c52a8d7dbd6f216f9e59b825abc8,Antares Esports,oe:team:e40cdcb20302c0240d2084c909668aa,Diamond Doves,oe:player:ffac14a6607a6bd8d49177cf8f8be81,Zeldris,bot,Ezreal,oe:player:a9159216ea197997ac9c7fd4b85a4d3,Zeri,bot:Ezreal,lineup-87c3639b6d43b8da,0,2045.00000000,34.08333333,1,4,3,1.00000000,12175.00000000,17837.00000000,293,523.33496333,0.23268036,0.25347449,22,0.64547677,0.66666667,-817.00000000,18.00000000,6.00000000,2,out_of_time,651.88876840,609.28932002,297.16182141,-0.43260539,2023-02-11
pg-de7b23e0a59c0295,ESPORTSTMNT02_3152955,2023-02-18T22:25:03,2023-02-18,2023,Unknown,0,13.03,Red,oe:team:920c52a8d7dbd6f216f9e59b825abc8,Antares Esports,oe:team:e40cdcb20302c0240d2084c909668aa,Diamond Doves,oe:player:89faa52485aadb6d1181384f88d2001,Encounters,jng,Sejuani,oe:player:70ed868f67cc716cbf547d8ded98a01,Lillia,jng:Sejuani,lineup-87c3639b6d43b8da,0,2045.00000000,34.08333333,3,5,2,1.00000000,9776.00000000,6815.00000000,168,199.95110024,0.18683230,0.09684525,47,1.37897311,0.83333333,288.00000000,73.00000000,7.00000000,2,out_of_time,368.37248072,370.68212343,143.15548060,-1.17649272,2023-02-11
pg-6af5774d5222d301,ESPORTSTMNT02_3152955,2023-02-18T22:25:03,2023-02-18,2023,Unknown,0,13.03,Red,oe:team:920c52a8d7dbd6f216f9e59b825abc8,Antares Esports,oe:team:e40cdcb20302c0240d2084c909668aa,Diamond Doves,oe:player:6f7cba7940b07a9bab657521a36fd21,WilBR,mid,Azir,oe:player:b14f11e18a9089420d5cd22bf07b917,Sylas,mid:Azir,lineup-87c3639b6d43b8da,0,2045.00000000,34.08333333,0,4,3,0.75000000,11423.00000000,20591.00000000,288,604.13691932,0.21830865,0.29261049,40,1.17359413,0.50000000,-258.00000000,302.00000000,16.00000000,2,out_of_time,615.14539800,628.16894091,233.32235749,-0.04718141,2023-02-11
pg-74d20165106a1eea,ESPORTSTMNT02_3152955,2023-02-18T22:25:03,2023-02-18,2023,Unknown,0,13.03,Red,oe:team:920c52a8d7dbd6f216f9e59b825abc8,Antares Esports,oe:team:e40cdcb20302c0240d2084c909668aa,Diamond Doves,oe:player:e1c971f6e6c05a9a7ad90df76977ebd,Gauci,sup,Rakan,oe:player:f904062611b2ce16713e2429ed766c4,Ashe,sup:Rakan,lineup-87c3639b6d43b8da,0,2045.00000000,34.08333333,1,6,3,0.66666667,7184.00000000,4793.00000000,40,140.62591687,0.13729575,0.06811141,108,3.16870416,0.66666667,-656.00000000,-308.00000000,14.00000000,2,out_of_time,226.75784384,203.19335648,94.81044096,-0.90846458,2023-02-11
pg-f9304fef3f07bb85,ESPORTSTMNT02_3152955,2023-02-18T22:25:03,2023-02-18,2023,Unknown,0,13.03,Red,oe:team:920c52a8d7dbd6f216f9e59b825abc8,Antares Esports,oe:team:e40cdcb20302c0240d2084c909668aa,Diamond Doves,oe:player:4fa807dbb2b3e07b6eacded6065c8f9,Bingus,top,Sion,oe:player:43260cdc1d99d1fd01ad7bf83c2cb2a,Fiora,top:Sion,lineup-87c3639b6d43b8da,0,2045.00000000,34.08333333,1,2,0,0.50000000,11767.00000000,20334.00000000,286,596.59657702,0.22488294,0.28895836,31,0.90953545,0.16666667,-241.00000000,549.00000000,-12.00000000,2,out_of_time,504.57034122,545.27566476,194.86562335,0.47225485,2023-02-11
pg-a6a2bb0d21faa72a,ESPORTSTMNT02_3151998,2023-02-18T23:48:49,2023-02-18,2023,Unknown,0,13.03,Blue,oe:team:920c52a8d7dbd6f216f9e59b825abc8,Antares Esports,oe:team:e40cdcb20302c0240d2084c909668aa,Diamond Doves,oe:player:ffac14a6607a6bd8d49177cf8f8be81,Zeldris,bot,Zeri,oe:player:a9159216ea197997ac9c7fd4b85a4d3,Ezreal,bot:Zeri,lineup-87c3639b6d43b8da,1,2248.00000000,37.46666667,8,0,6,14.00000000,18631.00000000,24325.00000000,396,649.24377224,0.25930411,0.25728217,56,1.49466192,0.70000000,-233.00000000,-102.00000000,-1.00000000,2,out_of_time,539.12860803,609.28932002,297.16182141,0.37055623,2023-02-11
pg-103023e47771e6eb,ESPORTSTMNT02_3151998,2023-02-18T23:48:49,2023-02-18,2023,Unknown,0,13.03,Blue,oe:team:920c52a8d7dbd6f216f9e59b825abc8,Antares Esports,oe:team:e40cdcb20302c0240d2084c909668aa,Diamond Doves,oe:player:89faa52485aadb6d1181384f88d2001,Encounters,jng,Maokai,oe:player:70ed868f67cc716cbf547d8ded98a01,Sejuani,jng:Maokai,lineup-87c3639b6d43b8da,1,2248.00000000,37.46666667,2,1,15,17.00000000,12600.00000000,22511.00000000,174,600.82740214,0.17536534,0.23809574,64,1.70818505,0.85000000,1813.00000000,177.00000000,-18.00000000,2,out_of_time,420.93803069,370.68212343,143.15548060,1.25660136,2023-02-11
pg-2733cd2011372c03,ESPORTSTMNT02_3151998,2023-02-18T23:48:49,2023-02-18,2023,Unknown,0,13.03,Blue,oe:team:920c52a8d7dbd6f216f9e59b825abc8,Antares Esports,oe:team:e40cdcb20302c0240d2084c909668aa,Diamond Doves,oe:player:6f7cba7940b07a9bab657521a36fd21,WilBR,mid,Azir,oe:player:b14f11e18a9089420d5cd22bf07b917,Syndra,mid:Azir,lineup-87c3639b6d43b8da,1,2248.00000000,37.46666667,2,1,8,10.00000000,13993.00000000,15719.00000000,298,419.54626335,0.19475296,0.16625769,51,1.36120996,0.50000000,-62.00000000,481.00000000,-16.00000000,2,out_of_time,578.93404676,628.16894091,233.32235749,-0.68312263,2023-02-11
pg-9c47413c991a525a,ESPORTSTMNT02_3151998,2023-02-18T23:48:49,2023-02-18,2023,Unknown,0,13.03,Blue,oe:team:920c52a8d7dbd6f216f9e59b825abc8,Antares Esports,oe:team:e40cdcb20302c0240d2084c909668aa,Diamond Doves,oe:player:e1c971f6e6c05a9a7ad90df76977ebd,Gauci,sup,Lulu,oe:player:f904062611b2ce16713e2429ed766c4,Karma,sup:Lulu,lineup-87c3639b6d43b8da,1,2248.00000000,37.46666667,1,0,13,14.00000000,9145.00000000,3758.00000000,43,100.30249110,0.12727905,0.03974785,108,2.88256228,0.70000000,233.00000000,82.00000000,13.00000000,2,out_of_time,194.92360911,203.19335648,94.81044096,-0.99800314,2023-02-11
pg-8f9a5c4e4361d521,ESPORTSTMNT02_3151998,2023-02-18T23:48:49,2023-02-18,2023,Unknown,0,13.03,Blue,oe:team:920c52a8d7dbd6f216f9e59b825abc8,Antares Esports,oe:team:e40cdcb20302c0240d2084c909668aa,Diamond Doves,oe:player:4fa807dbb2b3e07b6eacded6065c8f9,Bingus,top,Sett,oe:player:43260cdc1d99d1fd01ad7bf83c2cb2a,Fiora,top:Sett,lineup-87c3639b6d43b8da,1,2248.00000000,37.46666667,7,2,4,5.50000000,17481.00000000,28233.00000000,299,753.54982206,0.24329854,0.29861655,22,0.58718861,0.55000000,3571.00000000,1860.00000000,41.00000000,2,out_of_time,510.58063106,545.27566476,194.86562335,1.24685507,2023-02-11
pg-bce258e8e0dc0d5d,ESPORTSTMNT02_3151998,2023-02-18T23:48:49,2023-02-18,2023,Unknown,0,13.03,Red,oe:team:e40cdcb20302c0240d2084c909668aa,Diamond Doves,oe:team:920c52a8d7dbd6f216f9e59b825abc8,Antares Esports,oe:player:a9159216ea197997ac9c7fd4b85a4d3,Kasamura,bot,Ezreal,oe:player:ffac14a6607a6bd8d49177cf8f8be81,Zeri,bot:Ezreal,lineup-0a179da6f0e21539,0,2248.00000000,37.46666667,0,1,2,2.00000000,14646.00000000,32383.00000000,381,864.31494662,0.24743209,0.36476379,24,0.64056940,0.50000000,233.00000000,102.00000000,1.00000000,2,out_of_time,623.61975453,609.28932002,297.16182141,0.80998020,2023-02-11
pg-7f9248f70ec27161,ESPORTSTMNT02_3151998,2023-02-18T23:48:49,2023-02-18,2023,Unknown,0,13.03,Red,oe:team:e40cdcb20302c0240d2084c909668aa,Diamond Doves,oe:team:920c52a8d7dbd6f216f9e59b825abc8,Antares Esports,oe:player:70ed868f67cc716cbf547d8ded98a01,HarryLaCru,jng,Sejuani,oe:player:89faa52485aadb6d1181384f88d2001,Maokai,jng:Sejuani,lineup-0a179da6f0e21539,0,2248.00000000,37.46666667,0,5,2,0.40000000,9112.00000000,11126.00000000,172,296.95729537,0.15393972,0.12532384,44,1.17437722,0.50000000,-1813.00000000,-177.00000000,18.00000000,2,out_of_time,321.44367418,370.68212343,143.15548060,-0.17104744,2023-02-11
pg-95794e23cabdefc1,ESPORTSTMNT02_3151998,2023-02-18T23:48:49,2023-02-18,2023,Unknown,0,13.03,Red,oe:team:e40cdcb20302c0240d2084c909668aa,Diamond Doves,oe:team:920c52a8d7dbd6f216f9e59b825abc8,Antares Esports,oe:player:b14f11e18a9089420d5cd22bf07b917,Toady,mid,Syndra,oe:player:6f7cba7940b07a9bab657521a36fd21,Azir,mid:Syndra,lineup-0a179da6f0e21539,0,2248.00000000,37.46666667,3,5,1,0.80000000,14668.00000000,24250.00000000,351,647.24199288,0.24780376,0.27315326,52,1.38790036,1.00000000,62.00000000,-481.00000000,16.00000000,2,out_of_time,531.61286434,628.16894091,233.32235749,0.49557672,2023-02-11
pg-5a5f51c54b1cd8c8,ESPORTSTMNT02_3151998,2023-02-18T23:48:49,2023-02-18,2023,Unknown,0,13.03,Red,oe:team:e40cdcb20302c0240d2084c909668aa,Diamond Doves,oe:team:920c52a8d7dbd6f216f9e59b825abc8,Antares Esports,oe:player:f904062611b2ce16713e2429ed766c4,AdrYh,sup,Karma,oe:player:e1c971f6e6c05a9a7ad90df76977ebd,Lulu,sup:Karma,lineup-0a179da6f0e21539,0,2248.00000000,37.46666667,0,4,2,0.50000000,7475.00000000,7087.00000000,27,189.15480427,0.12628396,0.07982834,103,2.74911032,0.50000000,-233.00000000,-82.00000000,-13.00000000,2,out_of_time,185.87725820,203.19335648,94.81044096,0.03456946,2023-02-11
pg-f1006671d3fa60b6,ESPORTSTMNT02_3151998,2023-02-18T23:48:49,2023-02-18,2023,Unknown,0,13.03,Red,oe:team:e40cdcb20302c0240d2084c909668aa,Diamond Doves,oe:team:920c52a8d7dbd6f216f9e59b825abc8,Antares Esports,oe:player:43260cdc1d99d1fd01ad7bf83c2cb2a,deathleap,top,Fiora,oe:player:4fa807dbb2b3e07b6eacded6065c8f9,Sett,top:Fiora,lineup-0a179da6f0e21539,0,2248.00000000,37.46666667,1,5,1,0.40000000,13291.00000000,13932.00000000,287,371.85053381,0.22454048,0.15693077,44,1.17437722,0.50000000,-3571.00000000,-1860.00000000,-41.00000000,2,out_of_time,487.31640061,545.27566476,194.86562335,-0.59254098,2023-02-11
pg-12aae78efb3afeee,ESPORTSTMNT02_3154016,2023-02-19T00:55:26,2023-02-19,2023,Unknown,0,13.03,Blue,oe:team:2a7fc0772538d018f713520c5e90ee0,Red Eye Esports,oe:team:df70cf5eb04453059ae5a4e4e30a392,Mad Kings,oe:player:7a2798d7c31bb0cdb3401cd4e375f14,ZombieHog,bot,Zeri,oe:player:445ba3ad8e65abac8ad443618717337,Lucian,bot:Zeri,lineup-d54c83941826a97f,0,1390.00000000,23.16666667,0,1,0,0.00000000,7191.00000000,3776.00000000,184,162.99280576,0.22480305,0.12167692,5,0.21582734,0.00000000,-881.00000000,-302.00000000,-21.00000000,2,out_of_time,529.83839877,609.28932002,297.16182141,-1.23449773,2023-02-11
pg-640637b684e559f0,ESPORTSTMNT02_3154016,2023-02-19T00:55:26,2023-02-19,2023,Unknown,0,13.03,Blue,oe:team:2a7fc0772538d018f713520c5e90ee0,Red Eye Esports,oe:team:df70cf5eb04453059ae5a4e4e30a392,Mad Kings,oe:player:cd99932955b983ba7428c0219f7eb82,Ruyi,jng,Wukong,oe:player:914517b9be0b39cd64e61a8f3284995,Vi,jng:Wukong,lineup-d54c83941826a97f,0,1390.00000000,23.16666667,0,3,1,0.33333333,5478.00000000,4000.00000000,100,172.66187050,0.17125172,0.12889505,29,1.25179856,0.50000000,-1382.00000000,-116.00000000,1.00000000,2,out_of_time,403.58070094,370.68212343,143.15548060,-1.61306315,2023-02-11
pg-a8e03836d6bade69,ESPORTSTMNT02_3154016,2023-02-19T00:55:26,2023-02-19,2023,Unknown,0,13.03,Blue,oe:team:2a7fc0772538d018f713520c5e90ee0,Red Eye Esports,oe:team:df70cf5eb04453059ae5a4e4e30a392,Mad Kings,oe:player:fda70732b859899fa7572b8ebb41196,Saifer,mid,Ryze,oe:player:24a97b1b1e5d51b77443b684844af57,Anivia,mid:Ryze,lineup-d54c83941826a97f,0,1390.00000000,23.16666667,0,4,1,0.25000000,6798.00000000,8144.00000000,181,351.53956835,0.21251719,0.26243032,15,0.64748201,0.50000000,-1913.00000000,-1888.00000000,-21.00000000,2,out_of_time,635.54607488,628.16894091,233.32235749,-1.21722800,2023-02-11
pg-65a01aa2488b81e7,ESPORTSTMNT02_3154016,2023-02-19T00:55:26,2023-02-19,2023,Unknown,0,13.03,Blue,oe:team:2a7fc0772538d018f713520c5e90ee0,Red Eye Esports,oe:team:df70cf5eb04453059ae5a4e4e30a392,Mad Kings,oe:player:9c8834ac0a7a7aaa66010ded94db1db,Cassius,sup,Karma,oe:player:c62419314cffbc6e4f3a9b5304e3ddb,Nami,sup:Karma,lineup-d54c83941826a97f,0,1390.00000000,23.16666667,1,2,0,0.50000000,4968.00000000,4387.00000000,20,189.36690647,0.15530824,0.14136564,49,2.11510791,0.50000000,168.00000000,-19.00000000,11.00000000,2,out_of_time,226.77312801,203.19335648,94.81044096,-0.39453694,2023-02-11
pg-610aa842753cf7e7,ESPORTSTMNT02_3154016,2023-02-19T00:55:26,2023-02-19,2023,Unknown,0,13.03,Blue,oe:team:2a7fc0772538d018f713520c5e90ee0,Red Eye Esports,oe:team:df70cf5eb04453059ae5a4e4e30a392,Mad Kings,oe:player:b9dfa3efb116230e2a05ff9f568e763,Dertako,top,Fiora,oe:player:7ec4aff3394361255ecfe13ca99b994,Jax,top:Fiora,lineup-d54c83941826a97f,0,1390.00000000,23.16666667,1,0,0,1.00000000,7553.00000000,10726.00000000,196,462.99280576,0.23611979,0.34563207,17,0.73381295,0.50000000,-193.00000000,350.00000000,0.00000000,2,out_of_time,543.57352206,545.27566476,194.86562335,-0.41351940,2023-02-11
pg-9beaef526a7decce,ESPORTSTMNT02_3154016,2023-02-19T00:55:26,2023-02-19,2023,Unknown,0,13.03,Red,oe:team:df70cf5eb04453059ae5a4e4e30a392,Mad Kings,oe:team:2a7fc0772538d018f713520c5e90ee0,Red Eye Esports,oe:player:445ba3ad8e65abac8ad443618717337,Xamexx,bot,Lucian,oe:player:7a2798d7c31bb0cdb3401cd4e375f14,Zeri,bot:Lucian,lineup-62d4b7a1638810cb,1,1390.00000000,23.16666667,1,0,5,6.00000000,10214.00000000,11530.00000000,222,497.69784173,0.22449338,0.27397586,28,1.20863309,0.60000000,881.00000000,302.00000000,21.00000000,2,out_of_time,664.17035047,609.28932002,297.16182141,-0.56020827,2023-02-11
pg-b21501ba8e33b0c9,ESPORTSTMNT02_3154016,2023-02-19T00:55:26,2023-02-19,2023,Unknown,0,13.03,Red,oe:team:df70cf5eb04453059ae5a4e4e30a392,Mad Kings,oe:team:2a7fc0772538d018f713520c5e90ee0,Red Eye Esports,oe:player:914517b9be0b39cd64e61a8f3284995,Yoyomax,jng,Vi,oe:player:cd99932955b983ba7428c0219f7eb82,Wukong,jng:Vi,lineup-62d4b7a1638810cb,1,1390.00000000,23.16666667,4,1,5,9.00000000,8570.00000000,4479.00000000,111,193.33812950,0.18835993,0.10643000,41,1.76978417,0.90000000,1382.00000000,116.00000000,-1.00000000,2,out_of_time,379.07559208,370.68212343,143.15548060,-1.29745268,2023-02-11
pg-b6f0516e3ee58103,ESPORTSTMNT02_3154016,2023-02-19T00:55:26,2023-02-19,2023,Unknown,0,13.03,Red,oe:team:df70cf5eb04453059ae5a4e4e30a392,Mad Kings,oe:team:2a7fc0772538d018f713520c5e90ee0,Red Eye Esports,oe:player:24a97b1b1e5d51b77443b684844af57,Alex Mercer,mid,Anivia,oe:player:fda70732b859899fa7572b8ebb41196,Ryze,mid:Anivia,lineup-62d4b7a1638810cb,1,1390.00000000,23.16666667,4,0,6,10.00000000,11021.00000000,13307.00000000,198,574.40287770,0.24223043,0.31620093,21,0.90647482,1.00000000,1913.00000000,1888.00000000,21.00000000,2,out_of_time,690.97109693,628.16894091,233.32235749,-0.49960158,2023-02-11
pg-d1bc8131b608ebdb,ESPORTSTMNT02_3154016,2023-02-19T00:55:26,2023-02-19,2023,Unknown,0,13.03,Red,oe:team:df70cf5eb04453059ae5a4e4e30a392,Mad Kings,oe:team:2a7fc0772538d018f713520c5e90ee0,Red Eye Esports,oe:player:c62419314cffbc6e4f3a9b5304e3ddb,Melody,sup,Nami,oe:player:9c8834ac0a7a7aaa66010ded94db1db,Karma,sup:Nami,lineup-62d4b7a1638810cb,1,1390.00000000,23.16666667,0,0,7,7.00000000,6149.00000000,3018.00000000,8,130.27338129,0.13514880,0.07171372,44,1.89928058,0.70000000,-168.00000000,19.00000000,-11.00000000,2,out_of_time,295.89173958,203.19335648,94.81044096,-1.74683670,2023-02-11
pg-5f880b0719987697,ESPORTSTMNT02_3154016,2023-02-19T00:55:26,2023-02-19,2023,Unknown,0,13.03,Red,oe:team:df70cf5eb04453059ae5a4e4e30a392,Mad Kings,oe:team:2a7fc0772538d018f713520c5e90ee0,Red Eye Esports,oe:player:7ec4aff3394361255ecfe13ca99b994,Siicked,top,Jax,oe:player:b9dfa3efb116230e2a05ff9f568e763,Fiora,top:Jax,lineup-62d4b7a1638810cb,1,1390.00000000,23.16666667,1,1,0,1.00000000,9544.00000000,9750.00000000,195,420.86330935,0.20976746,0.23167950,22,0.94964029,0.10000000,193.00000000,-350.00000000,0.00000000,2,out_of_time,583.58020108,545.27566476,194.86562335,-0.83502102,2023-02-11
pg-150768f78b4c78b0,ESPORTSTMNT02_3152989,2023-02-19T01:57:42,2023-02-19,2023,Unknown,0,13.03,Blue,oe:team:df70cf5eb04453059ae5a4e4e30a392,Mad Kings,oe:team:2a7fc0772538d018f713520c5e90ee0,Red Eye Esports,oe:player:445ba3ad8e65abac8ad443618717337,Xamexx,bot,Varus,oe:player:7a2798d7c31bb0cdb3401cd4e375f14,Lucian,bot:Varus,lineup-62d4b7a1638810cb,0,2574.00000000,42.90000000,8,4,7,3.75000000,22147.00000000,40903.00000000,460,953.44988345,0.28525612,0.32539398,89,2.07459207,0.83333333,1817.00000000,-629.00000000,21.00000000,2,out_of_time,612.34209568,609.28932002,297.16182141,1.14788564,2023-02-11
pg-8ef43a1d7bead70a,ESPORTSTMNT02_3152989,2023-02-19T01:57:42,2023-02-19,2023,Unknown,0,13.03,Blue,oe:team:df70cf5eb04453059ae5a4e4e30a392,Mad Kings,oe:team:2a7fc0772538d018f713520c5e90ee0,Red Eye Esports,oe:player:914517b9be0b39cd64e61a8f3284995,Yoyomax,jng,Maokai,oe:player:cd99932955b983ba7428c0219f7eb82,Wukong,jng:Maokai,lineup-62d4b7a1638810cb,0,2574.00000000,42.90000000,1,6,9,1.66666667,12633.00000000,32861.00000000,178,765.99067599,0.16271462,0.26141779,43,1.00233100,0.55555556,1359.00000000,349.00000000,2.00000000,2,out_of_time,457.60777835,370.68212343,143.15548060,2.15418157,2023-02-11
pg-007832c4a37bd30c,ESPORTSTMNT02_3152989,2023-02-19T01:57:42,2023-02-19,2023,Unknown,0,13.03,Blue,oe:team:df70cf5eb04453059ae5a4e4e30a392,Mad Kings,oe:team:2a7fc0772538d018f713520c5e90ee0,Red Eye Esports,oe:player:24a97b1b1e5d51b77443b684844af57,Alex Mercer,mid,Pantheon,oe:player:fda70732b859899fa7572b8ebb41196,Sylas,mid:Pantheon,lineup-62d4b7a1638810cb,0,2574.00000000,42.90000000,7,6,2,1.50000000,15187.00000000,26011.00000000,262,606.31701632,0.19561045,0.20692426,45,1.04895105,0.50000000,21.00000000,-104.00000000,-16.00000000,2,out_of_time,650.95585665,628.16894091,233.32235749,-0.19131832,2023-02-11
pg-b1df69f72f0a3b0e,ESPORTSTMNT02_3152989,2023-02-19T01:57:42,2023-02-19,2023,Unknown,0,13.03,Blue,oe:team:df70cf5eb04453059ae5a4e4e30a392,Mad Kings,oe:team:2a7fc0772538d018f713520c5e90ee0,Red Eye Esports,oe:player:c62419314cffbc6e4f3a9b5304e3ddb,Melody,sup,Lulu,oe:player:9c8834ac0a7a7aaa66010ded94db1db,Nami,sup:Lulu,lineup-62d4b7a1638810cb,0,2574.00000000,42.90000000,2,4,14,4.00000000,11281.00000000,7415.00000000,19,172.84382284,0.14530069,0.05898825,132,3.07692308,0.88888889,1268.00000000,1268.00000000,3.00000000,2,out_of_time,247.70437709,203.19335648,94.81044096,-0.78958133,2023-02-11
pg-08a877e8f48bec37,ESPORTSTMNT02_3152989,2023-02-19T01:57:42,2023-02-19,2023,Unknown,0,13.03,Blue,oe:team:df70cf5eb04453059ae5a4e4e30a392,Mad Kings,oe:team:2a7fc0772538d018f713520c5e90ee0,Red Eye Esports,oe:player:7ec4aff3394361255ecfe13ca99b994,Siicked,top,Jax,oe:player:b9dfa3efb116230e2a05ff9f568e763,Olaf,top:Jax,lineup-62d4b7a1638810cb,0,2574.00000000,42.90000000,0,7,4,0.57142857,16391.00000000,18513.00000000,323,431.53846154,0.21111812,0.14727572,50,1.16550117,0.22222222,-1384.00000000,-2096.00000000,-11.00000000,2,out_of_time,555.47678451,545.27566476,194.86562335,-0.63601943,2023-02-11
pg-97c6d6025f2a9aad,ESPORTSTMNT02_3152989,2023-02-19T01:57:42,2023-02-19,2023,Unknown,0,13.03,Red,oe:team:2a7fc0772538d018f713520c5e90ee0,Red Eye Esports,oe:team:df70cf5eb04453059ae5a4e4e30a392,Mad Kings,oe:player:7a2798d7c31bb0cdb3401cd4e375f14,ZombieHog,bot,Lucian,oe:player:445ba3ad8e65abac8ad443618717337,Varus,bot:Lucian,lineup-d54c83941826a97f,1,2574.00000000,42.90000000,6,2,13,9.50000000,19247.00000000,37465.00000000,370,873.31002331,0.24637737,0.32269595,52,1.21212121,0.70370370,-1817.00000000,629.00000000,-21.00000000,2,out_of_time,585.82350505,609.28932002,297.16182141,0.96744096,2023-02-11
pg-ed36ad13b1e2ccde,ESPORTSTMNT02_3152989,2023-02-19T01:57:42,2023-02-19,2023,Unknown,0,13.03,Red,oe:team:2a7fc0772538d018f713520c5e90ee0,Red Eye Esports,oe:team:df70cf5eb04453059ae5a4e4e30a392,Mad Kings,oe:player:cd99932955b983ba7428c0219f7eb82,Ruyi,jng,Wukong,oe:player:914517b9be0b39cd64e61a8f3284995,Maokai,jng:Wukong,lineup-d54c83941826a97f,1,2574.00000000,42.90000000,2,5,15,3.40000000,12396.00000000,11056.00000000,189,257.71561772,0.15867896,0.09522825,55,1.28205128,0.62962963,-1359.00000000,-349.00000000,-2.00000000,2,out_of_time,371.00827419,370.68212343,143.15548060,-0.79139587,2023-02-11
pg-2f2af451ad68dfed,ESPORTSTMNT02_3152989,2023-02-19T01:57:42,2023-02-19,2023,Unknown,0,13.03,Red,oe:team:2a7fc0772538d018f713520c5e90ee0,Red Eye Esports,oe:team:df70cf5eb04453059ae5a4e4e30a392,Mad Kings,oe:player:fda70732b859899fa7572b8ebb41196,Saifer,mid,Sylas,oe:player:24a97b1b1e5d51b77443b684844af57,Pantheon,mid:Sylas,lineup-d54c83941826a97f,1,2574.00000000,42.90000000,7,4,13,5.00000000,16415.00000000,30681.00000000,284,715.17482517,0.21012545,0.26426357,65,1.51515152,0.74074074,-21.00000000,104.00000000,16.00000000,2,out_of_time,531.54416999,628.16894091,233.32235749,0.78702554,2023-02-11
pg-e256b534246244b7,ESPORTSTMNT02_3152989,2023-02-19T01:57:42,2023-02-19,2023,Unknown,0,13.03,Red,oe:team:2a7fc0772538d018f713520c5e90ee0,Red Eye Esports,oe:team:df70cf5eb04453059ae5a4e4e30a392,Mad Kings,oe:player:9c8834ac0a7a7aaa66010ded94db1db,Cassius,sup,Nami,oe:player:c62419314cffbc6e4f3a9b5304e3ddb,Lulu,sup:Nami,lineup-d54c83941826a97f,1,2574.00000000,42.90000000,2,6,15,2.83333333,10033.00000000,7521.00000000,21,175.31468531,0.12843062,0.06478036,124,2.89044289,0.62962963,-1268.00000000,-1268.00000000,-3.00000000,2,out_of_time,225.44815634,203.19335648,94.81044096,-0.52877584,2023-02-11
pg-009107e86ec3c290,ESPORTSTMNT02_3152989,2023-02-19T01:57:42,2023-02-19,2023,Unknown,0,13.03,Red,oe:team:2a7fc0772538d018f713520c5e90ee0,Red Eye Esports,oe:team:df70cf5eb04453059ae5a4e4e30a392,Mad Kings,oe:player:b9dfa3efb116230e2a05ff9f568e763,Dertako,top,Olaf,oe:player:7ec4aff3394361255ecfe13ca99b994,Jax,top:Olaf,lineup-d54c83941826a97f,1,2574.00000000,42.90000000,10,1,9,19.00000000,20029.00000000,29377.00000000,341,684.77855478,0.25638761,0.25303187,38,0.88578089,0.70370370,1384.00000000,2096.00000000,11.00000000,2,out_of_time,550.46796907,545.27566476,194.86562335,0.68924720,2023-02-11
pg-50a628f0b142e92f,ESPORTSTMNT02_3161771,2023-02-24T00:09:04,2023-02-24,2023,Unknown,0,13.03,Blue,oe:team:ca619ab78f35d18f498c11f812542e0,Cremas Esports,oe:team:2a7fc0772538d018f713520c5e90ee0,Red Eye Esports,oe:player:c59f2a6c6e7227a313b6d215f5fb153,Snoopy,bot,Varus,oe:player:7a2798d7c31bb0cdb3401cd4e375f14,Xayah,bot:Varus,lineup-2f280a8b32f27de0,0,1701.00000000,28.35000000,2,4,2,1.00000000,11212.00000000,14671.00000000,267,517.49559083,0.25870463,0.26113346,27,0.95238095,0.66666667,344.00000000,575.00000000,26.00000000,2,out_of_time,605.01454811,609.28932002,297.16182141,-0.29451616,2023-02-11
pg-df48aaf0ecf6178c,ESPORTSTMNT02_3161771,2023-02-24T00:09:04,2023-02-24,2023,Unknown,0,13.03,Blue,oe:team:ca619ab78f35d18f498c11f812542e0,Cremas Esports,oe:team:2a7fc0772538d018f713520c5e90ee0,Red Eye Esports,oe:player:fac747e9c68a89da88dad294bf5ed51,Annataqui,jng,Sejuani,oe:player:cd99932955b983ba7428c0219f7eb82,Olaf,jng:Sejuani,lineup-2f280a8b32f27de0,0,1701.00000000,28.35000000,0,3,3,1.00000000,7892.00000000,6845.00000000,152,241.44620811,0.18209926,0.12183618,24,0.84656085,0.50000000,50.00000000,-421.00000000,-17.00000000,2,out_of_time,393.77323392,370.68212343,143.15548060,-1.06406702,2023-02-11
pg-55369e19aa51df16,ESPORTSTMNT02_3161771,2023-02-24T00:09:04,2023-02-24,2023,Unknown,0,13.03,Blue,oe:team:ca619ab78f35d18f498c11f812542e0,Cremas Esports,oe:team:2a7fc0772538d018f713520c5e90ee0,Red Eye Esports,oe:player:cdfb3072efbda7fd96b432e865f0e55,Galeon,mid,Viktor,oe:player:fda70732b859899fa7572b8ebb41196,Sylas,mid:Viktor,lineup-2f280a8b32f27de0,0,1701.00000000,28.35000000,1,6,1,0.33333333,8646.00000000,16667.00000000,196,587.90123457,0.19949699,0.29666085,30,1.05820106,0.33333333,-1289.00000000,-646.00000000,-31.00000000,2,out_of_time,659.58886353,628.16894091,233.32235749,-0.30724715,2023-02-11
pg-03f7ef9de22550ca,ESPORTSTMNT02_3161771,2023-02-24T00:09:04,2023-02-24,2023,Unknown,0,13.03,Blue,oe:team:ca619ab78f35d18f498c11f812542e0,Cremas Esports,oe:team:2a7fc0772538d018f713520c5e90ee0,Red Eye Esports,oe:player:2eb2a12f1608b0150cc7050b061bc83,khaN,sup,Ashe,oe:player:9c8834ac0a7a7aaa66010ded94db1db,Braum,sup:Ashe,lineup-2f280a8b32f27de0,0,1701.00000000,28.35000000,2,4,2,1.00000000,6686.00000000,11342.00000000,27,400.07054674,0.15427213,0.20187961,85,2.99823633,0.66666667,391.00000000,-431.00000000,-12.00000000,2,out_of_time,320.14453865,203.19335648,94.81044096,0.84300850,2023-02-11
pg-e462c26787221187,ESPORTSTMNT02_3161771,2023-02-24T00:09:04,2023-02-24,2023,Unknown,0,13.03,Blue,oe:team:ca619ab78f35d18f498c11f812542e0,Cremas Esports,oe:team:2a7fc0772538d018f713520c5e90ee0,Red Eye Esports,oe:player:a9e2d00e60f059e223d82301a50182c,Abaddon,top,Ornn,oe:player:b9dfa3efb116230e2a05ff9f568e763,Camille,top:Ornn,lineup-2f280a8b32f27de0,0,1701.00000000,28.35000000,1,3,0,0.33333333,8903.00000000,6657.00000000,200,234.81481481,0.20542698,0.11848991,15,0.52910053,0.16666667,-1855.00000000,-364.00000000,-21.00000000,2,out_of_time,540.55109526,545.27566476,194.86562335,-1.56895955,2023-02-11
pg-9139af198ddb08b0,ESPORTSTMNT02_3161771,2023-02-24T00:09:04,2023-02-24,2023,Unknown,0,13.03,Red,oe:team:2a7fc0772538d018f713520c5e90ee0,Red Eye Esports,oe:team:ca619ab78f35d18f498c11f812542e0,Cremas Esports,oe:player:7a2798d7c31bb0cdb3401cd4e375f14,ZombieHog,bot,Xayah,oe:player:c59f2a6c6e7227a313b6d215f5fb153,Varus,bot:Xayah,lineup-d54c83941826a97f,1,1701.00000000,28.35000000,3,0,9,12.00000000,11537.00000000,13728.00000000,201,484.23280423,0.20233961,0.19214512,17,0.59964727,0.60000000,-344.00000000,-575.00000000,-26.00000000,2,out_of_time,600.95087692,609.28932002,297.16182141,-0.39277614,2023-02-11
pg-b5a3e8a27dc152b8,ESPORTSTMNT02_3161771,2023-02-24T00:09:04,2023-02-24,2023,Unknown,0,13.03,Red,oe:team:2a7fc0772538d018f713520c5e90ee0,Red Eye Esports,oe:team:ca619ab78f35d18f498c11f812542e0,Cremas Esports,oe:player:cd99932955b983ba7428c0219f7eb82,Ruyi,jng,Olaf,oe:player:fac747e9c68a89da88dad294bf5ed51,Sejuani,jng:Olaf,lineup-d54c83941826a97f,1,1701.00000000,28.35000000,5,4,13,4.50000000,10807.00000000,14078.00000000,150,496.57848325,0.18953664,0.19704392,36,1.26984127,0.90000000,-50.00000000,421.00000000,17.00000000,2,out_of_time,436.91018209,370.68212343,143.15548060,0.41680766,2023-02-11
pg-d544ed49c23db8df,ESPORTSTMNT02_3161771,2023-02-24T00:09:04,2023-02-24,2023,Unknown,0,13.03,Red,oe:team:2a7fc0772538d018f713520c5e90ee0,Red Eye Esports,oe:team:ca619ab78f35d18f498c11f812542e0,Cremas Esports,oe:player:fda70732b859899fa7572b8ebb41196,Saifer,mid,Sylas,oe:player:cdfb3072efbda7fd96b432e865f0e55,Viktor,mid:Sylas,lineup-d54c83941826a97f,1,1701.00000000,28.35000000,6,0,13,19.00000000,13374.00000000,20657.00000000,242,728.64197531,0.23455751,0.28912745,24,0.84656085,0.95000000,1289.00000000,646.00000000,31.00000000,2,out_of_time,584.19681030,628.16894091,233.32235749,0.61907983,2023-02-11
pg-9af73383e633be4b,ESPORTSTMNT02_3161771,2023-02-24T00:09:04,2023-02-24,2023,Unknown,0,13.03,Red,oe:team:2a7fc0772538d018f713520c5e90ee0,Red Eye Esports,oe:team:ca619ab78f35d18f498c11f812542e0,Cremas Esports,oe:player:9c8834ac0a7a7aaa66010ded94db1db,Cassius,sup,Braum,oe:player:2eb2a12f1608b0150cc7050b061bc83,Ashe,sup:Braum,lineup-d54c83941826a97f,1,1701.00000000,28.35000000,0,0,19,19.00000000,7490.00000000,6574.00000000,35,231.88712522,0.13136203,0.09201355,83,2.92768959,0.95000000,-391.00000000,431.00000000,12.00000000,2,out_of_time,254.74247790,203.19335648,94.81044096,-0.24106367,2023-02-11
pg-caaa020a4a261cf9,ESPORTSTMNT02_3161771,2023-02-24T00:09:04,2023-02-24,2023,Unknown,0,13.03,Red,oe:team:2a7fc0772538d018f713520c5e90ee0,Red Eye Esports,oe:team:ca619ab78f35d18f498c11f812542e0,Cremas Esports,oe:player:b9dfa3efb116230e2a05ff9f568e763,Dertako,top,Camille,oe:player:a9e2d00e60f059e223d82301a50182c,Ornn,top:Camille,lineup-d54c83941826a97f,1,1701.00000000,28.35000000,6,2,4,5.00000000,13810.00000000,16409.00000000,265,578.80070547,0.24220422,0.22966996,27,0.95238095,0.50000000,1855.00000000,364.00000000,21.00000000,2,out_of_time,566.72539566,545.27566476,194.86562335,0.06196737,2023-02-11
pg-acb18464d369e883,ESPORTSTMNT02_3161817,2023-02-24T01:11:25,2023-02-24,2023,Unknown,0,13.03,Blue,oe:team:2a7fc0772538d018f713520c5e90ee0,Red Eye Esports,oe:team:ca619ab78f35d18f498c11f812542e0,Cremas Esports,oe:player:7a2798d7c31bb0cdb3401cd4e375f14,ZombieHog,bot,Xayah,oe:player:c59f2a6c6e7227a313b6d215f5fb153,Lucian,bot:Xayah,lineup-d54c83941826a97f,1,1626.00000000,27.10000000,6,1,12,18.00000000,12295.00000000,15420.00000000,218,569.00369004,0.22653990,0.20100634,24,0.88560886,0.64285714,-137.00000000,622.00000000,-4.00000000,2,out_of_time,592.71306559,609.28932002,297.16182141,-0.07978608,2023-02-11
pg-f3773591bfe500cc,ESPORTSTMNT02_3161817,2023-02-24T01:11:25,2023-02-24,2023,Unknown,0,13.03,Blue,oe:team:2a7fc0772538d018f713520c5e90ee0,Red Eye Esports,oe:team:ca619ab78f35d18f498c11f812542e0,Cremas Esports,oe:player:cd99932955b983ba7428c0219f7eb82,Ruyi,jng,Vi,oe:player:fac747e9c68a89da88dad294bf5ed51,Maokai,jng:Vi,lineup-d54c83941826a97f,1,1626.00000000,27.10000000,5,2,12,8.50000000,10078.00000000,11061.00000000,133,408.15498155,0.18569086,0.14418489,35,1.29151292,0.60714286,944.00000000,482.00000000,15.00000000,2,out_of_time,360.51992951,370.68212343,143.15548060,0.33275046,2023-02-11
pg-e034e388e46050df,ESPORTSTMNT02_3161817,2023-02-24T01:11:25,2023-02-24,2023,Unknown,0,13.03,Blue,oe:team:2a7fc0772538d018f713520c5e90ee0,Red Eye Esports,oe:team:ca619ab78f35d18f498c11f812542e0,Cremas Esports,oe:player:fda70732b859899fa7572b8ebb41196,Saifer,mid,Akali,oe:player:cdfb3072efbda7fd96b432e865f0e55,Sylas,mid:Akali,lineup-d54c83941826a97f,1,1626.00000000,27.10000000,9,1,4,13.00000000,11916.00000000,27754.00000000,230,1024.13284133,0.21955669,0.36178533,32,1.18081181,0.46428571,1320.00000000,1191.00000000,35.00000000,2,out_of_time,648.55438162,628.16894091,233.32235749,1.60969769,2023-02-11
pg-220e45b6ef8849a8,ESPORTSTMNT02_3161817,2023-02-24T01:11:25,2023-02-24,2023,Unknown,0,13.03,Blue,oe:team:2a7fc0772538d018f713520c5e90ee0,Red Eye Esports,oe:team:ca619ab78f35d18f498c11f812542e0,Cremas Esports,oe:player:9c8834ac0a7a7aaa66010ded94db1db,Cassius,sup,Rakan,oe:player:2eb2a12f1608b0150cc7050b061bc83,Nami,sup:Rakan,lineup-d54c83941826a97f,1,1626.00000000,27.10000000,3,2,20,11.50000000,8514.00000000,5128.00000000,36,189.22509225,0.15687358,0.06684569,86,3.17343173,0.82142857,891.00000000,32.00000000,17.00000000,2,out_of_time,269.94121716,203.19335648,94.81044096,-0.85134215,2023-02-11
pg-4cb52187502cfe05,ESPORTSTMNT02_3161817,2023-02-24T01:11:25,2023-02-24,2023,Unknown,0,13.03,Blue,oe:team:2a7fc0772538d018f713520c5e90ee0,Red Eye Esports,oe:team:ca619ab78f35d18f498c11f812542e0,Cremas Esports,oe:player:b9dfa3efb116230e2a05ff9f568e763,Dertako,top,Jax,oe:player:a9e2d00e60f059e223d82301a50182c,Aatrox,top:Jax,lineup-d54c83941826a97f,1,1626.00000000,27.10000000,5,1,6,11.00000000,11470.00000000,17351.00000000,220,640.25830258,0.21133897,0.22617775,11,0.40590406,0.39285714,-101.00000000,-284.00000000,-16.00000000,2,out_of_time,572.27989339,545.27566476,194.86562335,0.34884762,2023-02-11
pg-68ecc65f04760729,ESPORTSTMNT02_3161817,2023-02-24T01:11:25,2023-02-24,2023,Unknown,0,13.03,Red,oe:team:ca619ab78f35d18f498c11f812542e0,Cremas Esports,oe:team:2a7fc0772538d018f713520c5e90ee0,Red Eye Esports,oe:player:c59f2a6c6e7227a313b6d215f5fb153,Snoopy,bot,Lucian,oe:player:7a2798d7c31bb0cdb3401cd4e375f14,Xayah,bot:Lucian,lineup-2f280a8b32f27de0,0,1626.00000000,27.10000000,1,5,5,1.20000000,9869.00000000,15925.00000000,228,587.63837638,0.24900338,0.29449294,36,1.32841328,0.85714286,137.00000000,-622.00000000,4.00000000,2,out_of_time,626.71374635,609.28932002,297.16182141,-0.13149526,2023-02-11
pg-a0866ca781b8ca97,ESPORTSTMNT02_3161817,2023-02-24T01:11:25,2023-02-24,2023,Unknown,0,13.03,Red,oe:team:ca619ab78f35d18f498c11f812542e0,Cremas Esports,oe:team:2a7fc0772538d018f713520c5e90ee0,Red Eye Esports,oe:player:fac747e9c68a89da88dad294bf5ed51,Annataqui,jng,Maokai,oe:player:cd99932955b983ba7428c0219f7eb82,Vi,jng:Maokai,lineup-2f280a8b32f27de0,0,1626.00000000,27.10000000,1,8,4,0.62500000,6848.00000000,12971.00000000,113,478.63468635,0.17278095,0.23986611,24,0.88560886,0.71428571,-944.00000000,-482.00000000,-15.00000000,2,out_of_time,485.36885831,370.68212343,143.15548060,-0.04704097,2023-02-11
pg-ae09caac393165ce,ESPORTSTMNT02_3161817,2023-02-24T01:11:25,2023-02-24,2023,Unknown,0,13.03,Red,oe:team:ca619ab78f35d18f498c11f812542e0,Cremas Esports,oe:team:2a7fc0772538d018f713520c5e90ee0,Red Eye Esports,oe:player:cdfb3072efbda7fd96b432e865f0e55,Galeon,mid,Sylas,oe:player:fda70732b859899fa7572b8ebb41196,Akali,mid:Sylas,lineup-2f280a8b32f27de0,0,1626.00000000,27.10000000,1,5,3,0.80000000,7883.00000000,11877.00000000,189,438.26568266,0.19889489,0.21963533,15,0.55350554,0.57142857,-1320.00000000,-1191.00000000,-35.00000000,2,out_of_time,610.44586505,628.16894091,233.32235749,-0.73794978,2023-02-11
pg-37da5003892430e4,ESPORTSTMNT02_3161817,2023-02-24T01:11:25,2023-02-24,2023,Unknown,0,13.03,Red,oe:team:ca619ab78f35d18f498c11f812542e0,Cremas Esports,oe:team:2a7fc0772538d018f713520c5e90ee0,Red Eye Esports,oe:player:2eb2a12f1608b0150cc7050b061bc83,khaN,sup,Nami,oe:player:9c8834ac0a7a7aaa66010ded94db1db,Rakan,sup:Nami,lineup-2f280a8b32f27de0,0,1626.00000000,27.10000000,1,6,5,1.00000000,5763.00000000,4840.00000000,10,178.59778598,0.14540546,0.08950366,37,1.36531365,0.85714286,-891.00000000,-32.00000000,-17.00000000,2,out_of_time,296.12689371,203.19335648,94.81044096,-1.23962199,2023-02-11
pg-5f5d34d8f46fa3f3,ESPORTSTMNT02_3161817,2023-02-24T01:11:25,2023-02-24,2023,Unknown,0,13.03,Red,oe:team:ca619ab78f35d18f498c11f812542e0,Cremas Esports,oe:team:2a7fc0772538d018f713520c5e90ee0,Red Eye Esports,oe:player:a9e2d00e60f059e223d82301a50182c,Abaddon,top,Aatrox,oe:player:b9dfa3efb116230e2a05ff9f568e763,Jax,top:Aatrox,lineup-2f280a8b32f27de0,0,1626.00000000,27.10000000,3,4,1,1.00000000,9271.00000000,8463.00000000,196,312.28782288,0.23391533,0.15650196,15,0.55350554,0.57142857,101.00000000,284.00000000,16.00000000,2,out_of_time,577.85730868,545.27566476,194.86562335,-1.36283394,2023-02-11
pg-79bd064e340ef9a7,ESPORTSTMNT02_3163759,2023-02-25T22:02:35,2023-02-25,2023,Unknown,0,13.03,Blue,oe:team:df70cf5eb04453059ae5a4e4e30a392,Mad Kings,oe:team:dcf87563dff3f23d3985a5bac289345,Vipers,oe:player:445ba3ad8e65abac8ad443618717337,Xamexx,bot,Caitlyn,oe:player:213f7b5efbc9490107dbfc9114ca7ef,Varus,bot:Caitlyn,lineup-62d4b7a1638810cb,1,2019.00000000,33.65000000,7,1,1,8.00000000,16524.00000000,22628.00000000,345,672.45170877,0.28630339,0.28968660,51,1.51560178,0.61538462,2881.00000000,348.00000000,60.00000000,2,out_of_time,609.61098669,609.28932002,297.16182141,0.21146970,2023-02-11
pg-96721149a2bde52d,ESPORTSTMNT02_3163759,2023-02-25T22:02:35,2023-02-25,2023,Unknown,0,13.03,Blue,oe:team:df70cf5eb04453059ae5a4e4e30a392,Mad Kings,oe:team:dcf87563dff3f23d3985a5bac289345,Vipers,oe:player:914517b9be0b39cd64e61a8f3284995,Yoyomax,jng,Elise,oe:player:5deafe4ab31c8c1b22b5ec6e971c582,Nidalee,jng:Elise,lineup-62d4b7a1638810cb,1,2019.00000000,33.65000000,2,1,6,8.00000000,10745.00000000,9422.00000000,158,280.00000000,0.18617344,0.12062167,49,1.45616642,0.61538462,1027.00000000,-282.00000000,-1.00000000,2,out_of_time,472.01526859,370.68212343,143.15548060,-1.34130575,2023-02-11
pg-fd4e65050f995e81,ESPORTSTMNT02_3163759,2023-02-25T22:02:35,2023-02-25,2023,Unknown,0,13.03,Blue,oe:team:df70cf5eb04453059ae5a4e4e30a392,Mad Kings,oe:team:dcf87563dff3f23d3985a5bac289345,Vipers,oe:player:24a97b1b1e5d51b77443b684844af57,Alex Mercer,mid,Zoe,oe:player:9c74ba91b4bace5829f217dfb62e330,Jayce,mid:Zoe,lineup-62d4b7a1638810cb,1,2019.00000000,33.65000000,2,1,4,6.00000000,10742.00000000,16250.00000000,218,482.91233284,0.18612146,0.20803462,33,0.98068351,0.46153846,-187.00000000,-42.00000000,-13.00000000,2,out_of_time,689.17407867,628.16894091,233.32235749,-0.88402049,2023-02-11
pg-2ba0a48b1576091c,ESPORTSTMNT02_3163759,2023-02-25T22:02:35,2023-02-25,2023,Unknown,0,13.03,Blue,oe:team:df70cf5eb04453059ae5a4e4e30a392,Mad Kings,oe:team:dcf87563dff3f23d3985a5bac289345,Vipers,oe:player:c62419314cffbc6e4f3a9b5304e3ddb,Melody,sup,Lux,oe:player:5a63f3e7e2b4282f07785cdc895d624,Karma,sup:Lux,lineup-62d4b7a1638810cb,1,2019.00000000,33.65000000,1,2,6,3.50000000,9003.00000000,14015.00000000,25,416.49331352,0.15599064,0.17942186,70,2.08023774,0.53846154,1775.00000000,1218.00000000,-7.00000000,2,out_of_time,361.12751853,203.19335648,94.81044096,0.58396306,2023-02-11
pg-0376ce00aa2c12a7,ESPORTSTMNT02_3163759,2023-02-25T22:02:35,2023-02-25,2023,Unknown,0,13.03,Blue,oe:team:df70cf5eb04453059ae5a4e4e30a392,Mad Kings,oe:team:dcf87563dff3f23d3985a5bac289345,Vipers,oe:player:7ec4aff3394361255ecfe13ca99b994,Siicked,top,Ornn,oe:player:5b4335a3832ac5a3bb3d24f8bb8687c,Renekton,top:Ornn,lineup-62d4b7a1638810cb,1,2019.00000000,33.65000000,1,2,5,3.00000000,10701.00000000,15797.00000000,234,469.45022288,0.18541107,0.20223525,33,0.98068351,0.46153846,184.00000000,513.00000000,8.00000000,2,out_of_time,600.02159299,545.27566476,194.86562335,-0.67005851,2023-02-11
pg-f3f9f441cfafd783,ESPORTSTMNT02_3163759,2023-02-25T22:02:35,2023-02-25,2023,Unknown,0,13.03,Red,oe:team:dcf87563dff3f23d3985a5bac289345,Vipers,oe:team:df70cf5eb04453059ae5a4e4e30a392,Mad Kings,oe:player:213f7b5efbc9490107dbfc9114ca7ef,S34NDR0M3,bot,Varus,oe:player:445ba3ad8e65abac8ad443618717337,Caitlyn,bot:Varus,lineup-8709c409542254da,0,2019.00000000,33.65000000,2,3,2,1.33333333,10200.00000000,13414.00000000,196,398.63298663,0.19448576,0.19111529,30,0.89153046,0.57142857,-2881.00000000,-348.00000000,-60.00000000,2,out_of_time,561.25848843,609.28932002,297.16182141,-0.54726243,2023-02-11
pg-559cec84d9114561,ESPORTSTMNT02_3163759,2023-02-25T22:02:35,2023-02-25,2023,Unknown,0,13.03,Red,oe:team:dcf87563dff3f23d3985a5bac289345,Vipers,oe:team:df70cf5eb04453059ae5a4e4e30a392,Mad Kings,oe:player:5deafe4ab31c8c1b22b5ec6e971c582,Nainess,jng,Nidalee,oe:player:914517b9be0b39cd64e61a8f3284995,Elise,jng:Nidalee,lineup-8709c409542254da,0,2019.00000000,33.65000000,2,1,2,4.00000000,9628.00000000,13563.00000000,175,403.06092125,0.18357930,0.19323816,59,1.75334324,0.57142857,-1027.00000000,282.00000000,1.00000000,2,out_of_time,403.90946091,370.68212343,143.15548060,-0.00592740,2023-02-11
pg-dae79e1d701e5883,ESPORTSTMNT02_3163759,2023-02-25T22:02:35,2023-02-25,2023,Unknown,0,13.03,Red,oe:team:dcf87563dff3f23d3985a5bac289345,Vipers,oe:team:df70cf5eb04453059ae5a4e4e30a392,Mad Kings,oe:player:9c74ba91b4bace5829f217dfb62e330,Kurckoo,mid,Jayce,oe:player:24a97b1b1e5d51b77443b684844af57,Zoe,mid:Jayce,lineup-8709c409542254da,0,2019.00000000,33.65000000,1,4,4,1.25000000,12895.00000000,25794.00000000,284,766.53789004,0.24587194,0.36749872,48,1.42644874,0.71428571,187.00000000,42.00000000,13.00000000,2,out_of_time,608.82337077,628.16894091,233.32235749,0.67595116,2023-02-11
pg-dfcad353cfb872f3,ESPORTSTMNT02_3163759,2023-02-25T22:02:35,2023-02-25,2023,Unknown,0,13.03,Red,oe:team:dcf87563dff3f23d3985a5bac289345,Vipers,oe:team:df70cf5eb04453059ae5a4e4e30a392,Mad Kings,oe:player:5a63f3e7e2b4282f07785cdc895d624,Shiku,sup,Karma,oe:player:c62419314cffbc6e4f3a9b5304e3ddb,Lux,sup:Karma,lineup-8709c409542254da,0,2019.00000000,33.65000000,0,3,4,1.33333333,6606.00000000,8326.00000000,22,247.42942051,0.12595813,0.11862427,74,2.19910847,0.57142857,-1775.00000000,-1218.00000000,7.00000000,2,out_of_time,247.25835717,203.19335648,94.81044096,0.00180427,2023-02-11
pg-bd2e08deeafbd4cb,ESPORTSTMNT02_3163759,2023-02-25T22:02:35,2023-02-25,2023,Unknown,0,13.03,Red,oe:team:dcf87563dff3f23d3985a5bac289345,Vipers,oe:team:df70cf5eb04453059ae5a4e4e30a392,Mad Kings,oe:player:5b4335a3832ac5a3bb3d24f8bb8687c,ByFalco,top,Renekton,oe:player:7ec4aff3394361255ecfe13ca99b994,Ornn,top:Renekton,lineup-8709c409542254da,0,2019.00000000,33.65000000,2,2,2,2.00000000,13117.00000000,9091.00000000,289,270.16344725,0.25010487,0.12952357,32,0.95096582,0.57142857,-184.00000000,-513.00000000,-8.00000000,2,out_of_time,546.10733868,545.27566476,194.86562335,-1.41607271,2023-02-11
pg-bdf5864f41e3be64,ESPORTSTMNT02_3165666,2023-02-25T23:06:53,2023-02-25,2023,Unknown,0,13.03,Blue,oe:team:df70cf5eb04453059ae5a4e4e30a392,Mad Kings,oe:team:dcf87563dff3f23d3985a5bac289345,Vipers,oe:player:445ba3ad8e65abac8ad443618717337,Xamexx,bot,Caitlyn,oe:player:213f7b5efbc9490107dbfc9114ca7ef,Varus,bot:Caitlyn,lineup-62d4b7a1638810cb,1,2157.00000000,35.95000000,3,2,9,6.00000000,15978.00000000,20309.00000000,313,564.92350487,0.22211410,0.18198518,59,1.64116829,0.46153846,-2387.00000000,-920.00000000,-19.00000000,2,out_of_time,609.61098669,609.28932002,297.16182141,-0.15038097,2023-02-11
pg-886ca1ce5b6e3a32,ESPORTSTMNT02_3165666,2023-02-25T23:06:53,2023-02-25,2023,Unknown,0,13.03,Blue,oe:team:df70cf5eb04453059ae5a4e4e30a392,Mad Kings,oe:team:dcf87563dff3f23d3985a5bac289345,Vipers,oe:player:914517b9be0b39cd64e61a8f3284995,Yoyomax,jng,Sejuani,oe:player:5deafe4ab31c8c1b22b5ec6e971c582,Maokai,jng:Sejuani,lineup-62d4b7a1638810cb,1,2157.00000000,35.95000000,3,0,13,16.00000000,11749.00000000,8558.00000000,147,238.05285118,0.16332573,0.07668665,49,1.36300417,0.61538462,617.00000000,615.00000000,12.00000000,2,out_of_time,448.78048761,370.68212343,143.15548060,-1.47201934,2023-02-11
pg-5896285fa18ca8a4,ESPORTSTMNT02_3165666,2023-02-25T23:06:53,2023-02-25,2023,Unknown,0,13.03,Blue,oe:team:df70cf5eb04453059ae5a4e4e30a392,Mad Kings,oe:team:dcf87563dff3f23d3985a5bac289345,Vipers,oe:player:24a97b1b1e5d51b77443b684844af57,Alex Mercer,mid,Sett,oe:player:9c74ba91b4bace5829f217dfb62e330,Ryze,mid:Sett,lineup-62d4b7a1638810cb,1,2157.00000000,35.95000000,8,5,9,3.40000000,14063.00000000,22067.00000000,205,613.82475661,0.19549322,0.19773829,35,0.97357441,0.65384615,106.00000000,-957.00000000,-18.00000000,2,out_of_time,707.56171488,628.16894091,233.32235749,-0.40174872,2023-02-11
pg-e248cf4b55fde677,ESPORTSTMNT02_3165666,2023-02-25T23:06:53,2023-02-25,2023,Unknown,0,13.03,Blue,oe:team:df70cf5eb04453059ae5a4e4e30a392,Mad Kings,oe:team:dcf87563dff3f23d3985a5bac289345,Vipers,oe:player:c62419314cffbc6e4f3a9b5304e3ddb,Melody,sup,Lux,oe:player:5a63f3e7e2b4282f07785cdc895d624,Karma,sup:Lux,lineup-62d4b7a1638810cb,1,2157.00000000,35.95000000,7,4,8,3.75000000,11697.00000000,18499.00000000,23,514.57579972,0.16260287,0.16576610,84,2.33657858,0.57692308,-51.00000000,-216.00000000,-4.00000000,2,out_of_time,361.12751853,203.19335648,94.81044096,1.61847450,2023-02-11
pg-761d223bcd039dab,ESPORTSTMNT02_3165666,2023-02-25T23:06:53,2023-02-25,2023,Unknown,0,13.03,Blue,oe:team:df70cf5eb04453059ae5a4e4e30a392,Mad Kings,oe:team:dcf87563dff3f23d3985a5bac289345,Vipers,oe:player:7ec4aff3394361255ecfe13ca99b994,Siicked,top,Gwen,oe:player:5b4335a3832ac5a3bb3d24f8bb8687c,Sion,top:Gwen,lineup-62d4b7a1638810cb,1,2157.00000000,35.95000000,5,0,11,16.00000000,18449.00000000,42164.00000000,339,1172.85118220,0.25646408,0.37782378,39,1.08484006,0.61538462,1779.00000000,-147.00000000,25.00000000,2,out_of_time,637.48863635,545.27566476,194.86562335,2.74734218,2023-02-11
pg-add2a5906d62b013,ESPORTSTMNT02_3165666,2023-02-25T23:06:53,2023-02-25,2023,Unknown,0,13.03,Red,oe:team:dcf87563dff3f23d3985a5bac289345,Vipers,oe:team:df70cf5eb04453059ae5a4e4e30a392,Mad Kings,oe:player:213f7b5efbc9490107dbfc9114ca7ef,S34NDR0M3,bot,Varus,oe:player:445ba3ad8e65abac8ad443618717337,Caitlyn,bot:Varus,lineup-8709c409542254da,0,2157.00000000,35.95000000,10,4,1,2.75000000,16294.00000000,29339.00000000,302,816.10570236,0.27505993,0.30706354,31,0.86230876,1.00000000,2387.00000000,920.00000000,19.00000000,2,out_of_time,561.25848843,609.28932002,297.16182141,0.85760416,2023-02-11
pg-e419b10b310d614d,ESPORTSTMNT02_3165666,2023-02-25T23:06:53,2023-02-25,2023,Unknown,0,13.03,Red,oe:team:dcf87563dff3f23d3985a5bac289345,Vipers,oe:team:df70cf5eb04453059ae5a4e4e30a392,Mad Kings,oe:player:5deafe4ab31c8c1b22b5ec6e971c582,Nainess,jng,Maokai,oe:player:914517b9be0b39cd64e61a8f3284995,Sejuani,jng:Maokai,lineup-8709c409542254da,0,2157.00000000,35.95000000,0,6,8,1.33333333,8877.00000000,10811.00000000,141,300.72322670,0.14985313,0.11314850,27,0.75104312,0.72727273,-617.00000000,-615.00000000,-12.00000000,2,out_of_time,447.81670279,370.68212343,143.15548060,-1.02750852,2023-02-11
pg-0d61ab731b7b2b4a,ESPORTSTMNT02_3165666,2023-02-25T23:06:53,2023-02-25,2023,Unknown,0,13.03,Red,oe:team:dcf87563dff3f23d3985a5bac289345,Vipers,oe:team:df70cf5eb04453059ae5a4e4e30a392,Mad Kings,oe:player:9c74ba91b4bace5829f217dfb62e330,Kurckoo,mid,Ryze,oe:player:24a97b1b1e5d51b77443b684844af57,Sett,mid:Ryze,lineup-8709c409542254da,0,2157.00000000,35.95000000,1,7,7,1.14285714,14806.00000000,30313.00000000,334,843.19888734,0.24994092,0.31725748,51,1.41863700,0.72727273,-106.00000000,957.00000000,18.00000000,2,out_of_time,627.30407902,628.16894091,233.32235749,0.92530699,2023-02-11
pg-c87f34689250baad,ESPORTSTMNT02_3165666,2023-02-25T23:06:53,2023-02-25,2023,Unknown,0,13.03,Red,oe:team:dcf87563dff3f23d3985a5bac289345,Vipers,oe:team:df70cf5eb04453059ae5a4e4e30a392,Mad Kings,oe:player:5a63f3e7e2b4282f07785cdc895d624,Shiku,sup,Karma,oe:player:c62419314cffbc6e4f3a9b5304e3ddb,Lux,sup:Karma,lineup-8709c409542254da,0,2157.00000000,35.95000000,0,4,9,2.25000000,8234.00000000,9575.00000000,31,266.34214186,0.13899862,0.10021246,101,2.80945758,0.81818182,51.00000000,216.00000000,4.00000000,2,out_of_time,247.25835717,203.19335648,94.81044096,0.20128358,2023-02-11
pg-fa6d4a69cef33440,ESPORTSTMNT02_3165666,2023-02-25T23:06:53,2023-02-25,2023,Unknown,0,13.03,Red,oe:team:dcf87563dff3f23d3985a5bac289345,Vipers,oe:team:df70cf5eb04453059ae5a4e4e30a392,Mad Kings,oe:player:5b4335a3832ac5a3bb3d24f8bb8687c,ByFalco,top,Sion,oe:player:7ec4aff3394361255ecfe13ca99b994,Gwen,top:Sion,lineup-8709c409542254da,0,2157.00000000,35.95000000,0,5,2,0.40000000,11027.00000000,15509.00000000,254,431.40472879,0.18614741,0.16231802,31,0.86230876,0.18181818,-1779.00000000,147.00000000,-25.00000000,2,out_of_time,537.38565044,545.27566476,194.86562335,-0.54386669,2023-02-11
pg-9f770e8341492703,ESPORTSTMNT02_3163792,2023-02-26T00:14:14,2023-02-26,2023,Unknown,0,13.03,Blue,oe:team:9aa855d087642f20ad7e3a7ae5c8251,Spectacled Bears,oe:team:920c52a8d7dbd6f216f9e59b825abc8,Antares Esports,oe:player:4d17518b7fc605b3fa42992ec61dd9c,CaTzzz,bot,Ezreal,oe:player:ffac14a6607a6bd8d49177cf8f8be81,Zeri,bot:Ezreal,lineup-3b10fe8019e141d6,1,1574.00000000,26.23333333,3,0,6,9.00000000,11428.00000000,22351.00000000,251,852.00762389,0.21742357,0.30857908,47,1.79161372,0.69230769,79.00000000,452.00000000,-5.00000000,2,out_of_time,623.10207929,609.28932002,297.16182141,0.77030604,2023-02-11
pg-0a6f94fcc6133450,ESPORTSTMNT02_3163792,2023-02-26T00:14:14,2023-02-26,2023,Unknown,0,13.03,Blue,oe:team:9aa855d087642f20ad7e3a7ae5c8251,Spectacled Bears,oe:team:920c52a8d7dbd6f216f9e59b825abc8,Antares Esports,oe:player:224734629348b393f3a6d6140e59956,1Curioso,jng,Lillia,oe:player:89faa52485aadb6d1181384f88d2001,Sejuani,jng:Lillia,lineup-3b10fe8019e141d6,1,1574.00000000,26.23333333,3,0,8,11.00000000,10428.00000000,13653.00000000,182,520.44472681,0.19839805,0.18849404,35,1.33418043,0.84615385,694.00000000,-42.00000000,7.00000000,2,out_of_time,360.01169547,370.68212343,143.15548060,1.12069081,2023-02-11
pg-ec2fc58b392d9cf1,ESPORTSTMNT02_3163792,2023-02-26T00:14:14,2023-02-26,2023,Unknown,0,13.03,Blue,oe:team:9aa855d087642f20ad7e3a7ae5c8251,Spectacled Bears,oe:team:920c52a8d7dbd6f216f9e59b825abc8,Antares Esports,oe:player:18eff78d8fbeb94244572cef0bb4536,Alowhed,mid,Annie,oe:player:6f7cba7940b07a9bab657521a36fd21,Kassadin,mid:Annie,lineup-3b10fe8019e141d6,1,1574.00000000,26.23333333,6,1,6,12.00000000,13852.00000000,22059.00000000,233,840.87674714,0.26354141,0.30454771,34,1.29606099,0.92307692,2320.00000000,508.00000000,11.00000000,2,out_of_time,546.83015626,628.16894091,233.32235749,1.26025896,2023-02-11
pg-3ca2431e1ec83a8b,ESPORTSTMNT02_3163792,2023-02-26T00:14:14,2023-02-26,2023,Unknown,0,13.03,Blue,oe:team:9aa855d087642f20ad7e3a7ae5c8251,Spectacled Bears,oe:team:920c52a8d7dbd6f216f9e59b825abc8,Antares Esports,oe:player:30edf70db68aa84f05d3e72326807b0,Bucket,sup,Nautilus,oe:player:e1c971f6e6c05a9a7ad90df76977ebd,Soraka,sup:Nautilus,lineup-3b10fe8019e141d6,1,1574.00000000,26.23333333,0,0,10,10.00000000,6521.00000000,3651.00000000,34,139.17407878,0.12406537,0.05040590,70,2.66836086,0.76923077,312.00000000,-637.00000000,14.00000000,2,out_of_time,212.92709581,203.19335648,94.81044096,-0.77789974,2023-02-11
pg-63b618f35ae41f53,ESPORTSTMNT02_3163792,2023-02-26T00:14:14,2023-02-26,2023,Unknown,0,13.03,Blue,oe:team:9aa855d087642f20ad7e3a7ae5c8251,Spectacled Bears,oe:team:920c52a8d7dbd6f216f9e59b825abc8,Antares Esports,oe:player:36b92108c1f71cd425ded7abc50b86b,Akunma,top,Jax,oe:player:4fa807dbb2b3e07b6eacded6065c8f9,Renekton,top:Jax,lineup-3b10fe8019e141d6,1,1574.00000000,26.23333333,1,1,3,4.00000000,10332.00000000,10718.00000000,211,408.56416773,0.19657160,0.14797327,14,0.53367217,0.30769231,-196.00000000,-603.00000000,-9.00000000,2,out_of_time,510.24339353,545.27566476,194.86562335,-0.52179150,2023-02-11
pg-6dd6ae2449f7a7a8,ESPORTSTMNT02_3163792,2023-02-26T00:14:14,2023-02-26,2023,Unknown,0,13.03,Red,oe:team:920c52a8d7dbd6f216f9e59b825abc8,Antares Esports,oe:team:9aa855d087642f20ad7e3a7ae5c8251,Spectacled Bears,oe:player:ffac14a6607a6bd8d49177cf8f8be81,Zeldris,bot,Zeri,oe:player:4d17518b7fc605b3fa42992ec61dd9c,Ezreal,bot:Zeri,lineup-87c3639b6d43b8da,0,1574.00000000,26.23333333,0,0,0,0.00000000,9623.00000000,7552.00000000,262,287.87801779,0.24912626,0.24225316,23,0.87674714,0.00000000,-79.00000000,-452.00000000,5.00000000,2,out_of_time,467.39222655,609.28932002,297.16182141,-0.60409580,2023-02-11
pg-20097df26c508d07,ESPORTSTMNT02_3163792,2023-02-26T00:14:14,2023-02-26,2023,Unknown,0,13.03,Red,oe:team:920c52a8d7dbd6f216f9e59b825abc8,Antares Esports,oe:team:9aa855d087642f20ad7e3a7ae5c8251,Spectacled Bears,oe:player:89faa52485aadb6d1181384f88d2001,Encounters,jng,Sejuani,oe:player:224734629348b393f3a6d6140e59956,Lillia,jng:Sejuani,lineup-87c3639b6d43b8da,0,1574.00000000,26.23333333,1,3,0,0.33333333,7284.00000000,5465.00000000,141,208.32274460,0.18857276,0.17530635,39,1.48665820,0.50000000,-694.00000000,42.00000000,-7.00000000,2,out_of_time,294.32239411,370.68212343,143.15548060,-0.60074298,2023-02-11
pg-2e80e72e7ac030a5,ESPORTSTMNT02_3163792,2023-02-26T00:14:14,2023-02-26,2023,Unknown,0,13.03,Red,oe:team:920c52a8d7dbd6f216f9e59b825abc8,Antares Esports,oe:team:9aa855d087642f20ad7e3a7ae5c8251,Spectacled Bears,oe:player:6f7cba7940b07a9bab657521a36fd21,WilBR,mid,Kassadin,oe:player:18eff78d8fbeb94244572cef0bb4536,Annie,mid:Kassadin,lineup-87c3639b6d43b8da,0,1574.00000000,26.23333333,1,5,0,0.20000000,8352.00000000,6620.00000000,202,252.35069886,0.21622181,0.21235645,25,0.95298602,0.50000000,-2320.00000000,-508.00000000,-11.00000000,2,out_of_time,497.72474977,628.16894091,233.32235749,-1.05165254,2023-02-11
pg-69944e13f97d0f39,ESPORTSTMNT02_3163792,2023-02-26T00:14:14,2023-02-26,2023,Unknown,0,13.03,Red,oe:team:920c52a8d7dbd6f216f9e59b825abc8,Antares Esports,oe:team:9aa855d087642f20ad7e3a7ae5c8251,Spectacled Bears,oe:player:e1c971f6e6c05a9a7ad90df76977ebd,Gauci,sup,Soraka,oe:player:30edf70db68aa84f05d3e72326807b0,Nautilus,sup:Soraka,lineup-87c3639b6d43b8da,0,1574.00000000,26.23333333,0,2,1,0.50000000,5260.00000000,2235.00000000,14,85.19695044,0.13617418,0.07169436,44,1.67725540,0.50000000,-312.00000000,637.00000000,-14.00000000,2,out_of_time,166.24777547,203.19335648,94.81044096,-0.85487236,2023-02-11
pg-c4cba5f9103b38b5,ESPORTSTMNT02_3163792,2023-02-26T00:14:14,2023-02-26,2023,Unknown,0,13.03,Red,oe:team:920c52a8d7dbd6f216f9e59b825abc8,Antares Esports,oe:team:9aa855d087642f20ad7e3a7ae5c8251,Spectacled Bears,oe:player:4fa807dbb2b3e07b6eacded6065c8f9,Bingus,top,Renekton,oe:player:36b92108c1f71cd425ded7abc50b86b,Jax,top:Renekton,lineup-87c3639b6d43b8da,0,1574.00000000,26.23333333,0,3,1,0.33333333,8108.00000000,9302.00000000,197,354.58703939,0.20990499,0.29838968,20,0.76238882,0.50000000,196.00000000,603.00000000,9.00000000,2,out_of_time,457.53523238,545.27566476,194.86562335,-0.52830351,2023-02-11
pg-a949ce19c1f7af99,ESPORTSTMNT02_3164788,2023-02-26T01:10:27,2023-02-26,2023,Unknown,0,13.03,Blue,oe:team:9aa855d087642f20ad7e3a7ae5c8251,Spectacled Bears,oe:team:920c52a8d7dbd6f216f9e59b825abc8,Antares Esports,oe:player:4d17518b7fc605b3fa42992ec61dd9c,CaTzzz,bot,Draven,oe:player:ffac14a6607a6bd8d49177cf8f8be81,Zeri,bot:Draven,lineup-3b10fe8019e141d6,1,1702.00000000,28.36666667,4,1,5,9.00000000,14254.00000000,18432.00000000,244,649.77673325,0.24924374,0.30485263,19,0.66980024,0.69230769,399.00000000,-797.00000000,-11.00000000,2,out_of_time,503.98864546,609.28932002,297.16182141,0.49060168,2023-02-11
pg-966a255a3e8f2acc,ESPORTSTMNT02_3164788,2023-02-26T01:10:27,2023-02-26,2023,Unknown,0,13.03,Blue,oe:team:9aa855d087642f20ad7e3a7ae5c8251,Spectacled Bears,oe:team:920c52a8d7dbd6f216f9e59b825abc8,Antares Esports,oe:player:224734629348b393f3a6d6140e59956,1Curioso,jng,Lillia,oe:player:89faa52485aadb6d1181384f88d2001,Sejuani,jng:Lillia,lineup-3b10fe8019e141d6,1,1702.00000000,28.36666667,4,0,5,9.00000000,11466.00000000,11416.00000000,172,402.44418331,0.20049310,0.18881281,37,1.30434783,0.69230769,1059.00000000,660.00000000,14.00000000,2,out_of_time,360.01169547,370.68212343,143.15548060,0.29640841,2023-02-11
pg-00847ff1b1c5e302,ESPORTSTMNT02_3164788,2023-02-26T01:10:27,2023-02-26,2023,Unknown,0,13.03,Blue,oe:team:9aa855d087642f20ad7e3a7ae5c8251,Spectacled Bears,oe:team:920c52a8d7dbd6f216f9e59b825abc8,Antares Esports,oe:player:18eff78d8fbeb94244572cef0bb4536,Alowhed,mid,Tristana,oe:player:6f7cba7940b07a9bab657521a36fd21,Akali,mid:Tristana,lineup-3b10fe8019e141d6,1,1702.00000000,28.36666667,0,0,4,4.00000000,12168.00000000,10339.00000000,297,364.47708578,0.21276819,0.17099997,47,1.65687427,0.30769231,-304.00000000,-317.00000000,2.00000000,2,out_of_time,567.51939705,628.16894091,233.32235749,-0.87022227,2023-02-11
pg-56ae3803dc1d2aeb,ESPORTSTMNT02_3164788,2023-02-26T01:10:27,2023-02-26,2023,Unknown,0,13.03,Blue,oe:team:9aa855d087642f20ad7e3a7ae5c8251,Spectacled Bears,oe:team:920c52a8d7dbd6f216f9e59b825abc8,Antares Esports,oe:player:30edf70db68aa84f05d3e72326807b0,Bucket,sup,Annie,oe:player:e1c971f6e6c05a9a7ad90df76977ebd,Lulu,sup:Annie,lineup-3b10fe8019e141d6,1,1702.00000000,28.36666667,0,3,9,3.00000000,6863.00000000,5622.00000000,12,198.19036428,0.12000560,0.09298402,68,2.39717979,0.69230769,29.00000000,39.00000000,0.00000000,2,out_of_time,206.57233232,203.19335648,94.81044096,-0.08840765,2023-02-11
pg-26ce161e3dcdb9e0,ESPORTSTMNT02_3164788,2023-02-26T01:10:27,2023-02-26,2023,Unknown,0,13.03,Blue,oe:team:9aa855d087642f20ad7e3a7ae5c8251,Spectacled Bears,oe:team:920c52a8d7dbd6f216f9e59b825abc8,Antares Esports,oe:player:36b92108c1f71cd425ded7abc50b86b,Akunma,top,Camille,oe:player:4fa807dbb2b3e07b6eacded6065c8f9,Aatrox,top:Camille,lineup-3b10fe8019e141d6,1,1702.00000000,28.36666667,5,0,5,10.00000000,12438.00000000,14653.00000000,250,516.55699177,0.21748938,0.24235057,17,0.59929495,0.76923077,361.00000000,433.00000000,7.00000000,2,out_of_time,492.76336023,545.27566476,194.86562335,0.12210277,2023-02-11
pg-bfa65166621baedf,ESPORTSTMNT02_3164788,2023-02-26T01:10:27,2023-02-26,2023,Unknown,0,13.03,Red,oe:team:920c52a8d7dbd6f216f9e59b825abc8,Antares Esports,oe:team:9aa855d087642f20ad7e3a7ae5c8251,Spectacled Bears,oe:player:ffac14a6607a6bd8d49177cf8f8be81,Zeldris,bot,Zeri,oe:player:4d17518b7fc605b3fa42992ec61dd9c,Draven,bot:Zeri,lineup-87c3639b6d43b8da,0,1702.00000000,28.36666667,1,1,2,3.00000000,10765.00000000,12732.00000000,291,448.83666275,0.25598649,0.29043958,24,0.84606345,0.75000000,-399.00000000,797.00000000,11.00000000,2,out_of_time,449.56272115,609.28932002,297.16182141,-0.00244331,2023-02-11
pg-209f310b40951147,ESPORTSTMNT02_3164788,2023-02-26T01:10:27,2023-02-26,2023,Unknown,0,13.03,Red,oe:team:920c52a8d7dbd6f216f9e59b825abc8,Antares Esports,oe:team:9aa855d087642f20ad7e3a7ae5c8251,Spectacled Bears,oe:player:89faa52485aadb6d1181384f88d2001,Encounters,jng,Sejuani,oe:player:224734629348b393f3a6d6140e59956,Lillia,jng:Sejuani,lineup-87c3639b6d43b8da,0,1702.00000000,28.36666667,0,2,2,1.00000000,6889.00000000,5347.00000000,128,188.49588719,0.16381709,0.12197459,43,1.51586369,0.50000000,-1059.00000000,-660.00000000,-14.00000000,2,out_of_time,294.32239411,370.68212343,143.15548060,-0.73924174,2023-02-11
pg-8d29677f6afe25cb,ESPORTSTMNT02_3164788,2023-02-26T01:10:27,2023-02-26,2023,Unknown,0,13.03,Red,oe:team:920c52a8d7dbd6f216f9e59b825abc8,Antares Esports,oe:team:9aa855d087642f20ad7e3a7ae5c8251,Spectacled Bears,oe:player:6f7cba7940b07a9bab657521a36fd21,WilBR,mid,Akali,oe:player:18eff78d8fbeb94244572cef0bb4536,Tristana,mid:Akali,lineup-87c3639b6d43b8da,0,1702.00000000,28.36666667,3,2,1,2.00000000,10357.00000000,13470.00000000,250,474.85311398,0.24628445,0.30727468,22,0.77555817,1.00000000,304.00000000,317.00000000,-2.00000000,2,out_of_time,512.49826091,628.16894091,233.32235749,-0.16134393,2023-02-11
pg-1783347563d843f1,ESPORTSTMNT02_3164788,2023-02-26T01:10:27,2023-02-26,2023,Unknown,0,13.03,Red,oe:team:920c52a8d7dbd6f216f9e59b825abc8,Antares Esports,oe:team:9aa855d087642f20ad7e3a7ae5c8251,Spectacled Bears,oe:player:e1c971f6e6c05a9a7ad90df76977ebd,Gauci,sup,Lulu,oe:player:30edf70db68aa84f05d3e72326807b0,Annie,sup:Lulu,lineup-87c3639b6d43b8da,0,1702.00000000,28.36666667,0,2,4,2.00000000,5364.00000000,2206.00000000,15,77.76733255,0.12755333,0.05032279,73,2.57344301,1.00000000,-29.00000000,-39.00000000,0.00000000,2,out_of_time,136.93247356,203.19335648,94.81044096,-0.62403613,2023-02-11
pg-2fc1d3e5e3a5a997,ESPORTSTMNT02_3164788,2023-02-26T01:10:27,2023-02-26,2023,Unknown,0,13.03,Red,oe:team:920c52a8d7dbd6f216f9e59b825abc8,Antares Esports,oe:team:9aa855d087642f20ad7e3a7ae5c8251,Spectacled Bears,oe:player:4fa807dbb2b3e07b6eacded6065c8f9,Bingus,top,Aatrox,oe:player:36b92108c1f71cd425ded7abc50b86b,Camille,top:Aatrox,lineup-87c3639b6d43b8da,0,1702.00000000,28.36666667,0,6,0,0.00000000,8678.00000000,10082.00000000,215,355.41715629,0.20635864,0.22998837,28,0.98707403,0.00000000,-361.00000000,-433.00000000,-7.00000000,2,out_of_time,441.33001879,545.27566476,194.86562335,-0.44088260,2023-02-11
pg-8207afc6e9218c1d,ESPORTSTMNT03_3114160,2023-03-02T23:58:31,2023-03-02,2023,Unknown,0,13.04,Blue,oe:team:920c52a8d7dbd6f216f9e59b825abc8,Antares Esports,oe:team:2a7fc0772538d018f713520c5e90ee0,Red Eye Esports,oe:player:ffac14a6607a6bd8d49177cf8f8be81,Zeldris,bot,Xayah,oe:player:7a2798d7c31bb0cdb3401cd4e375f14,Varus,bot:Xayah,lineup-87c3639b6d43b8da,0,2197.00000000,36.61666667,2,5,8,2.00000000,16255.00000000,16440.00000000,364,448.97587619,0.25977243,0.22617836,46,1.25625853,0.76923077,-958.00000000,-217.00000000,9.00000000,2,out_of_time,525.74351348,609.28932002,297.16182141,-0.25833614,2023-02-11
pg-1dea8875c0ffbdab,ESPORTSTMNT03_3114160,2023-03-02T23:58:31,2023-03-02,2023,Unknown,0,13.04,Blue,oe:team:920c52a8d7dbd6f216f9e59b825abc8,Antares Esports,oe:team:2a7fc0772538d018f713520c5e90ee0,Red Eye Esports,oe:player:89faa52485aadb6d1181384f88d2001,Encounters,jng,Graves,oe:player:cd99932955b983ba7428c0219f7eb82,Wukong,jng:Graves,lineup-87c3639b6d43b8da,0,2197.00000000,36.61666667,4,2,5,4.50000000,13578.00000000,13848.00000000,300,378.18843878,0.21699108,0.19051812,78,2.13017751,0.69230769,-695.00000000,414.00000000,24.00000000,2,out_of_time,331.48814661,370.68212343,143.15548060,0.32622078,2023-02-11
pg-f180c74f4c00e5e0,ESPORTSTMNT03_3114160,2023-03-02T23:58:31,2023-03-02,2023,Unknown,0,13.04,Blue,oe:team:920c52a8d7dbd6f216f9e59b825abc8,Antares Esports,oe:team:2a7fc0772538d018f713520c5e90ee0,Red Eye Esports,oe:player:6f7cba7940b07a9bab657521a36fd21,WilBR,mid,Orianna,oe:player:fda70732b859899fa7572b8ebb41196,Akali,mid:Orianna,lineup-87c3639b6d43b8da,0,2197.00000000,36.61666667,4,1,6,10.00000000,13751.00000000,25751.00000000,286,703.25898953,0.21975581,0.35427730,38,1.03777879,0.76923077,-406.00000000,653.00000000,6.00000000,2,out_of_time,567.43491179,628.16894091,233.32235749,0.58213057,2023-02-11
pg-2429bb248622a428,ESPORTSTMNT03_3114160,2023-03-02T23:58:31,2023-03-02,2023,Unknown,0,13.04,Blue,oe:team:920c52a8d7dbd6f216f9e59b825abc8,Antares Esports,oe:team:2a7fc0772538d018f713520c5e90ee0,Red Eye Esports,oe:player:e1c971f6e6c05a9a7ad90df76977ebd,Gauci,sup,Nautilus,oe:player:9c8834ac0a7a7aaa66010ded94db1db,Rakan,sup:Nautilus,lineup-87c3639b6d43b8da,0,2197.00000000,36.61666667,1,5,8,1.80000000,7419.00000000,4138.00000000,35,113.00864816,0.11856362,0.05692981,87,2.37596723,0.69230769,-367.00000000,110.00000000,3.00000000,2,out_of_time,211.45293658,203.19335648,94.81044096,-1.03832750,2023-02-11
pg-d875f1c21e9a800d,ESPORTSTMNT03_3114160,2023-03-02T23:58:31,2023-03-02,2023,Unknown,0,13.04,Blue,oe:team:920c52a8d7dbd6f216f9e59b825abc8,Antares Esports,oe:team:2a7fc0772538d018f713520c5e90ee0,Red Eye Esports,oe:player:4fa807dbb2b3e07b6eacded6065c8f9,Bingus,top,Cho'Gath,oe:player:b9dfa3efb116230e2a05ff9f568e763,Fiora,top:Cho'Gath,lineup-87c3639b6d43b8da,0,2197.00000000,36.61666667,2,4,1,0.75000000,11571.00000000,12509.00000000,249,341.62039144,0.18491706,0.17209641,26,0.71005917,0.23076923,-1309.00000000,-822.00000000,-32.00000000,2,out_of_time,484.02316183,545.27566476,194.86562335,-0.73077420,2023-02-11
pg-e9bf6f4183deef3c,ESPORTSTMNT03_3114160,2023-03-02T23:58:31,2023-03-02,2023,Unknown,0,13.04,Red,oe:team:2a7fc0772538d018f713520c5e90ee0,Red Eye Esports,oe:team:920c52a8d7dbd6f216f9e59b825abc8,Antares Esports,oe:player:7a2798d7c31bb0cdb3401cd4e375f14,ZombieHog,bot,Varus,oe:player:ffac14a6607a6bd8d49177cf8f8be81,Xayah,bot:Varus,lineup-d54c83941826a97f,1,2197.00000000,36.61666667,3,2,9,6.00000000,15222.00000000,16398.00000000,290,447.82885753,0.21635066,0.21743397,39,1.06508876,0.70588235,958.00000000,217.00000000,-9.00000000,2,out_of_time,504.49507282,609.28932002,297.16182141,-0.19069144,2023-02-11
pg-1f5e93724ae59074,ESPORTSTMNT03_3114160,2023-03-02T23:58:31,2023-03-02,2023,Unknown,0,13.04,Red,oe:team:2a7fc0772538d018f713520c5e90ee0,Red Eye Esports,oe:team:920c52a8d7dbd6f216f9e59b825abc8,Antares Esports,oe:player:cd99932955b983ba7428c0219f7eb82,Ruyi,jng,Wukong,oe:player:89faa52485aadb6d1181384f88d2001,Graves,jng:Wukong,lineup-d54c83941826a97f,1,2197.00000000,36.61666667,3,1,4,7.00000000,13032.00000000,8920.00000000,205,243.60491579,0.18522414,0.11827729,46,1.25625853,0.41176471,695.00000000,-414.00000000,-24.00000000,2,out_of_time,327.92460391,370.68212343,143.15548060,-0.58900775,2023-02-11
pg-32313bec35fe2042,ESPORTSTMNT03_3114160,2023-03-02T23:58:31,2023-03-02,2023,Unknown,0,13.04,Red,oe:team:2a7fc0772538d018f713520c5e90ee0,Red Eye Esports,oe:team:920c52a8d7dbd6f216f9e59b825abc8,Antares Esports,oe:player:fda70732b859899fa7572b8ebb41196,Saifer,mid,Akali,oe:player:6f7cba7940b07a9bab657521a36fd21,Orianna,mid:Akali,lineup-d54c83941826a97f,1,2197.00000000,36.61666667,5,1,3,8.00000000,14166.00000000,14939.00000000,288,407.98361402,0.20134171,0.19808794,43,1.17432863,0.47058824,406.00000000,-653.00000000,-6.00000000,2,out_of_time,538.14665924,628.16894091,233.32235749,-0.55786786,2023-02-11
pg-d5584891c8723b76,ESPORTSTMNT03_3114160,2023-03-02T23:58:31,2023-03-02,2023,Unknown,0,13.04,Red,oe:team:2a7fc0772538d018f713520c5e90ee0,Red Eye Esports,oe:team:920c52a8d7dbd6f216f9e59b825abc8,Antares Esports,oe:player:9c8834ac0a7a7aaa66010ded94db1db,Cassius,sup,Rakan,oe:player:e1c971f6e6c05a9a7ad90df76977ebd,Nautilus,sup:Rakan,lineup-d54c83941826a97f,1,2197.00000000,36.61666667,0,7,11,1.57142857,9568.00000000,4552.00000000,58,124.31497497,0.13599022,0.06035854,121,3.30450614,0.64705882,367.00000000,-110.00000000,-3.00000000,2,out_of_time,177.34113405,203.19335648,94.81044096,-0.55928607,2023-02-11
pg-59e00aa46a989d49,ESPORTSTMNT03_3114160,2023-03-02T23:58:31,2023-03-02,2023,Unknown,0,13.04,Red,oe:team:2a7fc0772538d018f713520c5e90ee0,Red Eye Esports,oe:team:920c52a8d7dbd6f216f9e59b825abc8,Antares Esports,oe:player:b9dfa3efb116230e2a05ff9f568e763,Dertako,top,Fiora,oe:player:4fa807dbb2b3e07b6eacded6065c8f9,Cho'Gath,top:Fiora,lineup-d54c83941826a97f,1,2197.00000000,36.61666667,6,2,1,3.50000000,18370.00000000,30607.00000000,355,835.87619481,0.26109327,0.40584226,44,1.20163860,0.41176471,1309.00000000,822.00000000,32.00000000,2,out_of_time,465.89162352,545.27566476,194.86562335,1.89866517,2023-02-11
pg-8628c2fc4fe27b33,ESPORTSTMNT03_3115179,2023-03-03T01:08:20,2023-03-03,2023,Unknown,0,13.04,Blue,oe:team:920c52a8d7dbd6f216f9e59b825abc8,Antares Esports,oe:team:2a7fc0772538d018f713520c5e90ee0,Red Eye Esports,oe:player:ffac14a6607a6bd8d49177cf8f8be81,Zeldris,bot,Ezreal,oe:player:7a2798d7c31bb0cdb3401cd4e375f14,Kai'Sa,bot:Ezreal,lineup-87c3639b6d43b8da,0,1723.00000000,28.71666667,0,2,2,1.00000000,9645.00000000,8753.00000000,267,304.80557168,0.23924691,0.27135195,27,0.94022055,0.50000000,-369.00000000,-681.00000000,-10.00000000,3,out_of_time,572.80244140,599.04179159,268.99819291,-0.99627758,2023-03-02
pg-e7168ec3f835085e,ESPORTSTMNT03_3115179,2023-03-03T01:08:20,2023-03-03,2023,Unknown,0,13.04,Blue,oe:team:920c52a8d7dbd6f216f9e59b825abc8,Antares Esports,oe:team:2a7fc0772538d018f713520c5e90ee0,Red Eye Esports,oe:player:89faa52485aadb6d1181384f88d2001,Encounters,jng,Graves,oe:player:cd99932955b983ba7428c0219f7eb82,Vi,jng:Graves,lineup-87c3639b6d43b8da,0,1723.00000000,28.71666667,1,3,2,1.00000000,8079.00000000,8605.00000000,166,299.65177017,0.20040185,0.26676380,45,1.56703424,0.75000000,0.00000000,-314.00000000,1.00000000,3,out_of_time,340.62057913,372.57279030,150.89603166,-0.27150355,2023-03-02
pg-fd7c3a7fa0b5e7b7,ESPORTSTMNT03_3115179,2023-03-03T01:08:20,2023-03-03,2023,Unknown,0,13.04,Blue,oe:team:920c52a8d7dbd6f216f9e59b825abc8,Antares Esports,oe:team:2a7fc0772538d018f713520c5e90ee0,Red Eye Esports,oe:player:6f7cba7940b07a9bab657521a36fd21,WilBR,mid,Syndra,oe:player:fda70732b859899fa7572b8ebb41196,Viktor,mid:Syndra,lineup-87c3639b6d43b8da,0,1723.00000000,28.71666667,1,3,2,1.00000000,9010.00000000,5949.00000000,227,207.16192687,0.22349556,0.18442509,35,1.21880441,0.75000000,-10.00000000,-268.00000000,-7.00000000,3,out_of_time,518.86051373,622.14389517,229.61638238,-1.35747538,2023-03-02
pg-3c4cda30ba938867,ESPORTSTMNT03_3115179,2023-03-03T01:08:20,2023-03-03,2023,Unknown,0,13.04,Blue,oe:team:920c52a8d7dbd6f216f9e59b825abc8,Antares Esports,oe:team:2a7fc0772538d018f713520c5e90ee0,Red Eye Esports,oe:player:e1c971f6e6c05a9a7ad90df76977ebd,Gauci,sup,Renata Glasc,oe:player:9c8834ac0a7a7aaa66010ded94db1db,Thresh,sup:Renata Glasc,lineup-87c3639b6d43b8da,0,1723.00000000,28.71666667,0,3,3,1.00000000,5386.00000000,3678.00000000,11,128.07893210,0.13360123,0.11402176,51,1.77597214,0.75000000,-207.00000000,379.00000000,-13.00000000,3,out_of_time,178.62312093,208.20618358,99.13835526,-0.50983485,2023-03-02
pg-2b1256164d6cf0f2,ESPORTSTMNT03_3115179,2023-03-03T01:08:20,2023-03-03,2023,Unknown,0,13.04,Blue,oe:team:920c52a8d7dbd6f216f9e59b825abc8,Antares Esports,oe:team:2a7fc0772538d018f713520c5e90ee0,Red Eye Esports,oe:player:4fa807dbb2b3e07b6eacded6065c8f9,Bingus,top,Jax,oe:player:b9dfa3efb116230e2a05ff9f568e763,Riven,top:Jax,lineup-87c3639b6d43b8da,0,1723.00000000,28.71666667,2,6,1,0.50000000,8194.00000000,5272.00000000,149,183.58676727,0.20325445,0.16343739,21,0.73128265,0.75000000,-1753.00000000,-1808.00000000,-68.00000000,3,out_of_time,449.84140057,543.11116614,204.59916369,-1.30134761,2023-03-02
pg-0338f2e7139e331a,ESPORTSTMNT03_3115179,2023-03-03T01:08:20,2023-03-03,2023,Unknown,0,13.04,Red,oe:team:2a7fc0772538d018f713520c5e90ee0,Red Eye Esports,oe:team:920c52a8d7dbd6f216f9e59b825abc8,Antares Esports,oe:player:7a2798d7c31bb0cdb3401cd4e375f14,ZombieHog,bot,Kai'Sa,oe:player:ffac14a6607a6bd8d49177cf8f8be81,Ezreal,bot:Kai'Sa,lineup-d54c83941826a97f,1,1723.00000000,28.71666667,3,0,7,10.00000000,12441.00000000,11250.00000000,259,391.75856065,0.22176866,0.20778693,20,0.69645966,0.58823529,369.00000000,681.00000000,10.00000000,3,out_of_time,546.84788746,599.04179159,268.99819291,-0.57654412,2023-03-02
pg-de0ed3243370bb3a,ESPORTSTMNT03_3115179,2023-03-03T01:08:20,2023-03-03,2023,Unknown,0,13.04,Red,oe:team:2a7fc0772538d018f713520c5e90ee0,Red Eye Esports,oe:team:920c52a8d7dbd6f216f9e59b825abc8,Antares Esports,oe:player:cd99932955b983ba7428c0219f7eb82,Ruyi,jng,Vi,oe:player:89faa52485aadb6d1181384f88d2001,Graves,jng:Vi,lineup-d54c83941826a97f,1,1723.00000000,28.71666667,3,1,9,12.00000000,10152.00000000,6820.00000000,156,237.49274521,0.18096579,0.12596505,46,1.60185723,0.70588235,0.00000000,314.00000000,-1.00000000,3,out_of_time,288.27959817,372.57279030,150.89603166,-0.33656851,2023-03-02
pg-657c38080970577f,ESPORTSTMNT03_3115179,2023-03-03T01:08:20,2023-03-03,2023,Unknown,0,13.04,Red,oe:team:2a7fc0772538d018f713520c5e90ee0,Red Eye Esports,oe:team:920c52a8d7dbd6f216f9e59b825abc8,Antares Esports,oe:player:fda70732b859899fa7572b8ebb41196,Saifer,mid,Viktor,oe:player:6f7cba7940b07a9bab657521a36fd21,Syndra,mid:Viktor,lineup-d54c83941826a97f,1,1723.00000000,28.71666667,7,0,4,11.00000000,13156.00000000,22270.00000000,275,775.50783517,0.23451398,0.41132577,29,1.00986651,0.64705882,10.00000000,268.00000000,7.00000000,3,out_of_time,538.49218565,622.14389517,229.61638238,1.03222447,2023-03-02
pg-0d8b41c15a6ad2bf,ESPORTSTMNT03_3115179,2023-03-03T01:08:20,2023-03-03,2023,Unknown,0,13.04,Red,oe:team:2a7fc0772538d018f713520c5e90ee0,Red Eye Esports,oe:team:920c52a8d7dbd6f216f9e59b825abc8,Antares Esports,oe:player:9c8834ac0a7a7aaa66010ded94db1db,Cassius,sup,Thresh,oe:player:e1c971f6e6c05a9a7ad90df76977ebd,Renata Glasc,sup:Thresh,lineup-d54c83941826a97f,1,1723.00000000,28.71666667,0,2,11,5.50000000,7180.00000000,4781.00000000,37,166.48868253,0.12798802,0.08830483,72,2.50725479,0.64705882,207.00000000,-379.00000000,13.00000000,3,out_of_time,190.33515527,208.20618358,99.13835526,-0.24053730,2023-03-02
pg-e681e48226026b7f,ESPORTSTMNT03_3115179,2023-03-03T01:08:20,2023-03-03,2023,Unknown,0,13.04,Red,oe:team:2a7fc0772538d018f713520c5e90ee0,Red Eye Esports,oe:team:920c52a8d7dbd6f216f9e59b825abc8,Antares Esports,oe:player:b9dfa3efb116230e2a05ff9f568e763,Dertako,top,Riven,oe:player:4fa807dbb2b3e07b6eacded6065c8f9,Jax,top:Riven,lineup-d54c83941826a97f,1,1723.00000000,28.71666667,4,1,4,8.00000000,13170.00000000,9021.00000000,275,314.13813117,0.23476354,0.16661741,28,0.97504353,0.47058824,1753.00000000,1808.00000000,68.00000000,3,out_of_time,507.75337719,543.11116614,204.59916369,-0.94631494,2023-03-02
pg-ae461096e49e2995,ESPORTSTMNT03_3114202,2023-03-03T02:11:29,2023-03-03,2023,Unknown,0,13.04,Blue,oe:team:ca619ab78f35d18f498c11f812542e0,Cremas Esports,oe:team:dcf87563dff3f23d3985a5bac289345,Vipers,oe:player:c59f2a6c6e7227a313b6d215f5fb153,Snoopy,bot,Xayah,oe:player:213f7b5efbc9490107dbfc9114ca7ef,Lucian,bot:Xayah,lineup-b88a21ef26d06cee,1,2070.00000000,34.50000000,7,1,6,13.00000000,16804.00000000,27238.00000000,362,789.50724638,0.25878983,0.33000557,58,1.68115942,0.68421053,1389.00000000,954.00000000,7.00000000,3,out_of_time,626.81683875,599.04179159,268.99819291,0.60480112,2023-03-02
pg-7062079b9422d8af,ESPORTSTMNT03_3114202,2023-03-03T02:11:29,2023-03-03,2023,Unknown,0,13.04,Blue,oe:team:ca619ab78f35d18f498c11f812542e0,Cremas Esports,oe:team:dcf87563dff3f23d3985a5bac289345,Vipers,oe:player:fac747e9c68a89da88dad294bf5ed51,Annataqui,jng,Sejuani,oe:player:5deafe4ab31c8c1b22b5ec6e971c582,Wukong,jng:Sejuani,lineup-b88a21ef26d06cee,1,2070.00000000,34.50000000,2,0,11,13.00000000,11367.00000000,8947.00000000,153,259.33333333,0.17505737,0.10839856,40,1.15942029,0.68421053,254.00000000,-489.00000000,-6.00000000,3,out_of_time,420.77859502,372.57279030,150.89603166,-1.06991059,2023-03-02
pg-8ffc3879362a91df,ESPORTSTMNT03_3114202,2023-03-03T02:11:29,2023-03-03,2023,Unknown,0,13.04,Blue,oe:team:ca619ab78f35d18f498c11f812542e0,Cremas Esports,oe:team:dcf87563dff3f23d3985a5bac289345,Vipers,oe:player:b6fe055bfad88e328abe3fbbf21a33c,Overload,mid,Akali,oe:player:9c74ba91b4bace5829f217dfb62e330,Sylas,mid:Akali,lineup-b88a21ef26d06cee,1,2070.00000000,34.50000000,4,3,6,3.33333333,12634.00000000,23979.00000000,237,695.04347826,0.19456979,0.29052073,37,1.07246377,0.52631579,190.00000000,755.00000000,22.00000000,3,out_of_time,701.72650057,622.14389517,229.61638238,-0.02910516,2023-03-02
pg-0958973a053768db,ESPORTSTMNT03_3114202,2023-03-03T02:11:29,2023-03-03,2023,Unknown,0,13.04,Blue,oe:team:ca619ab78f35d18f498c11f812542e0,Cremas Esports,oe:team:dcf87563dff3f23d3985a5bac289345,Vipers,oe:player:2eb2a12f1608b0150cc7050b061bc83,khaN,sup,Rakan,oe:player:5a63f3e7e2b4282f07785cdc895d624,Nami,sup:Rakan,lineup-b88a21ef26d06cee,1,2070.00000000,34.50000000,0,2,15,7.50000000,8412.00000000,4690.00000000,31,135.94202899,0.12954892,0.05682231,105,3.04347826,0.78947368,606.00000000,48.00000000,14.00000000,3,out_of_time,288.66840666,208.20618358,99.13835526,-1.54053774,2023-03-02
pg-48da63c39bf1e4c1,ESPORTSTMNT03_3114202,2023-03-03T02:11:29,2023-03-03,2023,Unknown,0,13.04,Blue,oe:team:ca619ab78f35d18f498c11f812542e0,Cremas Esports,oe:team:dcf87563dff3f23d3985a5bac289345,Vipers,oe:player:a9e2d00e60f059e223d82301a50182c,Abaddon,top,Gnar,oe:player:5b4335a3832ac5a3bb3d24f8bb8687c,Jayce,top:Gnar,lineup-b88a21ef26d06cee,1,2070.00000000,34.50000000,6,0,3,9.00000000,15716.00000000,17684.00000000,267,512.57971014,0.24203410,0.21425283,35,1.01449275,0.47368421,828.00000000,558.00000000,-12.00000000,3,out_of_time,589.83493862,543.11116614,204.59916369,-0.37759308,2023-03-02
pg-553306f44aea9698,ESPORTSTMNT03_3114202,2023-03-03T02:11:29,2023-03-03,2023,Unknown,0,13.04,Red,oe:team:dcf87563dff3f23d3985a5bac289345,Vipers,oe:team:ca619ab78f35d18f498c11f812542e0,Cremas Esports,oe:player:213f7b5efbc9490107dbfc9114ca7ef,S34NDR0M3,bot,Lucian,oe:player:c59f2a6c6e7227a313b6d215f5fb153,Xayah,bot:Lucian,lineup-8709c409542254da,0,2070.00000000,34.50000000,1,6,4,0.83333333,12276.00000000,19906.00000000,291,576.98550725,0.23653179,0.26331036,30,0.86956522,0.83333333,-1389.00000000,-954.00000000,-7.00000000,3,out_of_time,642.35417203,599.04179159,268.99819291,-0.24300782,2023-03-02
pg-ee88fe530bb9491d,ESPORTSTMNT03_3114202,2023-03-03T02:11:29,2023-03-03,2023,Unknown,0,13.04,Red,oe:team:dcf87563dff3f23d3985a5bac289345,Vipers,oe:team:ca619ab78f35d18f498c11f812542e0,Cremas Esports,oe:player:5deafe4ab31c8c1b22b5ec6e971c582,Nainess,jng,Wukong,oe:player:fac747e9c68a89da88dad294bf5ed51,Sejuani,jng:Wukong,lineup-8709c409542254da,0,2070.00000000,34.50000000,2,3,2,1.33333333,10779.00000000,11259.00000000,206,326.34782609,0.20768786,0.14893054,61,1.76811594,0.66666667,-254.00000000,489.00000000,6.00000000,3,out_of_time,447.73534536,372.57279030,150.89603166,-0.80444474,2023-03-02
pg-ac19ed22aeaab9a2,ESPORTSTMNT03_3114202,2023-03-03T02:11:29,2023-03-03,2023,Unknown,0,13.04,Red,oe:team:dcf87563dff3f23d3985a5bac289345,Vipers,oe:team:ca619ab78f35d18f498c11f812542e0,Cremas Esports,oe:player:9c74ba91b4bace5829f217dfb62e330,Kurckoo,mid,Sylas,oe:player:b6fe055bfad88e328abe3fbbf21a33c,Akali,mid:Sylas,lineup-8709c409542254da,0,2070.00000000,34.50000000,1,6,1,0.33333333,10054.00000000,16144.00000000,204,467.94202899,0.19371869,0.21354780,31,0.89855072,0.33333333,-190.00000000,-755.00000000,-22.00000000,3,out_of_time,617.73259688,622.14389517,229.61638238,-0.65235140,2023-03-02
pg-e0172efbb7d2ea11,ESPORTSTMNT03_3114202,2023-03-03T02:11:29,2023-03-03,2023,Unknown,0,13.04,Red,oe:team:dcf87563dff3f23d3985a5bac289345,Vipers,oe:team:ca619ab78f35d18f498c11f812542e0,Cremas Esports,oe:player:5a63f3e7e2b4282f07785cdc895d624,Shiku,sup,Nami,oe:player:2eb2a12f1608b0150cc7050b061bc83,Rakan,sup:Nami,lineup-8709c409542254da,0,2070.00000000,34.50000000,1,0,3,4.00000000,6756.00000000,7077.00000000,18,205.13043478,0.13017341,0.09361235,79,2.28985507,0.66666667,-606.00000000,-48.00000000,-14.00000000,3,out_of_time,297.33591651,208.20618358,99.13835526,-0.93006871,2023-03-02
pg-910d98656f8c0a77,ESPORTSTMNT03_3114202,2023-03-03T02:11:29,2023-03-03,2023,Unknown,0,13.04,Red,oe:team:dcf87563dff3f23d3985a5bac289345,Vipers,oe:team:ca619ab78f35d18f498c11f812542e0,Cremas Esports,oe:player:5b4335a3832ac5a3bb3d24f8bb8687c,ByFalco,top,Jayce,oe:player:a9e2d00e60f059e223d82301a50182c,Gnar,top:Jayce,lineup-8709c409542254da,0,2070.00000000,34.50000000,1,4,3,1.00000000,12035.00000000,21213.00000000,304,614.86956522,0.23188825,0.28059895,51,1.47826087,0.66666667,-828.00000000,-558.00000000,12.00000000,3,out_of_time,615.73378826,543.11116614,204.59916369,-0.00422398,2023-03-02
pg-343bc2c9cae136de,ESPORTSTMNT03_3115193,2023-03-03T03:34:19,2023-03-03,2023,Unknown,0,13.04,Blue,oe:team:dcf87563dff3f23d3985a5bac289345,Vipers,oe:team:ca619ab78f35d18f498c11f812542e0,Cremas Esports,oe:player:213f7b5efbc9490107dbfc9114ca7ef,S34NDR0M3,bot,Seraphine,oe:player:c59f2a6c6e7227a313b6d215f5fb153,Xayah,bot:Seraphine,lineup-8709c409542254da,1,1413.00000000,23.55000000,0,2,13,6.50000000,8512.00000000,7717.00000000,182,327.68577495,0.19463118,0.14340668,23,0.97664544,0.81250000,-1343.00000000,-741.00000000,-29.00000000,3,out_of_time,598.70188395,599.04179159,268.99819291,-1.00750160,2023-03-02
pg-f2cb3a4f3d3b2566,ESPORTSTMNT03_3115193,2023-03-03T03:34:19,2023-03-03,2023,Unknown,0,13.04,Blue,oe:team:dcf87563dff3f23d3985a5bac289345,Vipers,oe:team:ca619ab78f35d18f498c11f812542e0,Cremas Esports,oe:player:5deafe4ab31c8c1b22b5ec6e971c582,Nainess,jng,Viego,oe:player:fac747e9c68a89da88dad294bf5ed51,Lillia,jng:Viego,lineup-8709c409542254da,1,1413.00000000,23.55000000,6,2,7,6.50000000,9794.00000000,12691.00000000,144,538.89596603,0.22394476,0.23583959,28,1.18895966,0.81250000,103.00000000,-335.00000000,11.00000000,3,out_of_time,413.90494368,372.57279030,150.89603166,0.82832544,2023-03-02
pg-93c5f67b7bd79995,ESPORTSTMNT03_3115193,2023-03-03T03:34:19,2023-03-03,2023,Unknown,0,13.04,Blue,oe:team:dcf87563dff3f23d3985a5bac289345,Vipers,oe:team:ca619ab78f35d18f498c11f812542e0,Cremas Esports,oe:player:9c74ba91b4bace5829f217dfb62e330,Kurckoo,mid,Gragas,oe:player:b6fe055bfad88e328abe3fbbf21a33c,Kassadin,mid:Gragas,lineup-8709c409542254da,1,1413.00000000,23.55000000,3,2,8,5.50000000,8541.00000000,13785.00000000,171,585.35031847,0.19529428,0.25616963,29,1.23142251,0.68750000,-277.00000000,-814.00000000,0.00000000,3,out_of_time,655.56645640,622.14389517,229.61638238,-0.30579760,2023-03-02
pg-25119574d845b17d,ESPORTSTMNT03_3115193,2023-03-03T03:34:19,2023-03-03,2023,Unknown,0,13.04,Blue,oe:team:dcf87563dff3f23d3985a5bac289345,Vipers,oe:team:ca619ab78f35d18f498c11f812542e0,Cremas Esports,oe:player:5a63f3e7e2b4282f07785cdc895d624,Shiku,sup,Leona,oe:player:2eb2a12f1608b0150cc7050b061bc83,Braum,sup:Leona,lineup-8709c409542254da,1,1413.00000000,23.55000000,0,1,10,10.00000000,5754.00000000,3181.00000000,39,135.07430998,0.13156812,0.05911321,65,2.76008493,0.62500000,-247.00000000,-700.00000000,1.00000000,3,out_of_time,310.29476029,208.20618358,99.13835526,-1.76743350,2023-03-02
pg-afd5d82e9625c2e4,ESPORTSTMNT03_3115193,2023-03-03T03:34:19,2023-03-03,2023,Unknown,0,13.04,Blue,oe:team:dcf87563dff3f23d3985a5bac289345,Vipers,oe:team:ca619ab78f35d18f498c11f812542e0,Cremas Esports,oe:player:5b4335a3832ac5a3bb3d24f8bb8687c,ByFalco,top,Olaf,oe:player:a9e2d00e60f059e223d82301a50182c,Renekton,top:Olaf,lineup-8709c409542254da,1,1413.00000000,23.55000000,7,0,3,10.00000000,11133.00000000,16438.00000000,206,698.00424628,0.25456167,0.30547090,12,0.50955414,0.62500000,-399.00000000,46.00000000,17.00000000,3,out_of_time,594.75983859,543.11116614,204.59916369,0.50461794,2023-03-02
pg-ce7656a3080a248b,ESPORTSTMNT03_3115193,2023-03-03T03:34:19,2023-03-03,2023,Unknown,0,13.04,Red,oe:team:ca619ab78f35d18f498c11f812542e0,Cremas Esports,oe:team:dcf87563dff3f23d3985a5bac289345,Vipers,oe:player:c59f2a6c6e7227a313b6d215f5fb153,Snoopy,bot,Xayah,oe:player:213f7b5efbc9490107dbfc9114ca7ef,Seraphine,bot:Xayah,lineup-b88a21ef26d06cee,0,1413.00000000,23.55000000,1,2,5,3.00000000,8480.00000000,12743.00000000,211,541.10403397,0.23750840,0.30102523,31,1.31634820,0.85714286,1343.00000000,741.00000000,29.00000000,3,out_of_time,623.74463616,599.04179159,268.99819291,-0.30721620,2023-03-02
pg-44692075b4e0b443,ESPORTSTMNT03_3115193,2023-03-03T03:34:19,2023-03-03,2023,Unknown,0,13.04,Red,oe:team:ca619ab78f35d18f498c11f812542e0,Cremas Esports,oe:team:dcf87563dff3f23d3985a5bac289345,Vipers,oe:player:fac747e9c68a89da88dad294bf5ed51,Annataqui,jng,Lillia,oe:player:5deafe4ab31c8c1b22b5ec6e971c582,Viego,jng:Lillia,lineup-b88a21ef26d06cee,0,1413.00000000,23.55000000,1,5,5,1.20000000,6610.00000000,6499.00000000,122,275.96602972,0.18513332,0.15352452,21,0.89171975,0.85714286,-103.00000000,335.00000000,-11.00000000,3,out_of_time,484.04125271,372.57279030,150.89603166,-1.37893105,2023-03-02
pg-76ccbd0341857ac7,ESPORTSTMNT03_3115193,2023-03-03T03:34:19,2023-03-03,2023,Unknown,0,13.04,Red,oe:team:ca619ab78f35d18f498c11f812542e0,Cremas Esports,oe:team:dcf87563dff3f23d3985a5bac289345,Vipers,oe:player:b6fe055bfad88e328abe3fbbf21a33c,Overload,mid,Kassadin,oe:player:9c74ba91b4bace5829f217dfb62e330,Gragas,mid:Kassadin,lineup-b88a21ef26d06cee,0,1413.00000000,23.55000000,3,3,3,2.00000000,8110.00000000,12382.00000000,178,525.77494692,0.22714542,0.29249740,17,0.72186837,0.85714286,277.00000000,814.00000000,0.00000000,3,out_of_time,660.35287048,622.14389517,229.61638238,-0.58609896,2023-03-02
pg-83964a34f1d6b25d,ESPORTSTMNT03_3115193,2023-03-03T03:34:19,2023-03-03,2023,Unknown,0,13.04,Red,oe:team:ca619ab78f35d18f498c11f812542e0,Cremas Esports,oe:team:dcf87563dff3f23d3985a5bac289345,Vipers,oe:player:2eb2a12f1608b0150cc7050b061bc83,khaN,sup,Braum,oe:player:5a63f3e7e2b4282f07785cdc895d624,Leona,sup:Braum,lineup-b88a21ef26d06cee,0,1413.00000000,23.55000000,0,3,6,2.00000000,4959.00000000,3855.00000000,32,163.69426752,0.13889200,0.09106586,44,1.86836518,0.85714286,247.00000000,700.00000000,-1.00000000,3,out_of_time,301.30326609,208.20618358,99.13835526,-1.38805005,2023-03-02
pg-1b509924d91f093d,ESPORTSTMNT03_3115193,2023-03-03T03:34:19,2023-03-03,2023,Unknown,0,13.04,Red,oe:team:ca619ab78f35d18f498c11f812542e0,Cremas Esports,oe:team:dcf87563dff3f23d3985a5bac289345,Vipers,oe:player:a9e2d00e60f059e223d82301a50182c,Abaddon,top,Renekton,oe:player:5b4335a3832ac5a3bb3d24f8bb8687c,Olaf,top:Renekton,lineup-b88a21ef26d06cee,0,1413.00000000,23.55000000,2,3,1,1.00000000,7545.00000000,6853.00000000,167,290.99787686,0.21132086,0.16188699,21,0.89171975,0.42857143,399.00000000,-46.00000000,-17.00000000,3,out_of_time,580.76308229,543.11116614,204.59916369,-1.41625802,2023-03-02
pg-a50e340fa5405bf6,ESPORTSTMNT03_3118005,2023-03-04T21:58:03,2023-03-04,2023,Unknown,0,13.04,Blue,oe:team:e40cdcb20302c0240d2084c909668aa,Diamond Doves,oe:team:df70cf5eb04453059ae5a4e4e30a392,Mad Kings,oe:player:a9159216ea197997ac9c7fd4b85a4d3,Kasamura,bot,Varus,oe:player:445ba3ad8e65abac8ad443618717337,Xayah,bot:Varus,lineup-6c6cbbb26964e84f,0,2193.00000000,36.55000000,3,3,3,2.00000000,12937.00000000,21086.00000000,287,576.90834473,0.22077922,0.24756962,30,0.82079343,0.40000000,-1139.00000000,-375.00000000,-25.00000000,3,out_of_time,589.97828637,599.04179159,268.99819291,-0.04858747,2023-03-02
pg-0356c3728ab9269d,ESPORTSTMNT03_3118005,2023-03-04T21:58:03,2023-03-04,2023,Unknown,0,13.04,Blue,oe:team:e40cdcb20302c0240d2084c909668aa,Diamond Doves,oe:team:df70cf5eb04453059ae5a4e4e30a392,Mad Kings,oe:player:1fcb99a1ab06e1e36635365ed3e59ce,Kalium,jng,Sejuani,oe:player:914517b9be0b39cd64e61a8f3284995,Gragas,jng:Sejuani,lineup-6c6cbbb26964e84f,0,2193.00000000,36.55000000,4,2,10,7.00000000,11503.00000000,14988.00000000,184,410.06839945,0.19630698,0.17597332,47,1.28590971,0.93333333,1377.00000000,1086.00000000,20.00000000,3,out_of_time,383.86504965,372.57279030,150.89603166,0.17365168,2023-03-02
pg-54bace50d91aa312,ESPORTSTMNT03_3118005,2023-03-04T21:58:03,2023-03-04,2023,Unknown,0,13.04,Blue,oe:team:e40cdcb20302c0240d2084c909668aa,Diamond Doves,oe:team:df70cf5eb04453059ae5a4e4e30a392,Mad Kings,oe:player:b14f11e18a9089420d5cd22bf07b917,Toady,mid,Zoe,oe:player:24a97b1b1e5d51b77443b684844af57,Irelia,mid:Zoe,lineup-6c6cbbb26964e84f,0,2193.00000000,36.55000000,4,5,4,1.60000000,12565.00000000,27607.00000000,256,755.32147743,0.21443077,0.32413234,45,1.23119015,0.53333333,-200.00000000,84.00000000,-11.00000000,3,out_of_time,612.76303237,622.14389517,229.61638238,0.62085485,2023-03-02
pg-3e81726d6fc6d297,ESPORTSTMNT03_3118005,2023-03-04T21:58:03,2023-03-04,2023,Unknown,0,13.04,Blue,oe:team:e40cdcb20302c0240d2084c909668aa,Diamond Doves,oe:team:df70cf5eb04453059ae5a4e4e30a392,Mad Kings,oe:player:b8b54fd7efb782dcb6b5ea010f3ecea,Kl,sup,Heimerdinger,oe:player:c62419314cffbc6e4f3a9b5304e3ddb,Thresh,sup:Heimerdinger,lineup-6c6cbbb26964e84f,0,2193.00000000,36.55000000,0,3,5,1.66666667,7815.00000000,8836.00000000,36,241.75102599,0.13336860,0.10374301,96,2.62653899,0.33333333,333.00000000,183.00000000,-3.00000000,3,out_of_time,281.74109289,208.20618358,99.13835526,-0.40337634,2023-03-02
pg-e48b691933e20d0c,ESPORTSTMNT03_3118005,2023-03-04T21:58:03,2023-03-04,2023,Unknown,0,13.04,Blue,oe:team:e40cdcb20302c0240d2084c909668aa,Diamond Doves,oe:team:df70cf5eb04453059ae5a4e4e30a392,Mad Kings,oe:player:7c986af4cf8f6e55a1f846dc498ce91,Pet,top,Renekton,oe:player:7ec4aff3394361255ecfe13ca99b994,Jayce,top:Renekton,lineup-6c6cbbb26964e84f,0,2193.00000000,36.55000000,4,6,6,1.66666667,13777.00000000,12655.00000000,248,346.23803010,0.23511443,0.14858169,33,0.90287278,0.66666667,2308.00000000,852.00000000,13.00000000,3,out_of_time,536.01264905,543.11116614,204.59916369,-0.92754347,2023-03-02
pg-90d99615b3ff6f4e,ESPORTSTMNT03_3118005,2023-03-04T21:58:03,2023-03-04,2023,Unknown,0,13.04,Red,oe:team:df70cf5eb04453059ae5a4e4e30a392,Mad Kings,oe:team:e40cdcb20302c0240d2084c909668aa,Diamond Doves,oe:player:445ba3ad8e65abac8ad443618717337,Xamexx,bot,Xayah,oe:player:a9159216ea197997ac9c7fd4b85a4d3,Varus,bot:Xayah,lineup-62d4b7a1638810cb,1,2193.00000000,36.55000000,7,0,3,10.00000000,18807.00000000,27441.00000000,425,750.77975376,0.28261229,0.27529645,51,1.39534884,0.52631579,1139.00000000,375.00000000,25.00000000,3,out_of_time,640.86292320,599.04179159,268.99819291,0.40861550,2023-03-02
pg-c5acfe304894ed3d,ESPORTSTMNT03_3118005,2023-03-04T21:58:03,2023-03-04,2023,Unknown,0,13.04,Red,oe:team:df70cf5eb04453059ae5a4e4e30a392,Mad Kings,oe:team:e40cdcb20302c0240d2084c909668aa,Diamond Doves,oe:player:914517b9be0b39cd64e61a8f3284995,Yoyomax,jng,Gragas,oe:player:1fcb99a1ab06e1e36635365ed3e59ce,Sejuani,jng:Gragas,lineup-62d4b7a1638810cb,1,2193.00000000,36.55000000,0,5,11,2.20000000,10690.00000000,17330.00000000,145,474.14500684,0.16063835,0.17385983,53,1.45006840,0.57894737,-1377.00000000,-1086.00000000,-20.00000000,3,out_of_time,482.21643276,372.57279030,150.89603166,-0.05348998,2023-03-02
pg-67a7535fbc8858ef,ESPORTSTMNT03_3118005,2023-03-04T21:58:03,2023-03-04,2023,Unknown,0,13.04,Red,oe:team:df70cf5eb04453059ae5a4e4e30a392,Mad Kings,oe:team:e40cdcb20302c0240d2084c909668aa,Diamond Doves,oe:player:24a97b1b1e5d51b77443b684844af57,Alex Mercer,mid,Irelia,oe:player:b14f11e18a9089420d5cd22bf07b917,Zoe,mid:Irelia,lineup-62d4b7a1638810cb,1,2193.00000000,36.55000000,3,2,8,5.50000000,13649.00000000,20342.00000000,294,556.55266758,0.20510316,0.20407713,41,1.12175103,0.57894737,200.00000000,-84.00000000,11.00000000,3,out_of_time,677.67931917,622.14389517,229.61638238,-0.52751746,2023-03-02
pg-cc34ca854e481e92,ESPORTSTMNT03_3118005,2023-03-04T21:58:03,2023-03-04,2023,Unknown,0,13.04,Red,oe:team:df70cf5eb04453059ae5a4e4e30a392,Mad Kings,oe:team:e40cdcb20302c0240d2084c909668aa,Diamond Doves,oe:player:c62419314cffbc6e4f3a9b5304e3ddb,Melody,sup,Thresh,oe:player:b8b54fd7efb782dcb6b5ea010f3ecea,Heimerdinger,sup:Thresh,lineup-62d4b7a1638810cb,1,2193.00000000,36.55000000,2,3,12,4.66666667,9564.00000000,6020.00000000,35,164.70588235,0.14371797,0.06039447,94,2.57181943,0.73684211,-333.00000000,-183.00000000,3.00000000,3,out_of_time,326.29531845,208.20618358,99.13835526,-1.62993864,2023-03-02
pg-8df701b012f1201c,ESPORTSTMNT03_3118005,2023-03-04T21:58:03,2023-03-04,2023,Unknown,0,13.04,Red,oe:team:df70cf5eb04453059ae5a4e4e30a392,Mad Kings,oe:team:e40cdcb20302c0240d2084c909668aa,Diamond Doves,oe:player:7ec4aff3394361255ecfe13ca99b994,Siicked,top,Jayce,oe:player:7c986af4cf8f6e55a1f846dc498ce91,Renekton,top:Jayce,lineup-62d4b7a1638810cb,1,2193.00000000,36.55000000,7,5,7,2.80000000,13837.00000000,28545.00000000,225,780.98495212,0.20792823,0.28637212,63,1.72366621,0.73684211,-2308.00000000,-852.00000000,-13.00000000,3,out_of_time,662.38148905,543.11116614,204.59916369,0.57968694,2023-03-02
pg-02c5999a5444fccf,ESPORTSTMNT03_3118017,2023-03-04T22:58:15,2023-03-04,2023,Unknown,0,13.04,Blue,oe:team:df70cf5eb04453059ae5a4e4e30a392,Mad Kings,oe:team:e40cdcb20302c0240d2084c909668aa,Diamond Doves,oe:player:445ba3ad8e65abac8ad443618717337,Xamexx,bot,Varus,oe:player:a9159216ea197997ac9c7fd4b85a4d3,Miss Fortune,bot:Varus,lineup-62d4b7a1638810cb,0,1830.00000000,30.50000000,4,4,5,2.25000000,11834.00000000,23958.00000000,270,785.50819672,0.21766881,0.27581681,41,1.34426230,0.50000000,918.00000000,543.00000000,27.00000000,3,out_of_time,665.31459648,599.04179159,268.99819291,0.44681936,2023-03-02
pg-8c22bf797b7fef78,ESPORTSTMNT03_3118017,2023-03-04T22:58:15,2023-03-04,2023,Unknown,0,13.04,Blue,oe:team:df70cf5eb04453059ae5a4e4e30a392,Mad Kings,oe:team:e40cdcb20302c0240d2084c909668aa,Diamond Doves,oe:player:914517b9be0b39cd64e61a8f3284995,Yoyomax,jng,Vi,oe:player:1fcb99a1ab06e1e36635365ed3e59ce,Lee Sin,jng:Vi,lineup-62d4b7a1638810cb,0,1830.00000000,30.50000000,4,8,9,1.62500000,10420.00000000,11050.00000000,112,362.29508197,0.19166038,0.12721328,28,0.91803279,0.72222222,-540.00000000,-420.00000000,-5.00000000,3,out_of_time,406.73542414,372.57279030,150.89603166,-0.29450968,2023-03-02
pg-d4d660c091fedf71,ESPORTSTMNT03_3118017,2023-03-04T22:58:15,2023-03-04,2023,Unknown,0,13.04,Blue,oe:team:df70cf5eb04453059ae5a4e4e30a392,Mad Kings,oe:team:e40cdcb20302c0240d2084c909668aa,Diamond Doves,oe:player:24a97b1b1e5d51b77443b684844af57,Alex Mercer,mid,Ryze,oe:player:b14f11e18a9089420d5cd22bf07b917,Sylas,mid:Ryze,lineup-62d4b7a1638810cb,0,1830.00000000,30.50000000,4,5,6,2.00000000,11481.00000000,20545.00000000,231,673.60655738,0.21117590,0.23652460,29,0.95081967,0.55555556,-1357.00000000,-115.00000000,-11.00000000,3,out_of_time,724.91498694,622.14389517,229.61638238,-0.22345283,2023-03-02
pg-3a17247b5ec5c75c,ESPORTSTMNT03_3118017,2023-03-04T22:58:15,2023-03-04,2023,Unknown,0,13.04,Blue,oe:team:df70cf5eb04453059ae5a4e4e30a392,Mad Kings,oe:team:e40cdcb20302c0240d2084c909668aa,Diamond Doves,oe:player:c62419314cffbc6e4f3a9b5304e3ddb,Melody,sup,Alistar,oe:player:b8b54fd7efb782dcb6b5ea010f3ecea,Leona,sup:Alistar,lineup-62d4b7a1638810cb,0,1830.00000000,30.50000000,0,6,10,1.66666667,6602.00000000,5227.00000000,31,171.37704918,0.12143396,0.06017591,68,2.22950820,0.55555556,4.00000000,-614.00000000,-8.00000000,3,out_of_time,330.29499582,208.20618358,99.13835526,-1.60299156,2023-03-02
pg-27366570d7a1581e,ESPORTSTMNT03_3118017,2023-03-04T22:58:15,2023-03-04,2023,Unknown,0,13.04,Blue,oe:team:df70cf5eb04453059ae5a4e4e30a392,Mad Kings,oe:team:e40cdcb20302c0240d2084c909668aa,Diamond Doves,oe:player:7ec4aff3394361255ecfe13ca99b994,Siicked,top,Renekton,oe:player:7c986af4cf8f6e55a1f846dc498ce91,Jax,top:Renekton,lineup-62d4b7a1638810cb,0,1830.00000000,30.50000000,6,4,6,3.00000000,14030.00000000,26082.00000000,249,855.14754098,0.25806096,0.30026939,32,1.04918033,0.66666667,3904.00000000,2351.00000000,42.00000000,3,out_of_time,610.04260614,543.11116614,204.59916369,1.19797623,2023-03-02
pg-f42d8d1a1237671d,ESPORTSTMNT03_3118017,2023-03-04T22:58:15,2023-03-04,2023,Unknown,0,13.04,Red,oe:team:e40cdcb20302c0240d2084c909668aa,Diamond Doves,oe:team:df70cf5eb04453059ae5a4e4e30a392,Mad Kings,oe:player:a9159216ea197997ac9c7fd4b85a4d3,Kasamura,bot,Miss Fortune,oe:player:445ba3ad8e65abac8ad443618717337,Varus,bot:Miss Fortune,lineup-6c6cbbb26964e84f,1,1830.00000000,30.50000000,5,1,10,15.00000000,13266.00000000,39990.00000000,247,1311.14754098,0.21246677,0.34668100,22,0.72131148,0.55555556,-918.00000000,-543.00000000,-27.00000000,3,out_of_time,576.54515661,599.04179159,268.99819291,2.73088223,2023-03-02
pg-b1d273f1e3f219d7,ESPORTSTMNT03_3118017,2023-03-04T22:58:15,2023-03-04,2023,Unknown,0,13.04,Red,oe:team:e40cdcb20302c0240d2084c909668aa,Diamond Doves,oe:team:df70cf5eb04453059ae5a4e4e30a392,Mad Kings,oe:player:1fcb99a1ab06e1e36635365ed3e59ce,Kalium,jng,Lee Sin,oe:player:914517b9be0b39cd64e61a8f3284995,Vi,jng:Lee Sin,lineup-6c6cbbb26964e84f,1,1830.00000000,30.50000000,8,5,16,4.80000000,13367.00000000,17306.00000000,177,567.40983607,0.21408437,0.15002904,49,1.60655738,0.88888889,540.00000000,420.00000000,5.00000000,3,out_of_time,437.94934814,372.57279030,150.89603166,0.85794495,2023-03-02
pg-f482560b0bfd3c9a,ESPORTSTMNT03_3118017,2023-03-04T22:58:15,2023-03-04,2023,Unknown,0,13.04,Red,oe:team:e40cdcb20302c0240d2084c909668aa,Diamond Doves,oe:team:df70cf5eb04453059ae5a4e4e30a392,Mad Kings,oe:player:b14f11e18a9089420d5cd22bf07b917,Toady,mid,Sylas,oe:player:24a97b1b1e5d51b77443b684844af57,Ryze,mid:Sylas,lineup-6c6cbbb26964e84f,1,1830.00000000,30.50000000,7,3,16,7.66666667,13874.00000000,26633.00000000,228,873.21311475,0.22220443,0.23088660,37,1.21311475,0.85185185,1357.00000000,115.00000000,11.00000000,3,out_of_time,604.84301673,622.14389517,229.61638238,1.16877592,2023-03-02
pg-eacd0b057e2bfcdb,ESPORTSTMNT03_3118017,2023-03-04T22:58:15,2023-03-04,2023,Unknown,0,13.04,Red,oe:team:e40cdcb20302c0240d2084c909668aa,Diamond Doves,oe:team:df70cf5eb04453059ae5a4e4e30a392,Mad Kings,oe:player:b8b54fd7efb782dcb6b5ea010f3ecea,Kl,sup,Leona,oe:player:c62419314cffbc6e4f3a9b5304e3ddb,Alistar,sup:Leona,lineup-6c6cbbb26964e84f,1,1830.00000000,30.50000000,0,5,15,3.00000000,8069.00000000,5323.00000000,42,174.52459016,0.12923220,0.04614611,78,2.55737705,0.55555556,-4.00000000,614.00000000,8.00000000,3,out_of_time,289.20127437,208.20618358,99.13835526,-1.15673378,2023-03-02
pg-b43ec7d1fec7e405,ESPORTSTMNT03_3118017,2023-03-04T22:58:15,2023-03-04,2023,Unknown,0,13.04,Red,oe:team:e40cdcb20302c0240d2084c909668aa,Diamond Doves,oe:team:df70cf5eb04453059ae5a4e4e30a392,Mad Kings,oe:player:7c986af4cf8f6e55a1f846dc498ce91,Pet,top,Jax,oe:player:7ec4aff3394361255ecfe13ca99b994,Renekton,top:Jax,lineup-6c6cbbb26964e84f,1,1830.00000000,30.50000000,7,4,9,4.00000000,13862.00000000,26099.00000000,224,855.70491803,0.22201224,0.22625725,27,0.88524590,0.59259259,-3904.00000000,-2351.00000000,-42.00000000,3,out_of_time,556.02216335,543.11116614,204.59916369,1.46473108,2023-03-02
pg-fc42c4b2fd8d55d6,ESPORTSTMNT03_3117054,2023-03-05T00:01:11,2023-03-05,2023,Unknown,0,13.04,Blue,oe:team:9aa855d087642f20ad7e3a7ae5c8251,Spectacled Bears,oe:team:32c3055d495d91676e208b0c8997536,Incubus,oe:player:4d17518b7fc605b3fa42992ec61dd9c,CaTzzz,bot,Ezreal,oe:player:54861efdd06fc309e1c9a420feff98e,Varus,bot:Ezreal,lineup-3b10fe8019e141d6,1,2135.00000000,35.58333333,5,6,2,1.16666667,14877.00000000,20902.00000000,286,587.40983607,0.23658975,0.23194549,42,1.18032787,0.36842105,325.00000000,-409.00000000,5.00000000,3,out_of_time,651.78020844,599.04179159,268.99819291,-0.23929667,2023-03-02
pg-28255e38a56453da,ESPORTSTMNT03_3117054,2023-03-05T00:01:11,2023-03-05,2023,Unknown,0,13.04,Blue,oe:team:9aa855d087642f20ad7e3a7ae5c8251,Spectacled Bears,oe:team:32c3055d495d91676e208b0c8997536,Incubus,oe:player:224734629348b393f3a6d6140e59956,1Curioso,jng,Lillia,oe:player:e48399fc3f73709f52da476693e76ac,Sejuani,jng:Lillia,lineup-3b10fe8019e141d6,1,2135.00000000,35.58333333,5,0,9,14.00000000,12680.00000000,18176.00000000,204,510.80093677,0.20165074,0.20169559,41,1.15222482,0.73684211,-414.00000000,252.00000000,12.00000000,3,out_of_time,417.83191938,372.57279030,150.89603166,0.61611307,2023-03-02
pg-e89a57dc8a931230,ESPORTSTMNT03_3117054,2023-03-05T00:01:11,2023-03-05,2023,Unknown,0,13.04,Blue,oe:team:9aa855d087642f20ad7e3a7ae5c8251,Spectacled Bears,oe:team:32c3055d495d91676e208b0c8997536,Incubus,oe:player:18eff78d8fbeb94244572cef0bb4536,Alowhed,mid,Jayce,oe:player:5323274d1d895fb72872217f95701c6,Yone,mid:Jayce,lineup-3b10fe8019e141d6,1,2135.00000000,35.58333333,2,2,6,4.00000000,12593.00000000,17742.00000000,279,498.60421546,0.20026717,0.19687958,54,1.51756440,0.42105263,-504.00000000,23.00000000,-10.00000000,3,out_of_time,641.54051273,622.14389517,229.61638238,-0.62250043,2023-03-02
pg-69b0bf00baf53a9b,ESPORTSTMNT03_3117054,2023-03-05T00:01:11,2023-03-05,2023,Unknown,0,13.04,Blue,oe:team:9aa855d087642f20ad7e3a7ae5c8251,Spectacled Bears,oe:team:32c3055d495d91676e208b0c8997536,Incubus,oe:player:30edf70db68aa84f05d3e72326807b0,Bucket,sup,Ashe,oe:player:1a78e472bae7d14a62db8e30ea6cfd9,Jhin,sup:Ashe,lineup-3b10fe8019e141d6,1,2135.00000000,35.58333333,2,3,9,3.66666667,9059.00000000,8817.00000000,33,247.78454333,0.14406578,0.09784056,121,3.40046838,0.57894737,966.00000000,146.00000000,6.00000000,3,out_of_time,290.25712946,208.20618358,99.13835526,-0.42841730,2023-03-02
pg-4e6a4f72e189619b,ESPORTSTMNT03_3117054,2023-03-05T00:01:11,2023-03-05,2023,Unknown,0,13.04,Blue,oe:team:9aa855d087642f20ad7e3a7ae5c8251,Spectacled Bears,oe:team:32c3055d495d91676e208b0c8997536,Incubus,oe:player:36b92108c1f71cd425ded7abc50b86b,Akunma,top,Gnar,oe:player:dfeef0ad11329eb650c8146697b943e,Olaf,top:Gnar,lineup-3b10fe8019e141d6,1,2135.00000000,35.58333333,5,2,7,6.00000000,13672.00000000,24479.00000000,256,687.93442623,0.21742657,0.27163878,48,1.34894614,0.63157895,-122.00000000,-523.00000000,-16.00000000,3,out_of_time,507.96791541,543.11116614,204.59916369,0.87960531,2023-03-02
pg-9cfbaaa6917afd3d,ESPORTSTMNT03_3117054,2023-03-05T00:01:11,2023-03-05,2023,Unknown,0,13.04,Red,oe:team:32c3055d495d91676e208b0c8997536,Incubus,oe:team:9aa855d087642f20ad7e3a7ae5c8251,Spectacled Bears,oe:player:54861efdd06fc309e1c9a420feff98e,Scenario,bot,Varus,oe:player:4d17518b7fc605b3fa42992ec61dd9c,Ezreal,bot:Varus,lineup-fc51ce60bc518eb2,0,2135.00000000,35.58333333,3,1,6,9.00000000,12979.00000000,24800.00000000,275,696.95550351,0.22506806,0.35105103,37,1.03981265,0.69230769,-325.00000000,409.00000000,-5.00000000,3,out_of_time,599.10803588,599.04179159,268.99819291,0.36374768,2023-03-02
pg-63be62b3a4dbfa1f,ESPORTSTMNT03_3117054,2023-03-05T00:01:11,2023-03-05,2023,Unknown,0,13.04,Red,oe:team:32c3055d495d91676e208b0c8997536,Incubus,oe:team:9aa855d087642f20ad7e3a7ae5c8251,Spectacled Bears,oe:player:e48399fc3f73709f52da476693e76ac,Shall,jng,Sejuani,oe:player:224734629348b393f3a6d6140e59956,Lillia,jng:Sejuani,lineup-fc51ce60bc518eb2,0,2135.00000000,35.58333333,2,4,6,2.00000000,10257.00000000,9401.00000000,171,264.19672131,0.17786602,0.13307382,86,2.41686183,0.61538462,414.00000000,-252.00000000,-12.00000000,3,out_of_time,349.12329552,372.57279030,150.89603166,-0.56281516,2023-03-02
pg-77040340ff6f968f,ESPORTSTMNT03_3117054,2023-03-05T00:01:11,2023-03-05,2023,Unknown,0,13.04,Red,oe:team:32c3055d495d91676e208b0c8997536,Incubus,oe:team:9aa855d087642f20ad7e3a7ae5c8251,Spectacled Bears,oe:player:5323274d1d895fb72872217f95701c6,Dinastik,mid,Yone,oe:player:18eff78d8fbeb94244572cef0bb4536,Jayce,mid:Yone,lineup-fc51ce60bc518eb2,0,2135.00000000,35.58333333,6,4,1,1.75000000,15031.00000000,15328.00000000,356,430.76346604,0.26065167,0.21697218,42,1.18032787,0.53846154,504.00000000,-23.00000000,10.00000000,3,out_of_time,574.69804760,622.14389517,229.61638238,-0.62684805,2023-03-02
pg-99dc57d0aca67b98,ESPORTSTMNT03_3117054,2023-03-05T00:01:11,2023-03-05,2023,Unknown,0,13.04,Red,oe:team:32c3055d495d91676e208b0c8997536,Incubus,oe:team:9aa855d087642f20ad7e3a7ae5c8251,Spectacled Bears,oe:player:1a78e472bae7d14a62db8e30ea6cfd9,Ceviche,sup,Jhin,oe:player:30edf70db68aa84f05d3e72326807b0,Ashe,sup:Jhin,lineup-fc51ce60bc518eb2,0,2135.00000000,35.58333333,1,6,4,0.83333333,7177.00000000,9027.00000000,19,253.68618267,0.12445593,0.12777974,68,1.91100703,0.38461538,-966.00000000,-146.00000000,-6.00000000,3,out_of_time,256.83676167,208.20618358,99.13835526,-0.03177962,2023-03-02
pg-dbd2bd6ea2371138,ESPORTSTMNT03_3117054,2023-03-05T00:01:11,2023-03-05,2023,Unknown,0,13.04,Red,oe:team:32c3055d495d91676e208b0c8997536,Incubus,oe:team:9aa855d087642f20ad7e3a7ae5c8251,Spectacled Bears,oe:player:dfeef0ad11329eb650c8146697b943e,JuanDeDios,top,Olaf,oe:player:36b92108c1f71cd425ded7abc50b86b,Gnar,top:Olaf,lineup-fc51ce60bc518eb2,0,2135.00000000,35.58333333,1,4,3,1.00000000,12223.00000000,12089.00000000,287,339.73770492,0.21195831,0.17112322,44,1.23653396,0.30769231,122.00000000,523.00000000,16.00000000,3,out_of_time,519.49061028,543.11116614,204.59916369,-0.87856129,2023-03-02
pg-8a6034db88ae6b37,ESPORTSTMNT03_3118050,2023-03-05T01:13:43,2023-03-05,2023,Unknown,0,13.04,Blue,oe:team:32c3055d495d91676e208b0c8997536,Incubus,oe:team:9aa855d087642f20ad7e3a7ae5c8251,Spectacled Bears,oe:player:54861efdd06fc309e1c9a420feff98e,Scenario,bot,Ezreal,oe:player:4d17518b7fc605b3fa42992ec61dd9c,Senna,bot:Ezreal,lineup-fc51ce60bc518eb2,1,1935.00000000,32.25000000,5,1,8,13.00000000,15701.00000000,37444.00000000,338,1161.05426357,0.24974153,0.41355393,41,1.27131783,0.86666667,2143.00000000,2328.00000000,126.00000000,3,out_of_time,642.74524491,599.04179159,268.99819291,1.92681227,2023-03-02
pg-e30162ea099badcb,ESPORTSTMNT03_3118050,2023-03-05T01:13:43,2023-03-05,2023,Unknown,0,13.04,Blue,oe:team:32c3055d495d91676e208b0c8997536,Incubus,oe:team:9aa855d087642f20ad7e3a7ae5c8251,Spectacled Bears,oe:player:e48399fc3f73709f52da476693e76ac,Shall,jng,Wukong,oe:player:224734629348b393f3a6d6140e59956,Sejuani,jng:Wukong,lineup-fc51ce60bc518eb2,1,1935.00000000,32.25000000,1,5,1,0.40000000,9164.00000000,3937.00000000,130,122.07751938,0.14576341,0.04348258,68,2.10852713,0.13333333,-603.00000000,-1325.00000000,-21.00000000,3,out_of_time,386.69691675,372.57279030,150.89603166,-1.75365379,2023-03-02
pg-669deb4720149529,ESPORTSTMNT03_3118050,2023-03-05T01:13:43,2023-03-05,2023,Unknown,0,13.04,Blue,oe:team:32c3055d495d91676e208b0c8997536,Incubus,oe:team:9aa855d087642f20ad7e3a7ae5c8251,Spectacled Bears,oe:player:5323274d1d895fb72872217f95701c6,Dinastik,mid,Cassiopeia,oe:player:18eff78d8fbeb94244572cef0bb4536,Syndra,mid:Cassiopeia,lineup-fc51ce60bc518eb2,1,1935.00000000,32.25000000,2,3,3,1.66666667,12697.00000000,9157.00000000,277,283.93798450,0.20195963,0.10113538,25,0.77519380,0.33333333,-1252.00000000,-377.00000000,-8.00000000,3,out_of_time,561.32477107,622.14389517,229.61638238,-1.20804441,2023-03-02
pg-3214f6fe46f8d9b9,ESPORTSTMNT03_3118050,2023-03-05T01:13:43,2023-03-05,2023,Unknown,0,13.04,Blue,oe:team:32c3055d495d91676e208b0c8997536,Incubus,oe:team:9aa855d087642f20ad7e3a7ae5c8251,Spectacled Bears,oe:player:1a78e472bae7d14a62db8e30ea6cfd9,Ceviche,sup,Annie,oe:player:30edf70db68aa84f05d3e72326807b0,Cho'Gath,sup:Annie,lineup-fc51ce60bc518eb2,1,1935.00000000,32.25000000,2,4,10,3.00000000,9203.00000000,10210.00000000,22,316.58914729,0.14638375,0.11276535,107,3.31782946,0.80000000,-251.00000000,-1167.00000000,-98.00000000,3,out_of_time,283.04415548,208.20618358,99.13835526,0.33836543,2023-03-02
pg-10f9ef64c5b2c260,ESPORTSTMNT03_3118050,2023-03-05T01:13:43,2023-03-05,2023,Unknown,0,13.04,Blue,oe:team:32c3055d495d91676e208b0c8997536,Incubus,oe:team:9aa855d087642f20ad7e3a7ae5c8251,Spectacled Bears,oe:player:dfeef0ad11329eb650c8146697b943e,JuanDeDios,top,Fiora,oe:player:36b92108c1f71cd425ded7abc50b86b,K'Sante,top:Fiora,lineup-fc51ce60bc518eb2,1,1935.00000000,32.25000000,5,0,1,6.00000000,16104.00000000,29794.00000000,326,923.84496124,0.25615168,0.32906276,29,0.89922481,0.40000000,1229.00000000,544.00000000,38.00000000,3,out_of_time,530.38170282,543.11116614,204.59916369,1.92309319,2023-03-02
pg-6931df26edda76b7,ESPORTSTMNT03_3118050,2023-03-05T01:13:43,2023-03-05,2023,Unknown,0,13.04,Red,oe:team:9aa855d087642f20ad7e3a7ae5c8251,Spectacled Bears,oe:team:32c3055d495d91676e208b0c8997536,Incubus,oe:player:4d17518b7fc605b3fa42992ec61dd9c,CaTzzz,bot,Senna,oe:player:54861efdd06fc309e1c9a420feff98e,Ezreal,bot:Senna,lineup-3b10fe8019e141d6,0,1935.00000000,32.25000000,2,6,9,1.83333333,8728.00000000,12862.00000000,42,398.82170543,0.16085811,0.20020547,105,3.25581395,0.84615385,-2143.00000000,-2328.00000000,-126.00000000,3,out_of_time,587.58167452,599.04179159,268.99819291,-0.70171464,2023-03-02
pg-093a5a5127997b87,ESPORTSTMNT03_3118050,2023-03-05T01:13:43,2023-03-05,2023,Unknown,0,13.04,Red,oe:team:9aa855d087642f20ad7e3a7ae5c8251,Spectacled Bears,oe:team:32c3055d495d91676e208b0c8997536,Incubus,oe:player:224734629348b393f3a6d6140e59956,1Curioso,jng,Sejuani,oe:player:e48399fc3f73709f52da476693e76ac,Wukong,jng:Sejuani,lineup-3b10fe8019e141d6,0,1935.00000000,32.25000000,2,1,10,12.00000000,9846.00000000,7440.00000000,175,230.69767442,0.18146298,0.11580848,57,1.76744186,0.92307692,603.00000000,1325.00000000,21.00000000,3,out_of_time,357.75528229,372.57279030,150.89603166,-0.84202087,2023-03-02
pg-1d2c9537d41fc32d,ESPORTSTMNT03_3118050,2023-03-05T01:13:43,2023-03-05,2023,Unknown,0,13.04,Red,oe:team:9aa855d087642f20ad7e3a7ae5c8251,Spectacled Bears,oe:team:32c3055d495d91676e208b0c8997536,Incubus,oe:player:18eff78d8fbeb94244572cef0bb4536,Alowhed,mid,Syndra,oe:player:5323274d1d895fb72872217f95701c6,Cassiopeia,mid:Syndra,lineup-3b10fe8019e141d6,0,1935.00000000,32.25000000,4,2,6,5.00000000,14616.00000000,28124.00000000,334,872.06201550,0.26937467,0.43776851,55,1.70542636,0.76923077,1252.00000000,377.00000000,8.00000000,3,out_of_time,593.35523628,622.14389517,229.61638238,1.21379309,2023-03-02
pg-a2c9f5498d8679b7,ESPORTSTMNT03_3118050,2023-03-05T01:13:43,2023-03-05,2023,Unknown,0,13.04,Red,oe:team:9aa855d087642f20ad7e3a7ae5c8251,Spectacled Bears,oe:team:32c3055d495d91676e208b0c8997536,Incubus,oe:player:30edf70db68aa84f05d3e72326807b0,Bucket,sup,Cho'Gath,oe:player:1a78e472bae7d14a62db8e30ea6cfd9,Annie,sup:Cho'Gath,lineup-3b10fe8019e141d6,0,1935.00000000,32.25000000,5,5,1,1.20000000,10803.00000000,10872.00000000,220,337.11627907,0.19910061,0.16922981,27,0.83720930,0.46153846,251.00000000,1167.00000000,98.00000000,3,out_of_time,268.45932260,208.20618358,99.13835526,0.69253677,2023-03-02
pg-28ca67dca25d1343,ESPORTSTMNT03_3118050,2023-03-05T01:13:43,2023-03-05,2023,Unknown,0,13.04,Red,oe:team:9aa855d087642f20ad7e3a7ae5c8251,Spectacled Bears,oe:team:32c3055d495d91676e208b0c8997536,Incubus,oe:player:36b92108c1f71cd425ded7abc50b86b,Akunma,top,K'Sante,oe:player:dfeef0ad11329eb650c8146697b943e,Fiora,top:K'Sante,lineup-3b10fe8019e141d6,0,1935.00000000,32.25000000,0,1,3,3.00000000,10266.00000000,4946.00000000,273,153.36434109,0.18920363,0.07698773,20,0.62015504,0.23076923,-1229.00000000,-544.00000000,-38.00000000,3,out_of_time,498.27310768,543.11116614,204.59916369,-1.68577799,2023-03-02
pg-02d8d71124383a06,ESPORTSTMNT03_3122879,2023-03-08T23:18:07,2023-03-08,2023,Unknown,0,13.04,Blue,oe:team:dcf87563dff3f23d3985a5bac289345,Vipers,oe:team:e40cdcb20302c0240d2084c909668aa,Diamond Doves,oe:player:213f7b5efbc9490107dbfc9114ca7ef,S34NDR0M3,bot,Aphelios,oe:player:a9159216ea197997ac9c7fd4b85a4d3,Xayah,bot:Aphelios,lineup-8709c409542254da,1,1558.00000000,25.96666667,4,1,9,13.00000000,12064.00000000,11228.00000000,233,432.40051348,0.22878383,0.19614283,30,1.15532734,0.76470588,2184.00000000,780.00000000,33.00000000,3,out_of_time,646.92057729,599.04179159,268.99819291,-0.79747771,2023-03-02
pg-17b3eeb65d2487f7,ESPORTSTMNT03_3122879,2023-03-08T23:18:07,2023-03-08,2023,Unknown,0,13.04,Blue,oe:team:dcf87563dff3f23d3985a5bac289345,Vipers,oe:team:e40cdcb20302c0240d2084c909668aa,Diamond Doves,oe:player:5deafe4ab31c8c1b22b5ec6e971c582,Nainess,jng,Viego,oe:player:1fcb99a1ab06e1e36635365ed3e59ce,Wukong,jng:Viego,lineup-8709c409542254da,1,1558.00000000,25.96666667,3,1,7,10.00000000,10217.00000000,6828.00000000,153,262.95250321,0.19375699,0.11927888,41,1.57894737,0.58823529,78.00000000,309.00000000,6.00000000,3,out_of_time,396.48586915,372.57279030,150.89603166,-0.88493623,2023-03-02
pg-ab374322618404d8,ESPORTSTMNT03_3122879,2023-03-08T23:18:07,2023-03-08,2023,Unknown,0,13.04,Blue,oe:team:dcf87563dff3f23d3985a5bac289345,Vipers,oe:team:e40cdcb20302c0240d2084c909668aa,Diamond Doves,oe:player:9c74ba91b4bace5829f217dfb62e330,Kurckoo,mid,Jayce,oe:player:b14f11e18a9089420d5cd22bf07b917,Irelia,mid:Jayce,lineup-8709c409542254da,1,1558.00000000,25.96666667,4,3,8,4.00000000,12348.00000000,23344.00000000,218,898.99871630,0.23416965,0.40779820,38,1.46341463,0.70588235,-1655.00000000,-1446.00000000,-24.00000000,3,out_of_time,656.91853327,622.14389517,229.61638238,1.05428097,2023-03-02
pg-ae9e3f611644349f,ESPORTSTMNT03_3122879,2023-03-08T23:18:07,2023-03-08,2023,Unknown,0,13.04,Blue,oe:team:dcf87563dff3f23d3985a5bac289345,Vipers,oe:team:e40cdcb20302c0240d2084c909668aa,Diamond Doves,oe:player:5a63f3e7e2b4282f07785cdc895d624,Shiku,sup,Thresh,oe:player:b8b54fd7efb782dcb6b5ea010f3ecea,Rakan,sup:Thresh,lineup-8709c409542254da,1,1558.00000000,25.96666667,5,1,9,14.00000000,8144.00000000,6122.00000000,33,235.76379974,0.15444425,0.10694571,71,2.73427471,0.82352941,996.00000000,-153.00000000,-1.00000000,3,out_of_time,277.20766110,208.20618358,99.13835526,-0.41804064,2023-03-02
pg-3497e004ca13c560,ESPORTSTMNT03_3122879,2023-03-08T23:18:07,2023-03-08,2023,Unknown,0,13.04,Blue,oe:team:dcf87563dff3f23d3985a5bac289345,Vipers,oe:team:e40cdcb20302c0240d2084c909668aa,Diamond Doves,oe:player:5b4335a3832ac5a3bb3d24f8bb8687c,ByFalco,top,Gwen,oe:player:7c986af4cf8f6e55a1f846dc498ce91,Fiora,top:Gwen,lineup-8709c409542254da,1,1558.00000000,25.96666667,1,4,7,2.00000000,9958.00000000,9722.00000000,198,374.40308087,0.18884527,0.16983439,17,0.65468549,0.47058824,-93.00000000,450.00000000,1.00000000,3,out_of_time,599.67050962,543.11116614,204.59916369,-1.10101833,2023-03-02
pg-4019b1e1e378cc53,ESPORTSTMNT03_3122879,2023-03-08T23:18:07,2023-03-08,2023,Unknown,0,13.04,Red,oe:team:e40cdcb20302c0240d2084c909668aa,Diamond Doves,oe:team:dcf87563dff3f23d3985a5bac289345,Vipers,oe:player:a9159216ea197997ac9c7fd4b85a4d3,Kasamura,bot,Xayah,oe:player:213f7b5efbc9490107dbfc9114ca7ef,Aphelios,bot:Xayah,lineup-6c6cbbb26964e84f,0,1558.00000000,25.96666667,1,2,0,0.50000000,9256.00000000,7335.00000000,201,282.47753530,0.20975344,0.20330950,17,0.65468549,0.11111111,-2184.00000000,-780.00000000,-33.00000000,3,out_of_time,649.03234956,599.04179159,268.99819291,-1.36266646,2023-03-02
pg-9903a69dc09b38b5,ESPORTSTMNT03_3122879,2023-03-08T23:18:07,2023-03-08,2023,Unknown,0,13.04,Red,oe:team:e40cdcb20302c0240d2084c909668aa,Diamond Doves,oe:team:dcf87563dff3f23d3985a5bac289345,Vipers,oe:player:1fcb99a1ab06e1e36635365ed3e59ce,Kalium,jng,Wukong,oe:player:5deafe4ab31c8c1b22b5ec6e971c582,Viego,jng:Wukong,lineup-6c6cbbb26964e84f,0,1558.00000000,25.96666667,1,5,3,0.80000000,8254.00000000,4456.00000000,141,171.60462131,0.18704677,0.12351017,45,1.73299101,0.44444444,-78.00000000,-309.00000000,-6.00000000,3,out_of_time,458.45502321,372.57279030,150.89603166,-1.90098042,2023-03-02
pg-a329f5d49a44d737,ESPORTSTMNT03_3122879,2023-03-08T23:18:07,2023-03-08,2023,Unknown,0,13.04,Red,oe:team:e40cdcb20302c0240d2084c909668aa,Diamond Doves,oe:team:dcf87563dff3f23d3985a5bac289345,Vipers,oe:player:b14f11e18a9089420d5cd22bf07b917,Toady,mid,Irelia,oe:player:9c74ba91b4bace5829f217dfb62e330,Jayce,mid:Irelia,lineup-6c6cbbb26964e84f,0,1558.00000000,25.96666667,7,3,1,2.66666667,11797.00000000,14444.00000000,243,556.25160462,0.26733593,0.40035479,30,1.15532734,0.88888889,1655.00000000,1446.00000000,24.00000000,3,out_of_time,662.85382942,622.14389517,229.61638238,-0.46426228,2023-03-02
pg-fce8cb2617ae6807,ESPORTSTMNT03_3122879,2023-03-08T23:18:07,2023-03-08,2023,Unknown,0,13.04,Red,oe:team:e40cdcb20302c0240d2084c909668aa,Diamond Doves,oe:team:dcf87563dff3f23d3985a5bac289345,Vipers,oe:player:b8b54fd7efb782dcb6b5ea010f3ecea,Kl,sup,Rakan,oe:player:5a63f3e7e2b4282f07785cdc895d624,Thresh,sup:Rakan,lineup-6c6cbbb26964e84f,0,1558.00000000,25.96666667,0,3,4,1.33333333,5909.00000000,3664.00000000,33,141.10397946,0.13390591,0.10155774,49,1.88703466,0.44444444,-996.00000000,153.00000000,1.00000000,3,out_of_time,314.38077990,208.20618358,99.13835526,-1.74782807,2023-03-02
pg-877ed0db83ecdb2b,ESPORTSTMNT03_3122879,2023-03-08T23:18:07,2023-03-08,2023,Unknown,0,13.04,Red,oe:team:e40cdcb20302c0240d2084c909668aa,Diamond Doves,oe:team:dcf87563dff3f23d3985a5bac289345,Vipers,oe:player:7c986af4cf8f6e55a1f846dc498ce91,Pet,top,Fiora,oe:player:5b4335a3832ac5a3bb3d24f8bb8687c,Gwen,top:Fiora,lineup-6c6cbbb26964e84f,0,1558.00000000,25.96666667,0,4,1,0.25000000,8912.00000000,6179.00000000,181,237.95892169,0.20195794,0.17126781,19,0.73170732,0.11111111,93.00000000,-450.00000000,-1.00000000,3,out_of_time,635.56168692,543.11116614,204.59916369,-1.94332547,2023-03-02
pg-dc3d6d93325c61c9,ESPORTSTMNT03_3124412,2023-03-09T22:53:19,2023-03-09,2023,Unknown,0,13.04,Blue,oe:team:9aa855d087642f20ad7e3a7ae5c8251,Spectacled Bears,oe:team:32c3055d495d91676e208b0c8997536,Incubus,oe:player:4d17518b7fc605b3fa42992ec61dd9c,CaTzzz,bot,Veigar,oe:player:54861efdd06fc309e1c9a420feff98e,Aphelios,bot:Veigar,lineup-3b10fe8019e141d6,0,1893.00000000,31.55000000,0,5,5,1.00000000,10041.00000000,13395.00000000,226,424.56418384,0.19800047,0.16000908,30,0.95087163,0.41666667,-1349.00000000,-780.00000000,-21.00000000,3,out_of_time,575.51688210,599.04179159,268.99819291,-0.56116622,2023-03-02
pg-f2b8f9e85c3df774,ESPORTSTMNT03_3124412,2023-03-09T22:53:19,2023-03-09,2023,Unknown,0,13.04,Blue,oe:team:9aa855d087642f20ad7e3a7ae5c8251,Spectacled Bears,oe:team:32c3055d495d91676e208b0c8997536,Incubus,oe:player:224734629348b393f3a6d6140e59956,1Curioso,jng,Lee Sin,oe:player:e48399fc3f73709f52da476693e76ac,Elise,jng:Lee Sin,lineup-3b10fe8019e141d6,0,1893.00000000,31.55000000,5,4,5,2.50000000,10549.00000000,16082.00000000,166,509.73058637,0.20801783,0.19210646,37,1.17274168,0.83333333,1081.00000000,1005.00000000,19.00000000,3,out_of_time,407.33055915,372.57279030,150.89603166,0.67861312,2023-03-02
pg-ccd3faf40093a872,ESPORTSTMNT03_3124412,2023-03-09T22:53:19,2023-03-09,2023,Unknown,0,13.04,Blue,oe:team:9aa855d087642f20ad7e3a7ae5c8251,Spectacled Bears,oe:team:32c3055d495d91676e208b0c8997536,Incubus,oe:player:18eff78d8fbeb94244572cef0bb4536,Alowhed,mid,Taliyah,oe:player:5323274d1d895fb72872217f95701c6,Kassadin,mid:Taliyah,lineup-3b10fe8019e141d6,0,1893.00000000,31.55000000,5,5,6,2.20000000,13030.00000000,24218.00000000,258,767.60697306,0.25694116,0.28929450,49,1.55309033,0.91666667,773.00000000,237.00000000,-10.00000000,3,out_of_time,600.23419697,622.14389517,229.61638238,0.72892350,2023-03-02
pg-f3a277dc90fbb62f,ESPORTSTMNT03_3124412,2023-03-09T22:53:19,2023-03-09,2023,Unknown,0,13.04,Blue,oe:team:9aa855d087642f20ad7e3a7ae5c8251,Spectacled Bears,oe:team:32c3055d495d91676e208b0c8997536,Incubus,oe:player:30edf70db68aa84f05d3e72326807b0,Bucket,sup,Ashe,oe:player:1a78e472bae7d14a62db8e30ea6cfd9,Thresh,sup:Ashe,lineup-3b10fe8019e141d6,0,1893.00000000,31.55000000,1,3,8,3.00000000,7421.00000000,13060.00000000,25,413.94611727,0.14633617,0.15600736,76,2.40887480,0.75000000,257.00000000,72.00000000,-7.00000000,3,out_of_time,293.57285486,208.20618358,99.13835526,1.21419467,2023-03-02
pg-fae8537129056890,ESPORTSTMNT03_3124412,2023-03-09T22:53:19,2023-03-09,2023,Unknown,0,13.04,Blue,oe:team:9aa855d087642f20ad7e3a7ae5c8251,Spectacled Bears,oe:team:32c3055d495d91676e208b0c8997536,Incubus,oe:player:36b92108c1f71cd425ded7abc50b86b,Akunma,top,Sion,oe:player:dfeef0ad11329eb650c8146697b943e,Renekton,top:Sion,lineup-3b10fe8019e141d6,0,1893.00000000,31.55000000,1,4,2,0.75000000,9671.00000000,16959.00000000,216,537.52773376,0.19070437,0.20258260,19,0.60221870,0.25000000,-1114.00000000,-875.00000000,-30.00000000,3,out_of_time,525.89168882,543.11116614,204.59916369,0.05687240,2023-03-02
pg-49ef696cb3ae92b4,ESPORTSTMNT03_3124412,2023-03-09T22:53:19,2023-03-09,2023,Unknown,0,13.04,Red,oe:team:32c3055d495d91676e208b0c8997536,Incubus,oe:team:9aa855d087642f20ad7e3a7ae5c8251,Spectacled Bears,oe:player:54861efdd06fc309e1c9a420feff98e,Scenario,bot,Aphelios,oe:player:4d17518b7fc605b3fa42992ec61dd9c,Veigar,bot:Aphelios,lineup-fc51ce60bc518eb2,1,1893.00000000,31.55000000,9,2,6,7.50000000,14788.00000000,32783.00000000,292,1039.08082409,0.23979244,0.36989022,51,1.61648177,0.71428571,1349.00000000,780.00000000,21.00000000,3,out_of_time,622.60362120,599.04179159,268.99819291,1.54825279,2023-03-02
pg-15a75b951347a377,ESPORTSTMNT03_3124412,2023-03-09T22:53:19,2023-03-09,2023,Unknown,0,13.04,Red,oe:team:32c3055d495d91676e208b0c8997536,Incubus,oe:team:9aa855d087642f20ad7e3a7ae5c8251,Spectacled Bears,oe:player:e48399fc3f73709f52da476693e76ac,Shall,jng,Elise,oe:player:224734629348b393f3a6d6140e59956,Lee Sin,jng:Elise,lineup-fc51ce60bc518eb2,1,1893.00000000,31.55000000,3,4,8,2.75000000,9872.00000000,13556.00000000,148,429.66719493,0.16007783,0.15295219,95,3.01109350,0.52380952,-1081.00000000,-1005.00000000,-19.00000000,3,out_of_time,376.60552473,372.57279030,150.89603166,0.35164391,2023-03-02
pg-5bf52b6e7c846793,ESPORTSTMNT03_3124412,2023-03-09T22:53:19,2023-03-09,2023,Unknown,0,13.04,Red,oe:team:32c3055d495d91676e208b0c8997536,Incubus,oe:team:9aa855d087642f20ad7e3a7ae5c8251,Spectacled Bears,oe:player:5323274d1d895fb72872217f95701c6,Dinastik,mid,Kassadin,oe:player:18eff78d8fbeb94244572cef0bb4536,Taliyah,mid:Kassadin,lineup-fc51ce60bc518eb2,1,1893.00000000,31.55000000,6,1,9,15.00000000,14462.00000000,17134.00000000,298,543.07448494,0.23450624,0.19332273,20,0.63391442,0.71428571,-773.00000000,-237.00000000,10.00000000,3,out_of_time,564.52690977,622.14389517,229.61638238,-0.09342724,2023-03-02
pg-761cf4ffc8ba7af8,ESPORTSTMNT03_3124412,2023-03-09T22:53:19,2023-03-09,2023,Unknown,0,13.04,Red,oe:team:32c3055d495d91676e208b0c8997536,Incubus,oe:team:9aa855d087642f20ad7e3a7ae5c8251,Spectacled Bears,oe:player:1a78e472bae7d14a62db8e30ea6cfd9,Ceviche,sup,Thresh,oe:player:30edf70db68aa84f05d3e72326807b0,Ashe,sup:Thresh,lineup-fc51ce60bc518eb2,1,1893.00000000,31.55000000,0,4,13,3.25000000,8054.00000000,6506.00000000,34,206.21236133,0.13059835,0.07340712,76,2.40887480,0.61904762,-257.00000000,-72.00000000,7.00000000,3,out_of_time,229.13483649,208.20618358,99.13835526,-0.23121702,2023-03-02
pg-8234879cfe5cfefe,ESPORTSTMNT03_3124412,2023-03-09T22:53:19,2023-03-09,2023,Unknown,0,13.04,Red,oe:team:32c3055d495d91676e208b0c8997536,Incubus,oe:team:9aa855d087642f20ad7e3a7ae5c8251,Spectacled Bears,oe:player:dfeef0ad11329eb650c8146697b943e,JuanDeDios,top,Renekton,oe:player:36b92108c1f71cd425ded7abc50b86b,Sion,top:Renekton,lineup-fc51ce60bc518eb2,1,1893.00000000,31.55000000,3,1,9,12.00000000,14494.00000000,18650.00000000,282,591.12519810,0.23502513,0.21042774,42,1.33122029,0.57142857,1114.00000000,875.00000000,30.00000000,3,out_of_time,570.17898741,543.11116614,204.59916369,0.10237681,2023-03-02
pg-35a64a99349b9cd5,ESPORTSTMNT03_3125447,2023-03-10T00:12:21,2023-03-10,2023,Unknown,1,13.04,Blue,oe:team:e129de91074731ebb2203742f65ba3e,Universitario Esports,oe:team:2a7fc0772538d018f713520c5e90ee0,Red Eye Esports,oe:player:c59f2a6c6e7227a313b6d215f5fb153,Snoopy,bot,Ezreal,oe:player:7a2798d7c31bb0cdb3401cd4e375f14,Xayah,bot:Ezreal,lineup-f9440adbc9eb2f74,0,1790.00000000,29.83333333,3,4,2,1.25000000,11711.00000000,18652.00000000,260,625.20670391,0.26174512,0.28439863,27,0.90502793,0.71428571,420.00000000,-505.00000000,-1.00000000,3,out_of_time,632.19617361,599.04179159,268.99819291,-0.02598333,2023-03-02
pg-03d86749204d70bf,ESPORTSTMNT03_3125447,2023-03-10T00:12:21,2023-03-10,2023,Unknown,1,13.04,Blue,oe:team:e129de91074731ebb2203742f65ba3e,Universitario Esports,oe:team:2a7fc0772538d018f713520c5e90ee0,Red Eye Esports,oe:player:fac747e9c68a89da88dad294bf5ed51,Annataqui,jng,Wukong,oe:player:cd99932955b983ba7428c0219f7eb82,Vi,jng:Wukong,lineup-f9440adbc9eb2f74,0,1790.00000000,29.83333333,0,5,5,1.00000000,7735.00000000,11567.00000000,146,387.72067039,0.17288007,0.17636924,48,1.60893855,0.71428571,-738.00000000,-534.00000000,-10.00000000,3,out_of_time,387.69210503,372.57279030,150.89603166,0.00018930,2023-03-02
pg-ef9fd31a39a4a20b,ESPORTSTMNT03_3125447,2023-03-10T00:12:21,2023-03-10,2023,Unknown,1,13.04,Blue,oe:team:e129de91074731ebb2203742f65ba3e,Universitario Esports,oe:team:2a7fc0772538d018f713520c5e90ee0,Red Eye Esports,oe:player:b6fe055bfad88e328abe3fbbf21a33c,Overload,mid,Gragas,oe:player:fda70732b859899fa7572b8ebb41196,Ahri,mid:Gragas,lineup-f9440adbc9eb2f74,0,1790.00000000,29.83333333,2,4,4,1.50000000,10702.00000000,15729.00000000,235,527.22905028,0.23919360,0.23982984,22,0.73743017,0.85714286,-942.00000000,-453.00000000,-10.00000000,3,out_of_time,593.45846697,622.14389517,229.61638238,-0.28843507,2023-03-02
pg-6485cfa1ed382790,ESPORTSTMNT03_3125447,2023-03-10T00:12:21,2023-03-10,2023,Unknown,1,13.04,Blue,oe:team:e129de91074731ebb2203742f65ba3e,Universitario Esports,oe:team:2a7fc0772538d018f713520c5e90ee0,Red Eye Esports,oe:player:2eb2a12f1608b0150cc7050b061bc83,khaN,sup,Karma,oe:player:9c8834ac0a7a7aaa66010ded94db1db,Rakan,sup:Karma,lineup-f9440adbc9eb2f74,0,1790.00000000,29.83333333,0,1,2,2.00000000,5497.00000000,3930.00000000,11,131.73184358,0.12285995,0.05992315,31,1.03910615,0.28571429,-341.00000000,-508.00000000,-22.00000000,3,out_of_time,242.63567206,208.20618358,99.13835526,-1.11867731,2023-03-02
pg-dcdc6fd44ac0b552,ESPORTSTMNT03_3125447,2023-03-10T00:12:21,2023-03-10,2023,Unknown,1,13.04,Blue,oe:team:e129de91074731ebb2203742f65ba3e,Universitario Esports,oe:team:2a7fc0772538d018f713520c5e90ee0,Red Eye Esports,oe:player:a9e2d00e60f059e223d82301a50182c,Abaddon,top,Sion,oe:player:b9dfa3efb116230e2a05ff9f568e763,Jayce,top:Sion,lineup-f9440adbc9eb2f74,0,1790.00000000,29.83333333,2,4,1,0.75000000,9097.00000000,15706.00000000,196,526.45810056,0.20332126,0.23947914,22,0.73743017,0.42857143,-462.00000000,-98.00000000,-30.00000000,3,out_of_time,494.82762192,543.11116614,204.59916369,0.15459730,2023-03-02
pg-a43318ef8d8c1adc,ESPORTSTMNT03_3125447,2023-03-10T00:12:21,2023-03-10,2023,Unknown,1,13.04,Red,oe:team:2a7fc0772538d018f713520c5e90ee0,Red Eye Esports,oe:team:e129de91074731ebb2203742f65ba3e,Universitario Esports,oe:player:7a2798d7c31bb0cdb3401cd4e375f14,ZombieHog,bot,Xayah,oe:player:c59f2a6c6e7227a313b6d215f5fb153,Ezreal,bot:Xayah,lineup-d54c83941826a97f,1,1790.00000000,29.83333333,3,0,9,12.00000000,12630.00000000,16329.00000000,229,547.34078212,0.21056668,0.18807445,16,0.53631285,0.66666667,-420.00000000,505.00000000,1.00000000,3,out_of_time,568.16868295,599.04179159,268.99819291,-0.07742766,2023-03-02
pg-93cb176a53821df5,ESPORTSTMNT03_3125447,2023-03-10T00:12:21,2023-03-10,2023,Unknown,1,13.04,Red,oe:team:2a7fc0772538d018f713520c5e90ee0,Red Eye Esports,oe:team:e129de91074731ebb2203742f65ba3e,Universitario Esports,oe:player:cd99932955b983ba7428c0219f7eb82,Ruyi,jng,Vi,oe:player:fac747e9c68a89da88dad294bf5ed51,Wukong,jng:Vi,lineup-d54c83941826a97f,1,1790.00000000,29.83333333,2,3,9,3.66666667,11125.00000000,6979.00000000,174,233.93296089,0.18547540,0.08038285,38,1.27374302,0.61111111,738.00000000,534.00000000,10.00000000,3,out_of_time,317.18332121,372.57279030,150.89603166,-0.55170676,2023-03-02
pg-f6706356cfebb122,ESPORTSTMNT03_3125447,2023-03-10T00:12:21,2023-03-10,2023,Unknown,1,13.04,Red,oe:team:2a7fc0772538d018f713520c5e90ee0,Red Eye Esports,oe:team:e129de91074731ebb2203742f65ba3e,Universitario Esports,oe:player:fda70732b859899fa7572b8ebb41196,Saifer,mid,Ahri,oe:player:b6fe055bfad88e328abe3fbbf21a33c,Gragas,mid:Ahri,lineup-d54c83941826a97f,1,1790.00000000,29.83333333,3,1,10,13.00000000,12284.00000000,21625.00000000,233,724.86033520,0.20479819,0.24907282,35,1.17318436,0.72222222,942.00000000,453.00000000,10.00000000,3,out_of_time,584.51157888,622.14389517,229.61638238,0.61123146,2023-03-02
pg-eb45134dfaafcd8e,ESPORTSTMNT03_3125447,2023-03-10T00:12:21,2023-03-10,2023,Unknown,1,13.04,Red,oe:team:2a7fc0772538d018f713520c5e90ee0,Red Eye Esports,oe:team:e129de91074731ebb2203742f65ba3e,Universitario Esports,oe:player:9c8834ac0a7a7aaa66010ded94db1db,Cassius,sup,Rakan,oe:player:2eb2a12f1608b0150cc7050b061bc83,Karma,sup:Rakan,lineup-d54c83941826a97f,1,1790.00000000,29.83333333,3,2,11,7.00000000,8990.00000000,6531.00000000,48,218.91620112,0.14988080,0.07522287,103,3.45251397,0.77777778,341.00000000,508.00000000,22.00000000,3,out_of_time,231.53336151,208.20618358,99.13835526,-0.12726820,2023-03-02
pg-0d5453348f3ebe42,ESPORTSTMNT03_3125447,2023-03-10T00:12:21,2023-03-10,2023,Unknown,1,13.04,Red,oe:team:2a7fc0772538d018f713520c5e90ee0,Red Eye Esports,oe:team:e129de91074731ebb2203742f65ba3e,Universitario Esports,oe:player:b9dfa3efb116230e2a05ff9f568e763,Dertako,top,Jayce,oe:player:a9e2d00e60f059e223d82301a50182c,Sion,top:Jayce,lineup-d54c83941826a97f,1,1790.00000000,29.83333333,7,1,3,10.00000000,14952.00000000,35358.00000000,296,1185.18435754,0.24927894,0.40724701,33,1.10614525,0.55555556,462.00000000,98.00000000,30.00000000,3,out_of_time,603.24380556,543.11116614,204.59916369,2.84429585,2023-03-02
pg-c63e563bd52375a8,ESPORTSTMNT03_3123485,2023-03-10T01:18:04,2023-03-10,2023,Unknown,1,13.04,Blue,oe:team:2a7fc0772538d018f713520c5e90ee0,Red Eye Esports,oe:team:e129de91074731ebb2203742f65ba3e,Universitario Esports,oe:player:7a2798d7c31bb0cdb3401cd4e375f14,ZombieHog,bot,Xayah,oe:player:c59f2a6c6e7227a313b6d215f5fb153,Senna,bot:Xayah,lineup-d54c83941826a97f,1,1998.00000000,33.30000000,7,2,6,6.50000000,13643.00000000,33189.00000000,232,996.66666667,0.22280834,0.33085772,19,0.57057057,0.81250000,969.00000000,1202.00000000,113.00000000,3,out_of_time,542.40373163,599.04179159,268.99819291,1.68872114,2023-03-02
pg-cd2ad4bd65a521d3,ESPORTSTMNT03_3123485,2023-03-10T01:18:04,2023-03-10,2023,Unknown,1,13.04,Blue,oe:team:2a7fc0772538d018f713520c5e90ee0,Red Eye Esports,oe:team:e129de91074731ebb2203742f65ba3e,Universitario Esports,oe:player:cd99932955b983ba7428c0219f7eb82,Ruyi,jng,Vi,oe:player:fac747e9c68a89da88dad294bf5ed51,Wukong,jng:Vi,lineup-d54c83941826a97f,1,1998.00000000,33.30000000,1,2,7,4.00000000,10791.00000000,6463.00000000,187,194.08408408,0.17623138,0.06442898,46,1.38138138,0.50000000,247.00000000,610.00000000,15.00000000,3,out_of_time,311.60803241,372.57279030,150.89603166,-0.77884055,2023-03-02
pg-1814e50551a5fe90,ESPORTSTMNT03_3123485,2023-03-10T01:18:04,2023-03-10,2023,Unknown,1,13.04,Blue,oe:team:2a7fc0772538d018f713520c5e90ee0,Red Eye Esports,oe:team:e129de91074731ebb2203742f65ba3e,Universitario Esports,oe:player:fda70732b859899fa7572b8ebb41196,Saifer,mid,Ryze,oe:player:b6fe055bfad88e328abe3fbbf21a33c,LeBlanc,mid:Ryze,lineup-d54c83941826a97f,1,1998.00000000,33.30000000,4,1,8,12.00000000,13805.00000000,36462.00000000,291,1094.95495495,0.22545401,0.36348592,36,1.08108108,0.75000000,922.00000000,595.00000000,29.00000000,3,out_of_time,602.91349167,622.14389517,229.61638238,2.14288483,2023-03-02
pg-8cc9a5920637d9ec,ESPORTSTMNT03_3123485,2023-03-10T01:18:04,2023-03-10,2023,Unknown,1,13.04,Blue,oe:team:2a7fc0772538d018f713520c5e90ee0,Red Eye Esports,oe:team:e129de91074731ebb2203742f65ba3e,Universitario Esports,oe:player:9c8834ac0a7a7aaa66010ded94db1db,Cassius,sup,Rakan,oe:player:32dc07c1aa7fd284d0185619c6f9711,Sion,sup:Rakan,lineup-d54c83941826a97f,1,1998.00000000,33.30000000,1,0,15,16.00000000,9276.00000000,7360.00000000,45,221.02102102,0.15148942,0.07337108,138,4.14414414,1.00000000,-1413.00000000,-1270.00000000,-93.00000000,3,out_of_time,270.78052617,208.20618358,99.13835526,-0.50191982,2023-03-02
pg-af3f99b1ebcec835,ESPORTSTMNT03_3123485,2023-03-10T01:18:04,2023-03-10,2023,Unknown,1,13.04,Blue,oe:team:2a7fc0772538d018f713520c5e90ee0,Red Eye Esports,oe:team:e129de91074731ebb2203742f65ba3e,Universitario Esports,oe:player:b9dfa3efb116230e2a05ff9f568e763,Dertako,top,Camille,oe:player:a9e2d00e60f059e223d82301a50182c,Renekton,top:Camille,lineup-d54c83941826a97f,1,1998.00000000,33.30000000,3,2,5,4.00000000,13717.00000000,16838.00000000,285,505.64564565,0.22401685,0.16785629,21,0.63063063,0.50000000,-876.00000000,-1106.00000000,-34.00000000,3,out_of_time,519.19195352,543.11116614,204.59916369,-0.06620901,2023-03-02
pg-c85ea8f78c751159,ESPORTSTMNT03_3123485,2023-03-10T01:18:04,2023-03-10,2023,Unknown,1,13.04,Red,oe:team:e129de91074731ebb2203742f65ba3e,Universitario Esports,oe:team:2a7fc0772538d018f713520c5e90ee0,Red Eye Esports,oe:player:c59f2a6c6e7227a313b6d215f5fb153,Snoopy,bot,Senna,oe:player:7a2798d7c31bb0cdb3401cd4e375f14,Xayah,bot:Senna,lineup-03410b651aadf887,0,1998.00000000,33.30000000,2,4,3,1.25000000,8923.00000000,15282.00000000,47,458.91891892,0.17519782,0.19785598,90,2.70270270,0.71428571,-969.00000000,-1202.00000000,-113.00000000,3,out_of_time,550.75662109,599.04179159,268.99819291,-0.34140639,2023-03-02
pg-60976f50aafa1c38,ESPORTSTMNT03_3123485,2023-03-10T01:18:04,2023-03-10,2023,Unknown,1,13.04,Red,oe:team:e129de91074731ebb2203742f65ba3e,Universitario Esports,oe:team:2a7fc0772538d018f713520c5e90ee0,Red Eye Esports,oe:player:fac747e9c68a89da88dad294bf5ed51,Annataqui,jng,Wukong,oe:player:cd99932955b983ba7428c0219f7eb82,Vi,jng:Wukong,lineup-03410b651aadf887,0,1998.00000000,33.30000000,3,3,3,2.00000000,10281.00000000,11809.00000000,174,354.62462462,0.20186134,0.15289106,57,1.71171171,0.85714286,-247.00000000,-610.00000000,-15.00000000,3,out_of_time,393.26739383,372.57279030,150.89603166,-0.25608870,2023-03-02
pg-bac2a3f022a941e1,ESPORTSTMNT03_3123485,2023-03-10T01:18:04,2023-03-10,2023,Unknown,1,13.04,Red,oe:team:e129de91074731ebb2203742f65ba3e,Universitario Esports,oe:team:2a7fc0772538d018f713520c5e90ee0,Red Eye Esports,oe:player:b6fe055bfad88e328abe3fbbf21a33c,Overload,mid,LeBlanc,oe:player:fda70732b859899fa7572b8ebb41196,Ryze,mid:LeBlanc,lineup-03410b651aadf887,0,1998.00000000,33.30000000,1,3,4,1.66666667,10263.00000000,21666.00000000,215,650.63063063,0.20150792,0.28050959,38,1.14114114,0.71428571,-922.00000000,-595.00000000,-29.00000000,3,out_of_time,637.29676163,622.14389517,229.61638238,0.05807020,2023-03-02
pg-73bf78276f124c7e,ESPORTSTMNT03_3123485,2023-03-10T01:18:04,2023-03-10,2023,Unknown,1,13.04,Red,oe:team:e129de91074731ebb2203742f65ba3e,Universitario Esports,oe:team:2a7fc0772538d018f713520c5e90ee0,Red Eye Esports,oe:player:32dc07c1aa7fd284d0185619c6f9711,AlienBoy,sup,Sion,oe:player:9c8834ac0a7a7aaa66010ded94db1db,Rakan,sup:Sion,lineup-03410b651aadf887,0,1998.00000000,33.30000000,1,3,5,2.00000000,10578.00000000,14729.00000000,233,442.31231231,0.20769276,0.19069629,32,0.96096096,0.85714286,1413.00000000,1270.00000000,93.00000000,3,out_of_time,262.03698762,208.20618358,99.13835526,1.81842158,2023-03-02
pg-4b970ef1f0a490e6,ESPORTSTMNT03_3123485,2023-03-10T01:18:04,2023-03-10,2023,Unknown,1,13.04,Red,oe:team:e129de91074731ebb2203742f65ba3e,Universitario Esports,oe:team:2a7fc0772538d018f713520c5e90ee0,Red Eye Esports,oe:player:a9e2d00e60f059e223d82301a50182c,Abaddon,top,Renekton,oe:player:b9dfa3efb116230e2a05ff9f568e763,Camille,top:Renekton,lineup-03410b651aadf887,0,1998.00000000,33.30000000,0,3,4,1.33333333,10886.00000000,13752.00000000,248,412.97297297,0.21374016,0.17804708,20,0.60060060,0.57142857,876.00000000,1106.00000000,34.00000000,3,out_of_time,521.59357066,543.11116614,204.59916369,-0.53089463,2023-03-02
pg-bde96d05ed6c9cbe,ESPORTSTMNT03_3124467,2023-03-10T02:20:30,2023-03-10,2023,Unknown,1,13.04,Blue,oe:team:920c52a8d7dbd6f216f9e59b825abc8,Antares Esports,oe:team:df70cf5eb04453059ae5a4e4e30a392,Mad Kings,oe:player:ffac14a6607a6bd8d49177cf8f8be81,Zeldris,bot,Xayah,oe:player:445ba3ad8e65abac8ad443618717337,Lucian,bot:Xayah,lineup-87c3639b6d43b8da,1,2017.00000000,33.61666667,7,0,2,9.00000000,16290.00000000,16938.00000000,368,503.85721368,0.27454748,0.19553472,42,1.24938027,0.52941176,294.00000000,153.00000000,15.00000000,3,out_of_time,497.92042595,599.04179159,268.99819291,0.02206999,2023-03-02
pg-1a513e4ea77e5183,ESPORTSTMNT03_3124467,2023-03-10T02:20:30,2023-03-10,2023,Unknown,1,13.04,Blue,oe:team:920c52a8d7dbd6f216f9e59b825abc8,Antares Esports,oe:team:df70cf5eb04453059ae5a4e4e30a392,Mad Kings,oe:player:89faa52485aadb6d1181384f88d2001,Encounters,jng,Maokai,oe:player:914517b9be0b39cd64e61a8f3284995,Bel'Veth,jng:Maokai,lineup-87c3639b6d43b8da,1,2017.00000000,33.61666667,1,2,13,7.00000000,10009.00000000,16261.00000000,164,483.71839365,0.16868912,0.18771934,56,1.66584036,0.82352941,-1527.00000000,-1042.00000000,-33.00000000,3,out_of_time,382.46809744,372.57279030,150.89603166,0.67099376,2023-03-02
pg-1e789f9e98a76cd2,ESPORTSTMNT03_3124467,2023-03-10T02:20:30,2023-03-10,2023,Unknown,1,13.04,Blue,oe:team:920c52a8d7dbd6f216f9e59b825abc8,Antares Esports,oe:team:df70cf5eb04453059ae5a4e4e30a392,Mad Kings,oe:player:6f7cba7940b07a9bab657521a36fd21,WilBR,mid,Akali,oe:player:24a97b1b1e5d51b77443b684844af57,Renekton,mid:Akali,lineup-87c3639b6d43b8da,1,2017.00000000,33.61666667,3,0,10,13.00000000,13064.00000000,27446.00000000,275,816.44025781,0.22017730,0.31684060,46,1.36836886,0.76470588,76.00000000,342.00000000,-2.00000000,3,out_of_time,552.69002711,622.14389517,229.61638238,1.14865598,2023-03-02
pg-7ed2abc2ed70b271,ESPORTSTMNT03_3124467,2023-03-10T02:20:30,2023-03-10,2023,Unknown,1,13.04,Blue,oe:team:920c52a8d7dbd6f216f9e59b825abc8,Antares Esports,oe:team:df70cf5eb04453059ae5a4e4e30a392,Mad Kings,oe:player:e1c971f6e6c05a9a7ad90df76977ebd,Gauci,sup,Rakan,oe:player:c62419314cffbc6e4f3a9b5304e3ddb,Nami,sup:Rakan,lineup-87c3639b6d43b8da,1,2017.00000000,33.61666667,0,2,13,6.50000000,7920.00000000,3999.00000000,41,118.95884978,0.13348165,0.04616504,96,2.85572633,0.76470588,492.00000000,531.00000000,21.00000000,3,out_of_time,159.77199386,208.20618358,99.13835526,-0.41167865,2023-03-02
pg-5e3c85c5c3a6377d,ESPORTSTMNT03_3124467,2023-03-10T02:20:30,2023-03-10,2023,Unknown,1,13.04,Blue,oe:team:920c52a8d7dbd6f216f9e59b825abc8,Antares Esports,oe:team:df70cf5eb04453059ae5a4e4e30a392,Mad Kings,oe:player:4fa807dbb2b3e07b6eacded6065c8f9,Bingus,top,Illaoi,oe:player:7ec4aff3394361255ecfe13ca99b994,Sejuani,top:Illaoi,lineup-87c3639b6d43b8da,1,2017.00000000,33.61666667,6,3,8,4.66666667,12051.00000000,21980.00000000,215,653.84234011,0.20310446,0.25374030,37,1.10064452,0.82352941,-725.00000000,-545.00000000,-18.00000000,3,out_of_time,479.97334942,543.11116614,204.59916369,0.84980304,2023-03-02
pg-58287bccb420330a,ESPORTSTMNT03_3124467,2023-03-10T02:20:30,2023-03-10,2023,Unknown,1,13.04,Red,oe:team:df70cf5eb04453059ae5a4e4e30a392,Mad Kings,oe:team:920c52a8d7dbd6f216f9e59b825abc8,Antares Esports,oe:player:445ba3ad8e65abac8ad443618717337,Xamexx,bot,Lucian,oe:player:ffac14a6607a6bd8d49177cf8f8be81,Xayah,bot:Lucian,lineup-62d4b7a1638810cb,0,2017.00000000,33.61666667,3,2,2,2.50000000,14061.00000000,20475.00000000,319,609.07288052,0.25846476,0.30966425,53,1.57659891,0.71428571,-294.00000000,-153.00000000,-15.00000000,3,out_of_time,590.25222292,599.04179159,268.99819291,0.06996574,2023-03-02
pg-f5c62d573b7836d6,ESPORTSTMNT03_3124467,2023-03-10T02:20:30,2023-03-10,2023,Unknown,1,13.04,Red,oe:team:df70cf5eb04453059ae5a4e4e30a392,Mad Kings,oe:team:920c52a8d7dbd6f216f9e59b825abc8,Antares Esports,oe:player:914517b9be0b39cd64e61a8f3284995,Yoyomax,jng,Bel'Veth,oe:player:89faa52485aadb6d1181384f88d2001,Maokai,jng:Bel'Veth,lineup-62d4b7a1638810cb,0,2017.00000000,33.61666667,3,4,3,1.50000000,10464.00000000,10171.00000000,176,302.55825483,0.19234587,0.15382638,47,1.39811601,0.85714286,1527.00000000,1042.00000000,33.00000000,3,out_of_time,375.13100791,372.57279030,150.89603166,-0.48094541,2023-03-02
pg-d689f27e2ec9508a,ESPORTSTMNT03_3124467,2023-03-10T02:20:30,2023-03-10,2023,Unknown,1,13.04,Red,oe:team:df70cf5eb04453059ae5a4e4e30a392,Mad Kings,oe:team:920c52a8d7dbd6f216f9e59b825abc8,Antares Esports,oe:player:24a97b1b1e5d51b77443b684844af57,Alex Mercer,mid,Renekton,oe:player:6f7cba7940b07a9bab657521a36fd21,Akali,mid:Renekton,lineup-62d4b7a1638810cb,0,2017.00000000,33.61666667,0,5,3,0.60000000,11869.00000000,13793.00000000,289,410.30242935,0.21817213,0.20860557,35,1.04115022,0.42857143,-76.00000000,-342.00000000,2.00000000,3,out_of_time,603.59480471,622.14389517,229.61638238,-0.84180568,2023-03-02
pg-4cd33efd9a7ee5ab,ESPORTSTMNT03_3124467,2023-03-10T02:20:30,2023-03-10,2023,Unknown,1,13.04,Red,oe:team:df70cf5eb04453059ae5a4e4e30a392,Mad Kings,oe:team:920c52a8d7dbd6f216f9e59b825abc8,Antares Esports,oe:player:c62419314cffbc6e4f3a9b5304e3ddb,Melody,sup,Nami,oe:player:e1c971f6e6c05a9a7ad90df76977ebd,Rakan,sup:Nami,lineup-62d4b7a1638810cb,0,2017.00000000,33.61666667,0,1,5,5.00000000,6772.00000000,8092.00000000,12,240.71393158,0.12448072,0.12238355,67,1.99305900,0.71428571,-492.00000000,-531.00000000,-21.00000000,3,out_of_time,245.23396740,208.20618358,99.13835526,-0.04559321,2023-03-02
pg-57f5586e39caf212,ESPORTSTMNT03_3124467,2023-03-10T02:20:30,2023-03-10,2023,Unknown,1,13.04,Red,oe:team:df70cf5eb04453059ae5a4e4e30a392,Mad Kings,oe:team:920c52a8d7dbd6f216f9e59b825abc8,Antares Esports,oe:player:7ec4aff3394361255ecfe13ca99b994,Siicked,top,Sejuani,oe:player:4fa807dbb2b3e07b6eacded6065c8f9,Illaoi,top:Sejuani,lineup-62d4b7a1638810cb,0,2017.00000000,33.61666667,1,5,5,1.20000000,11236.00000000,13589.00000000,230,404.23401091,0.20653652,0.20552027,45,1.33862172,0.85714286,725.00000000,545.00000000,18.00000000,3,out_of_time,533.53822349,543.11116614,204.59916369,-0.63198798,2023-03-02
pg-f6eddee1a24bdefa,ESPORTSTMNT03_3125495,2023-03-10T03:30:55,2023-03-10,2023,Unknown,1,13.04,Blue,oe:team:df70cf5eb04453059ae5a4e4e30a392,Mad Kings,oe:team:920c52a8d7dbd6f216f9e59b825abc8,Antares Esports,oe:player:445ba3ad8e65abac8ad443618717337,Xamexx,bot,Sivir,oe:player:ffac14a6607a6bd8d49177cf8f8be81,Ezreal,bot:Sivir,lineup-62d4b7a1638810cb,1,1659.00000000,27.65000000,0,0,6,6.00000000,12334.00000000,8308.00000000,298,300.47016275,0.23657358,0.17125660,27,0.97649186,0.66666667,1146.00000000,937.00000000,21.00000000,3,out_of_time,658.89119267,599.04179159,268.99819291,-1.33242914,2023-03-02
pg-18eb6ed9d39128ec,ESPORTSTMNT03_3125495,2023-03-10T03:30:55,2023-03-10,2023,Unknown,1,13.04,Blue,oe:team:df70cf5eb04453059ae5a4e4e30a392,Mad Kings,oe:team:920c52a8d7dbd6f216f9e59b825abc8,Antares Esports,oe:player:914517b9be0b39cd64e61a8f3284995,Yoyomax,jng,Lee Sin,oe:player:89faa52485aadb6d1181384f88d2001,Maokai,jng:Lee Sin,lineup-62d4b7a1638810cb,1,1659.00000000,27.65000000,2,1,2,4.00000000,8996.00000000,4105.00000000,147,148.46292948,0.17254872,0.08461824,42,1.51898734,0.44444444,1404.00000000,483.00000000,10.00000000,3,out_of_time,373.83863638,372.57279030,150.89603166,-1.49358273,2023-03-02
pg-9c36ffdf7279fceb,ESPORTSTMNT03_3125495,2023-03-10T03:30:55,2023-03-10,2023,Unknown,1,13.04,Blue,oe:team:df70cf5eb04453059ae5a4e4e30a392,Mad Kings,oe:team:920c52a8d7dbd6f216f9e59b825abc8,Antares Esports,oe:player:24a97b1b1e5d51b77443b684844af57,Alex Mercer,mid,Mordekaiser,oe:player:6f7cba7940b07a9bab657521a36fd21,Corki,mid:Mordekaiser,lineup-62d4b7a1638810cb,1,1659.00000000,27.65000000,3,1,1,4.00000000,10329.00000000,8543.00000000,230,308.96925859,0.19811646,0.17610076,32,1.15732369,0.44444444,-358.00000000,-415.00000000,4.00000000,3,out_of_time,594.13153177,622.14389517,229.61638238,-1.24190735,2023-03-02
pg-bc2b1ee2d5e3e7e6,ESPORTSTMNT03_3125495,2023-03-10T03:30:55,2023-03-10,2023,Unknown,1,13.04,Blue,oe:team:df70cf5eb04453059ae5a4e4e30a392,Mad Kings,oe:team:920c52a8d7dbd6f216f9e59b825abc8,Antares Esports,oe:player:c62419314cffbc6e4f3a9b5304e3ddb,Melody,sup,Ashe,oe:player:e1c971f6e6c05a9a7ad90df76977ebd,Senna,sup:Ashe,lineup-62d4b7a1638810cb,1,1659.00000000,27.65000000,1,1,5,6.00000000,7263.00000000,9212.00000000,27,333.16455696,0.13930873,0.18989116,107,3.86980108,0.66666667,366.00000000,-20.00000000,-3.00000000,3,out_of_time,298.76484339,208.20618358,99.13835526,0.34698693,2023-03-02
pg-669bc476d54b20f0,ESPORTSTMNT03_3125495,2023-03-10T03:30:55,2023-03-10,2023,Unknown,1,13.04,Blue,oe:team:df70cf5eb04453059ae5a4e4e30a392,Mad Kings,oe:team:920c52a8d7dbd6f216f9e59b825abc8,Antares Esports,oe:player:7ec4aff3394361255ecfe13ca99b994,Siicked,top,Fiora,oe:player:4fa807dbb2b3e07b6eacded6065c8f9,K'Sante,top:Fiora,lineup-62d4b7a1638810cb,1,1659.00000000,27.65000000,3,0,0,3.00000000,13214.00000000,18344.00000000,260,663.43580470,0.25345251,0.37813325,29,1.04882459,0.33333333,1079.00000000,788.00000000,37.00000000,3,out_of_time,533.74289352,543.11116614,204.59916369,0.63388779,2023-03-02
pg-c8ea572b85c58758,ESPORTSTMNT03_3125495,2023-03-10T03:30:55,2023-03-10,2023,Unknown,1,13.04,Red,oe:team:920c52a8d7dbd6f216f9e59b825abc8,Antares Esports,oe:team:df70cf5eb04453059ae5a4e4e30a392,Mad Kings,oe:player:ffac14a6607a6bd8d49177cf8f8be81,Zeldris,bot,Ezreal,oe:player:445ba3ad8e65abac8ad443618717337,Sivir,bot:Ezreal,lineup-87c3639b6d43b8da,0,1659.00000000,27.65000000,1,1,2,3.00000000,9505.00000000,11569.00000000,239,418.40867993,0.23541213,0.24774080,16,0.57866184,1.00000000,-1146.00000000,-937.00000000,-21.00000000,3,out_of_time,629.07819063,599.04179159,268.99819291,-0.78316329,2023-03-02
pg-d8e704101fafb5af,ESPORTSTMNT03_3125495,2023-03-10T03:30:55,2023-03-10,2023,Unknown,1,13.04,Red,oe:team:920c52a8d7dbd6f216f9e59b825abc8,Antares Esports,oe:team:df70cf5eb04453059ae5a4e4e30a392,Mad Kings,oe:player:89faa52485aadb6d1181384f88d2001,Encounters,jng,Maokai,oe:player:914517b9be0b39cd64e61a8f3284995,Lee Sin,jng:Maokai,lineup-87c3639b6d43b8da,0,1659.00000000,27.65000000,2,1,1,3.00000000,7972.00000000,10345.00000000,143,374.14104882,0.19744403,0.22152983,42,1.51898734,1.00000000,-1404.00000000,-483.00000000,-10.00000000,3,out_of_time,381.55202662,372.57279030,150.89603166,-0.04911314,2023-03-02
pg-1e884b42cc070e94,ESPORTSTMNT03_3125495,2023-03-10T03:30:55,2023-03-10,2023,Unknown,1,13.04,Red,oe:team:920c52a8d7dbd6f216f9e59b825abc8,Antares Esports,oe:team:df70cf5eb04453059ae5a4e4e30a392,Mad Kings,oe:player:6f7cba7940b07a9bab657521a36fd21,WilBR,mid,Corki,oe:player:24a97b1b1e5d51b77443b684844af57,Mordekaiser,mid:Corki,lineup-87c3639b6d43b8da,0,1659.00000000,27.65000000,0,1,1,1.00000000,9330.00000000,11344.00000000,236,410.27124774,0.23107787,0.24292261,40,1.44665461,0.33333333,358.00000000,415.00000000,-4.00000000,3,out_of_time,539.91112013,622.14389517,229.61638238,-0.56459331,2023-03-02
pg-c78a6291445fa795,ESPORTSTMNT03_3125495,2023-03-10T03:30:55,2023-03-10,2023,Unknown,1,13.04,Red,oe:team:920c52a8d7dbd6f216f9e59b825abc8,Antares Esports,oe:team:df70cf5eb04453059ae5a4e4e30a392,Mad Kings,oe:player:e1c971f6e6c05a9a7ad90df76977ebd,Gauci,sup,Senna,oe:player:c62419314cffbc6e4f3a9b5304e3ddb,Ashe,sup:Senna,lineup-87c3639b6d43b8da,0,1659.00000000,27.65000000,0,3,3,1.00000000,6085.00000000,6781.00000000,26,245.24412297,0.15070834,0.14520964,74,2.67631103,1.00000000,-366.00000000,20.00000000,3.00000000,3,out_of_time,194.61869877,208.20618358,99.13835526,0.51065427,2023-03-02
pg-5b1bcdd47f80ffe7,ESPORTSTMNT03_3125495,2023-03-10T03:30:55,2023-03-10,2023,Unknown,1,13.04,Red,oe:team:920c52a8d7dbd6f216f9e59b825abc8,Antares Esports,oe:team:df70cf5eb04453059ae5a4e4e30a392,Mad Kings,oe:player:4fa807dbb2b3e07b6eacded6065c8f9,Bingus,top,K'Sante,oe:player:7ec4aff3394361255ecfe13ca99b994,Fiora,top:K'Sante,lineup-87c3639b6d43b8da,0,1659.00000000,27.65000000,0,3,1,0.33333333,7484.00000000,6659.00000000,170,240.83182640,0.18535764,0.14259711,24,0.86799277,0.33333333,-1079.00000000,-788.00000000,-37.00000000,3,out_of_time,437.97529641,543.11116614,204.59916369,-0.96355951,2023-03-02
pg-716709246c249ee1,ESPORTSTMNT03_3125506,2023-03-10T04:25:34,2023-03-10,2023,Unknown,1,13.04,Blue,oe:team:df70cf5eb04453059ae5a4e4e30a392,Mad Kings,oe:team:920c52a8d7dbd6f216f9e59b825abc8,Antares Esports,oe:player:445ba3ad8e65abac8ad443618717337,Xamexx,bot,Caitlyn,oe:player:ffac14a6607a6bd8d49177cf8f8be81,Tristana,bot:Caitlyn,lineup-62d4b7a1638810cb,1,1792.00000000,29.86666667,4,4,8,3.00000000,13599.00000000,14109.00000000,268,472.39955357,0.22624276,0.21125685,41,1.37276786,0.60000000,-1046.00000000,-55.00000000,18.00000000,3,out_of_time,528.13513674,599.04179159,268.99819291,-0.20719687,2023-03-02
pg-8cba43d039becc75,ESPORTSTMNT03_3125506,2023-03-10T04:25:34,2023-03-10,2023,Unknown,1,13.04,Blue,oe:team:df70cf5eb04453059ae5a4e4e30a392,Mad Kings,oe:team:920c52a8d7dbd6f216f9e59b825abc8,Antares Esports,oe:player:914517b9be0b39cd64e61a8f3284995,Yoyomax,jng,Lee Sin,oe:player:89faa52485aadb6d1181384f88d2001,Zac,jng:Lee Sin,lineup-62d4b7a1638810cb,1,1792.00000000,29.86666667,8,3,11,6.33333333,12407.00000000,13321.00000000,138,446.01562500,0.20641179,0.19945797,28,0.93750000,0.95000000,2034.00000000,-552.00000000,-13.00000000,3,out_of_time,379.80662695,372.57279030,150.89603166,0.43877229,2023-03-02
pg-44a0478f97f055ae,ESPORTSTMNT03_3125506,2023-03-10T04:25:34,2023-03-10,2023,Unknown,1,13.04,Blue,oe:team:df70cf5eb04453059ae5a4e4e30a392,Mad Kings,oe:team:920c52a8d7dbd6f216f9e59b825abc8,Antares Esports,oe:player:24a97b1b1e5d51b77443b684844af57,Alex Mercer,mid,Annie,oe:player:6f7cba7940b07a9bab657521a36fd21,Anivia,mid:Annie,lineup-62d4b7a1638810cb,1,1792.00000000,29.86666667,2,3,10,4.00000000,10823.00000000,11176.00000000,177,374.19642857,0.18005923,0.16734046,30,1.00446429,0.60000000,-300.00000000,-1075.00000000,-11.00000000,3,out_of_time,613.23678847,622.14389517,229.61638238,-1.04104227,2023-03-02
pg-0e8530177298fc37,ESPORTSTMNT03_3125506,2023-03-10T04:25:34,2023-03-10,2023,Unknown,1,13.04,Blue,oe:team:df70cf5eb04453059ae5a4e4e30a392,Mad Kings,oe:team:920c52a8d7dbd6f216f9e59b825abc8,Antares Esports,oe:player:c62419314cffbc6e4f3a9b5304e3ddb,Melody,sup,Lux,oe:player:e1c971f6e6c05a9a7ad90df76977ebd,Blitzcrank,sup:Lux,lineup-62d4b7a1638810cb,1,1792.00000000,29.86666667,4,3,10,4.66666667,9559.00000000,10650.00000000,45,356.58482143,0.15903041,0.15946456,75,2.51116071,0.70000000,972.00000000,137.00000000,11.00000000,3,out_of_time,290.29655430,208.20618358,99.13835526,0.66864401,2023-03-02
pg-4cd1f6622db9ef78,ESPORTSTMNT03_3125506,2023-03-10T04:25:34,2023-03-10,2023,Unknown,1,13.04,Blue,oe:team:df70cf5eb04453059ae5a4e4e30a392,Mad Kings,oe:team:920c52a8d7dbd6f216f9e59b825abc8,Antares Esports,oe:player:7ec4aff3394361255ecfe13ca99b994,Siicked,top,Gwen,oe:player:4fa807dbb2b3e07b6eacded6065c8f9,Gangplank,top:Gwen,lineup-62d4b7a1638810cb,1,1792.00000000,29.86666667,2,0,6,8.00000000,13720.00000000,17530.00000000,293,586.94196429,0.22825581,0.26248016,39,1.30580357,0.40000000,764.00000000,904.00000000,52.00000000,3,out_of_time,547.31739628,543.11116614,204.59916369,0.19366926,2023-03-02
pg-4b8e738d1031699f,ESPORTSTMNT03_3125506,2023-03-10T04:25:34,2023-03-10,2023,Unknown,1,13.04,Red,oe:team:920c52a8d7dbd6f216f9e59b825abc8,Antares Esports,oe:team:df70cf5eb04453059ae5a4e4e30a392,Mad Kings,oe:player:ffac14a6607a6bd8d49177cf8f8be81,Zeldris,bot,Tristana,oe:player:445ba3ad8e65abac8ad443618717337,Caitlyn,bot:Tristana,lineup-87c3639b6d43b8da,0,1792.00000000,29.86666667,8,4,1,2.25000000,13083.00000000,12493.00000000,228,418.29241071,0.27290363,0.23946713,43,1.43973214,0.69230769,1046.00000000,55.00000000,-18.00000000,3,out_of_time,486.00669836,599.04179159,268.99819291,-0.25172767,2023-03-02
pg-f72eeb306ba19983,ESPORTSTMNT03_3125506,2023-03-10T04:25:34,2023-03-10,2023,Unknown,1,13.04,Red,oe:team:920c52a8d7dbd6f216f9e59b825abc8,Antares Esports,oe:team:df70cf5eb04453059ae5a4e4e30a392,Mad Kings,oe:player:89faa52485aadb6d1181384f88d2001,Encounters,jng,Zac,oe:player:914517b9be0b39cd64e61a8f3284995,Lee Sin,jng:Zac,lineup-87c3639b6d43b8da,0,1792.00000000,29.86666667,0,6,9,1.50000000,7496.00000000,7528.00000000,128,252.05357143,0.15636212,0.14429749,41,1.37276786,0.69230769,-2034.00000000,552.00000000,13.00000000,3,out_of_time,313.98166493,372.57279030,150.89603166,-0.41040240,2023-03-02
pg-a85ce9dd6cf68486,ESPORTSTMNT03_3125506,2023-03-10T04:25:34,2023-03-10,2023,Unknown,1,13.04,Red,oe:team:920c52a8d7dbd6f216f9e59b825abc8,Antares Esports,oe:team:df70cf5eb04453059ae5a4e4e30a392,Mad Kings,oe:player:6f7cba7940b07a9bab657521a36fd21,WilBR,mid,Anivia,oe:player:24a97b1b1e5d51b77443b684844af57,Annie,mid:Anivia,lineup-87c3639b6d43b8da,0,1792.00000000,29.86666667,3,3,4,2.33333333,10415.00000000,15117.00000000,227,506.14955357,0.21725073,0.28976423,36,1.20535714,0.53846154,300.00000000,1075.00000000,11.00000000,3,out_of_time,538.99178334,622.14389517,229.61638238,-0.14303086,2023-03-02
pg-af023bb21f4e99da,ESPORTSTMNT03_3125506,2023-03-10T04:25:34,2023-03-10,2023,Unknown,1,13.04,Red,oe:team:920c52a8d7dbd6f216f9e59b825abc8,Antares Esports,oe:team:df70cf5eb04453059ae5a4e4e30a392,Mad Kings,oe:player:e1c971f6e6c05a9a7ad90df76977ebd,Gauci,sup,Blitzcrank,oe:player:c62419314cffbc6e4f3a9b5304e3ddb,Lux,sup:Blitzcrank,lineup-87c3639b6d43b8da,0,1792.00000000,29.86666667,2,4,10,3.00000000,7043.00000000,6003.00000000,26,200.99330357,0.14691281,0.11506613,62,2.07589286,0.92307692,-972.00000000,-137.00000000,-11.00000000,3,out_of_time,198.92636345,208.20618358,99.13835526,0.02084905,2023-03-02
pg-abd697da0ff497fd,ESPORTSTMNT03_3125506,2023-03-10T04:25:34,2023-03-10,2023,Unknown,1,13.04,Red,oe:team:920c52a8d7dbd6f216f9e59b825abc8,Antares Esports,oe:team:df70cf5eb04453059ae5a4e4e30a392,Mad Kings,oe:player:4fa807dbb2b3e07b6eacded6065c8f9,Bingus,top,Gangplank,oe:player:7ec4aff3394361255ecfe13ca99b994,Gwen,top:Gangplank,lineup-87c3639b6d43b8da,0,1792.00000000,29.86666667,0,3,3,1.00000000,9903.00000000,11029.00000000,185,369.27455357,0.20657071,0.21140502,34,1.13839286,0.23076923,-764.00000000,-904.00000000,-52.00000000,3,out_of_time,551.92620783,543.11116614,204.59916369,-0.89272923,2023-03-02
pg-148c0b3c748b4709,ESPORTSTMNT06_2774493,2023-03-11T22:42:42,2023-03-11,2023,Unknown,1,13.04,Blue,oe:team:2a7fc0772538d018f713520c5e90ee0,Red Eye Esports,oe:team:32c3055d495d91676e208b0c8997536,Incubus,oe:player:7a2798d7c31bb0cdb3401cd4e375f14,ZombieHog,bot,Kai'Sa,oe:player:54861efdd06fc309e1c9a420feff98e,Ezreal,bot:Kai'Sa,lineup-d54c83941826a97f,0,1736.00000000,28.93333333,2,1,1,3.00000000,12226.00000000,9051.00000000,287,312.82258065,0.27253071,0.27675514,22,0.76036866,0.75000000,-655.00000000,-202.00000000,-8.00000000,3,out_of_time,560.02309047,599.04179159,268.99819291,-0.91896718,2023-03-02
pg-ffa27fd462b2f98e,ESPORTSTMNT06_2774493,2023-03-11T22:42:42,2023-03-11,2023,Unknown,1,13.04,Blue,oe:team:2a7fc0772538d018f713520c5e90ee0,Red Eye Esports,oe:team:32c3055d495d91676e208b0c8997536,Incubus,oe:player:cd99932955b983ba7428c0219f7eb82,Ruyi,jng,Sejuani,oe:player:e48399fc3f73709f52da476693e76ac,Gragas,jng:Sejuani,lineup-d54c83941826a97f,0,1736.00000000,28.93333333,1,5,1,0.40000000,8339.00000000,3816.00000000,137,131.88940092,0.18588529,0.11668297,30,1.03686636,0.50000000,-249.00000000,-713.00000000,-15.00000000,3,out_of_time,331.92291519,372.57279030,150.89603166,-1.32563800,2023-03-02
pg-0df0166ad1e33ad4,ESPORTSTMNT06_2774493,2023-03-11T22:42:42,2023-03-11,2023,Unknown,1,13.04,Blue,oe:team:2a7fc0772538d018f713520c5e90ee0,Red Eye Esports,oe:team:32c3055d495d91676e208b0c8997536,Incubus,oe:player:fda70732b859899fa7572b8ebb41196,Saifer,mid,Sylas,oe:player:5323274d1d895fb72872217f95701c6,Yone,mid:Sylas,lineup-d54c83941826a97f,0,1736.00000000,28.93333333,0,4,0,0.00000000,9142.00000000,5847.00000000,244,202.08525346,0.20378502,0.17878547,27,0.93317972,0.00000000,-302.00000000,-312.00000000,-16.00000000,3,out_of_time,531.92473363,622.14389517,229.61638238,-1.43648061,2023-03-02
pg-3bac5957c0d693e2,ESPORTSTMNT06_2774493,2023-03-11T22:42:42,2023-03-11,2023,Unknown,1,13.04,Blue,oe:team:2a7fc0772538d018f713520c5e90ee0,Red Eye Esports,oe:team:32c3055d495d91676e208b0c8997536,Incubus,oe:player:9c8834ac0a7a7aaa66010ded94db1db,Cassius,sup,Thresh,oe:player:1a78e472bae7d14a62db8e30ea6cfd9,Ashe,sup:Thresh,lineup-d54c83941826a97f,0,1736.00000000,28.93333333,0,3,1,0.33333333,6121.00000000,3827.00000000,53,132.26958525,0.13644368,0.11701932,78,2.69585253,0.25000000,25.00000000,-335.00000000,18.00000000,3,out_of_time,193.85876827,208.20618358,99.13835526,-0.62124475,2023-03-02
pg-d2b4b17d64c6863b,ESPORTSTMNT06_2774493,2023-03-11T22:42:42,2023-03-11,2023,Unknown,1,13.04,Blue,oe:team:2a7fc0772538d018f713520c5e90ee0,Red Eye Esports,oe:team:32c3055d495d91676e208b0c8997536,Incubus,oe:player:b9dfa3efb116230e2a05ff9f568e763,Dertako,top,Olaf,oe:player:dfeef0ad11329eb650c8146697b943e,Renekton,top:Olaf,lineup-d54c83941826a97f,0,1736.00000000,28.93333333,1,6,1,0.33333333,9033.00000000,10163.00000000,218,351.25576037,0.20135530,0.31075709,17,0.58755760,0.50000000,-1565.00000000,-615.00000000,-14.00000000,3,out_of_time,509.59591936,543.11116614,204.59916369,-0.77390423,2023-03-02
pg-dea30c3e74412495,ESPORTSTMNT06_2774493,2023-03-11T22:42:42,2023-03-11,2023,Unknown,1,13.04,Red,oe:team:32c3055d495d91676e208b0c8997536,Incubus,oe:team:2a7fc0772538d018f713520c5e90ee0,Red Eye Esports,oe:player:54861efdd06fc309e1c9a420feff98e,Scenario,bot,Ezreal,oe:player:7a2798d7c31bb0cdb3401cd4e375f14,Kai'Sa,bot:Ezreal,lineup-fc51ce60bc518eb2,1,1736.00000000,28.93333333,4,1,9,13.00000000,13132.00000000,23352.00000000,276,807.09677419,0.22137186,0.31742062,35,1.20967742,0.68421053,655.00000000,202.00000000,8.00000000,3,out_of_time,687.95009744,599.04179159,268.99819291,0.44292742,2023-03-02
pg-d8e34a469fee0a24,ESPORTSTMNT06_2774493,2023-03-11T22:42:42,2023-03-11,2023,Unknown,1,13.04,Red,oe:team:32c3055d495d91676e208b0c8997536,Incubus,oe:team:2a7fc0772538d018f713520c5e90ee0,Red Eye Esports,oe:player:e48399fc3f73709f52da476693e76ac,Shall,jng,Gragas,oe:player:cd99932955b983ba7428c0219f7eb82,Sejuani,jng:Gragas,lineup-fc51ce60bc518eb2,1,1736.00000000,28.93333333,5,1,9,14.00000000,11292.00000000,15034.00000000,196,519.60829493,0.19035417,0.20435515,65,2.24654378,0.73684211,249.00000000,713.00000000,15.00000000,3,out_of_time,446.33599446,372.57279030,150.89603166,0.48558136,2023-03-02
pg-023d08c2de56a6ee,ESPORTSTMNT06_2774493,2023-03-11T22:42:42,2023-03-11,2023,Unknown,1,13.04,Red,oe:team:32c3055d495d91676e208b0c8997536,Incubus,oe:team:2a7fc0772538d018f713520c5e90ee0,Red Eye Esports,oe:player:5323274d1d895fb72872217f95701c6,Dinastik,mid,Yone,oe:player:fda70732b859899fa7572b8ebb41196,Sylas,mid:Yone,lineup-fc51ce60bc518eb2,1,1736.00000000,28.93333333,4,1,3,7.00000000,13321.00000000,12562.00000000,315,434.17050691,0.22455791,0.17075359,25,0.86405530,0.36842105,302.00000000,312.00000000,16.00000000,3,out_of_time,655.72196247,622.14389517,229.61638238,-0.96487652,2023-03-02
pg-92477cc5a7e550b8,ESPORTSTMNT06_2774493,2023-03-11T22:42:42,2023-03-11,2023,Unknown,1,13.04,Red,oe:team:32c3055d495d91676e208b0c8997536,Incubus,oe:team:2a7fc0772538d018f713520c5e90ee0,Red Eye Esports,oe:player:1a78e472bae7d14a62db8e30ea6cfd9,Ceviche,sup,Ashe,oe:player:9c8834ac0a7a7aaa66010ded94db1db,Thresh,sup:Ashe,lineup-fc51ce60bc518eb2,1,1736.00000000,28.93333333,2,0,8,10.00000000,8256.00000000,6797.00000000,24,234.91935484,0.13917500,0.09239071,82,2.83410138,0.52631579,-25.00000000,335.00000000,-18.00000000,3,out_of_time,333.91084902,208.20618358,99.13835526,-0.99851863,2023-03-02
pg-062377fa10cb75d1,ESPORTSTMNT06_2774493,2023-03-11T22:42:42,2023-03-11,2023,Unknown,1,13.04,Red,oe:team:32c3055d495d91676e208b0c8997536,Incubus,oe:team:2a7fc0772538d018f713520c5e90ee0,Red Eye Esports,oe:player:dfeef0ad11329eb650c8146697b943e,JuanDeDios,top,Renekton,oe:player:b9dfa3efb116230e2a05ff9f568e763,Olaf,top:Renekton,lineup-fc51ce60bc518eb2,1,1736.00000000,28.93333333,4,1,9,13.00000000,13320.00000000,15823.00000000,245,546.87788018,0.22454106,0.21507993,19,0.65668203,0.68421053,1565.00000000,615.00000000,14.00000000,3,out_of_time,546.92718612,543.11116614,204.59916369,-0.00024099,2023-03-02
pg-c2940a6836e32764,ESPORTSTMNT06_2774497,2023-03-11T23:38:14,2023-03-11,2023,Unknown,1,13.04,Blue,oe:team:32c3055d495d91676e208b0c8997536,Incubus,oe:team:2a7fc0772538d018f713520c5e90ee0,Red Eye Esports,oe:player:54861efdd06fc309e1c9a420feff98e,Scenario,bot,Kai'Sa,oe:player:7a2798d7c31bb0cdb3401cd4e375f14,Xayah,bot:Kai'Sa,lineup-fc51ce60bc518eb2,1,1675.00000000,27.91666667,8,2,3,5.50000000,13822.00000000,19597.00000000,278,701.98208955,0.24365393,0.27886955,48,1.71940299,0.50000000,701.00000000,932.00000000,3.00000000,3,out_of_time,604.77707912,599.04179159,268.99819291,0.36135934,2023-03-02
pg-dd12b4fee652d44a,ESPORTSTMNT06_2774497,2023-03-11T23:38:14,2023-03-11,2023,Unknown,1,13.04,Blue,oe:team:32c3055d495d91676e208b0c8997536,Incubus,oe:team:2a7fc0772538d018f713520c5e90ee0,Red Eye Esports,oe:player:e48399fc3f73709f52da476693e76ac,Shall,jng,Lee Sin,oe:player:cd99932955b983ba7428c0219f7eb82,Lillia,jng:Lee Sin,lineup-fc51ce60bc518eb2,1,1675.00000000,27.91666667,4,2,11,7.50000000,10631.00000000,10875.00000000,157,389.55223881,0.18740305,0.15475360,39,1.39701493,0.68181818,1172.00000000,436.00000000,0.00000000,3,out_of_time,421.79104748,372.57279030,150.89603166,-0.21364915,2023-03-02
pg-6e0ead56eed33903,ESPORTSTMNT06_2774497,2023-03-11T23:38:14,2023-03-11,2023,Unknown,1,13.04,Blue,oe:team:32c3055d495d91676e208b0c8997536,Incubus,oe:team:2a7fc0772538d018f713520c5e90ee0,Red Eye Esports,oe:player:5323274d1d895fb72872217f95701c6,Dinastik,mid,Sylas,oe:player:fda70732b859899fa7572b8ebb41196,Yone,mid:Sylas,lineup-fc51ce60bc518eb2,1,1675.00000000,27.91666667,5,1,7,12.00000000,12140.00000000,15319.00000000,249,548.74029851,0.21400367,0.21799269,17,0.60895522,0.54545455,780.00000000,-42.00000000,14.00000000,3,out_of_time,602.47453804,622.14389517,229.61638238,-0.23401745,2023-03-02
pg-ec0281011eb55208,ESPORTSTMNT06_2774497,2023-03-11T23:38:14,2023-03-11,2023,Unknown,1,13.04,Blue,oe:team:32c3055d495d91676e208b0c8997536,Incubus,oe:team:2a7fc0772538d018f713520c5e90ee0,Red Eye Esports,oe:player:1a78e472bae7d14a62db8e30ea6cfd9,Ceviche,sup,Nautilus,oe:player:9c8834ac0a7a7aaa66010ded94db1db,Braum,sup:Nautilus,lineup-fc51ce60bc518eb2,1,1675.00000000,27.91666667,1,3,12,4.33333333,7534.00000000,4833.00000000,36,173.12238806,0.13280919,0.06877464,70,2.50746269,0.59090909,675.00000000,831.00000000,-3.00000000,3,out_of_time,266.02974175,208.20618358,99.13835526,-0.93714843,2023-03-02
pg-78d7fe83ed6eac43,ESPORTSTMNT06_2774497,2023-03-11T23:38:14,2023-03-11,2023,Unknown,1,13.04,Blue,oe:team:32c3055d495d91676e208b0c8997536,Incubus,oe:team:2a7fc0772538d018f713520c5e90ee0,Red Eye Esports,oe:player:dfeef0ad11329eb650c8146697b943e,JuanDeDios,top,Jayce,oe:player:b9dfa3efb116230e2a05ff9f568e763,Olaf,top:Jayce,lineup-fc51ce60bc518eb2,1,1675.00000000,27.91666667,4,4,8,3.00000000,12601.00000000,19649.00000000,254,703.84477612,0.22213016,0.27960952,37,1.32537313,0.54545455,-366.00000000,-489.00000000,1.00000000,3,out_of_time,587.62251104,543.11116614,204.59916369,0.56804858,2023-03-02
pg-9d2a7b09097be2d4,ESPORTSTMNT06_2774497,2023-03-11T23:38:14,2023-03-11,2023,Unknown,1,13.04,Red,oe:team:2a7fc0772538d018f713520c5e90ee0,Red Eye Esports,oe:team:32c3055d495d91676e208b0c8997536,Incubus,oe:player:7a2798d7c31bb0cdb3401cd4e375f14,ZombieHog,bot,Xayah,oe:player:54861efdd06fc309e1c9a420feff98e,Kai'Sa,bot:Xayah,lineup-d54c83941826a97f,0,1675.00000000,27.91666667,4,4,4,2.00000000,11157.00000000,13336.00000000,243,477.70746269,0.23557855,0.19308228,19,0.68059701,0.66666667,-701.00000000,-932.00000000,-3.00000000,3,out_of_time,530.26457533,599.04179159,268.99819291,-0.19538091,2023-03-02
pg-82a5268d3b7e6925,ESPORTSTMNT06_2774497,2023-03-11T23:38:14,2023-03-11,2023,Unknown,1,13.04,Red,oe:team:2a7fc0772538d018f713520c5e90ee0,Red Eye Esports,oe:team:32c3055d495d91676e208b0c8997536,Incubus,oe:player:cd99932955b983ba7428c0219f7eb82,Ruyi,jng,Lillia,oe:player:e48399fc3f73709f52da476693e76ac,Lee Sin,jng:Lillia,lineup-d54c83941826a97f,0,1675.00000000,27.91666667,1,4,7,2.00000000,8299.00000000,7994.00000000,134,286.35223881,0.17523226,0.11573933,33,1.18208955,0.66666667,-1172.00000000,-436.00000000,0.00000000,3,out_of_time,372.10533368,372.57279030,150.89603166,-0.56829258,2023-03-02
pg-bbe26f2e43b35671,ESPORTSTMNT06_2774497,2023-03-11T23:38:14,2023-03-11,2023,Unknown,1,13.04,Red,oe:team:2a7fc0772538d018f713520c5e90ee0,Red Eye Esports,oe:team:32c3055d495d91676e208b0c8997536,Incubus,oe:player:fda70732b859899fa7572b8ebb41196,Saifer,mid,Yone,oe:player:5323274d1d895fb72872217f95701c6,Sylas,mid:Yone,lineup-d54c83941826a97f,0,1675.00000000,27.91666667,2,3,6,2.66666667,10329.00000000,18355.00000000,239,657.49253731,0.21809544,0.26574874,29,1.03880597,0.66666667,-780.00000000,42.00000000,-14.00000000,3,out_of_time,585.17215806,622.14389517,229.61638238,0.31496176,2023-03-02
pg-e25586c2d7a1abca,ESPORTSTMNT06_2774497,2023-03-11T23:38:14,2023-03-11,2023,Unknown,1,13.04,Red,oe:team:2a7fc0772538d018f713520c5e90ee0,Red Eye Esports,oe:team:32c3055d495d91676e208b0c8997536,Incubus,oe:player:9c8834ac0a7a7aaa66010ded94db1db,Cassius,sup,Braum,oe:player:1a78e472bae7d14a62db8e30ea6cfd9,Nautilus,sup:Braum,lineup-d54c83941826a97f,0,1675.00000000,27.91666667,0,4,9,2.25000000,6605.00000000,7508.00000000,53,268.94328358,0.13946368,0.10870289,89,3.18805970,0.75000000,-675.00000000,-831.00000000,3.00000000,3,out_of_time,179.90471871,208.20618358,99.13835526,0.89812429,2023-03-02
pg-5bc5744e6823337a,ESPORTSTMNT06_2774497,2023-03-11T23:38:14,2023-03-11,2023,Unknown,1,13.04,Red,oe:team:2a7fc0772538d018f713520c5e90ee0,Red Eye Esports,oe:team:32c3055d495d91676e208b0c8997536,Incubus,oe:player:b9dfa3efb116230e2a05ff9f568e763,Dertako,top,Olaf,oe:player:dfeef0ad11329eb650c8146697b943e,Jayce,top:Olaf,lineup-d54c83941826a97f,0,1675.00000000,27.91666667,5,7,6,1.57142857,10970.00000000,21876.00000000,218,783.61791045,0.23163007,0.31672675,17,0.60895522,0.91666667,366.00000000,489.00000000,-1.00000000,3,out_of_time,495.13637894,543.11116614,204.59916369,1.40998392,2023-03-02
pg-faa1560713eb0dda,ESPORTSTMNT06_2773488,2023-03-12T00:50:19,2023-03-12,2023,Unknown,1,13.04,Blue,oe:team:9aa855d087642f20ad7e3a7ae5c8251,Spectacled Bears,oe:team:df70cf5eb04453059ae5a4e4e30a392,Mad Kings,oe:player:4d17518b7fc605b3fa42992ec61dd9c,CaTzzz,bot,Kai'Sa,oe:player:445ba3ad8e65abac8ad443618717337,Varus,bot:Kai'Sa,lineup-3b10fe8019e141d6,1,1956.00000000,32.60000000,7,1,4,11.00000000,15687.00000000,28748.00000000,306,881.84049080,0.24411765,0.33609633,59,1.80981595,0.73333333,-367.00000000,-36.00000000,-5.00000000,3,out_of_time,598.33089622,599.04179159,268.99819291,1.05394609,2023-03-02
pg-aab25485653b2a4c,ESPORTSTMNT06_2773488,2023-03-12T00:50:19,2023-03-12,2023,Unknown,1,13.04,Blue,oe:team:9aa855d087642f20ad7e3a7ae5c8251,Spectacled Bears,oe:team:df70cf5eb04453059ae5a4e4e30a392,Mad Kings,oe:player:224734629348b393f3a6d6140e59956,1Curioso,jng,Gragas,oe:player:914517b9be0b39cd64e61a8f3284995,Lee Sin,jng:Gragas,lineup-3b10fe8019e141d6,1,1956.00000000,32.60000000,2,2,5,3.50000000,11200.00000000,9214.00000000,192,282.63803681,0.17429194,0.10772199,44,1.34969325,0.46666667,-638.00000000,320.00000000,10.00000000,3,out_of_time,410.24495015,372.57279030,150.89603166,-0.84566116,2023-03-02
pg-46d9f4f2c821090c,ESPORTSTMNT06_2773488,2023-03-12T00:50:19,2023-03-12,2023,Unknown,1,13.04,Blue,oe:team:9aa855d087642f20ad7e3a7ae5c8251,Spectacled Bears,oe:team:df70cf5eb04453059ae5a4e4e30a392,Mad Kings,oe:player:18eff78d8fbeb94244572cef0bb4536,Alowhed,mid,Cassiopeia,oe:player:24a97b1b1e5d51b77443b684844af57,Mordekaiser,mid:Cassiopeia,lineup-3b10fe8019e141d6,1,1956.00000000,32.60000000,5,4,7,3.00000000,14653.00000000,26280.00000000,299,806.13496933,0.22802677,0.30724265,47,1.44171779,0.80000000,1050.00000000,1048.00000000,37.00000000,3,out_of_time,620.04109756,622.14389517,229.61638238,0.81045555,2023-03-02
pg-34b258a97991707e,ESPORTSTMNT06_2773488,2023-03-12T00:50:19,2023-03-12,2023,Unknown,1,13.04,Blue,oe:team:9aa855d087642f20ad7e3a7ae5c8251,Spectacled Bears,oe:team:df70cf5eb04453059ae5a4e4e30a392,Mad Kings,oe:player:30edf70db68aa84f05d3e72326807b0,Bucket,sup,Alistar,oe:player:c62419314cffbc6e4f3a9b5304e3ddb,Braum,sup:Alistar,lineup-3b10fe8019e141d6,1,1956.00000000,32.60000000,0,4,12,3.00000000,8432.00000000,5017.00000000,35,153.89570552,0.13121693,0.05865435,88,2.69938650,0.80000000,75.00000000,346.00000000,8.00000000,3,out_of_time,279.32481531,208.20618358,99.13835526,-1.26519256,2023-03-02
pg-6cde3b0a4bfe344e,ESPORTSTMNT06_2773488,2023-03-12T00:50:19,2023-03-12,2023,Unknown,1,13.04,Blue,oe:team:9aa855d087642f20ad7e3a7ae5c8251,Spectacled Bears,oe:team:df70cf5eb04453059ae5a4e4e30a392,Mad Kings,oe:player:36b92108c1f71cd425ded7abc50b86b,Akunma,top,Renekton,oe:player:7ec4aff3394361255ecfe13ca99b994,K'Sante,top:Renekton,lineup-3b10fe8019e141d6,1,1956.00000000,32.60000000,1,1,9,10.00000000,14288.00000000,16276.00000000,286,499.26380368,0.22234672,0.19028468,34,1.04294479,0.66666667,-1524.00000000,-624.00000000,-16.00000000,3,out_of_time,538.22173670,543.11116614,204.59916369,-0.19041101,2023-03-02
pg-d45452c21f4d2bef,ESPORTSTMNT06_2773488,2023-03-12T00:50:19,2023-03-12,2023,Unknown,1,13.04,Red,oe:team:df70cf5eb04453059ae5a4e4e30a392,Mad Kings,oe:team:9aa855d087642f20ad7e3a7ae5c8251,Spectacled Bears,oe:player:445ba3ad8e65abac8ad443618717337,Xamexx,bot,Varus,oe:player:4d17518b7fc605b3fa42992ec61dd9c,Kai'Sa,bot:Varus,lineup-62d4b7a1638810cb,0,1956.00000000,32.60000000,1,3,6,2.33333333,12955.00000000,18269.00000000,318,560.39877301,0.24019208,0.24660511,48,1.47239264,0.58333333,367.00000000,36.00000000,5.00000000,3,out_of_time,564.21144433,599.04179159,268.99819291,-0.01417359,2023-03-02
pg-b91777dad557f198,ESPORTSTMNT06_2773488,2023-03-12T00:50:19,2023-03-12,2023,Unknown,1,13.04,Red,oe:team:df70cf5eb04453059ae5a4e4e30a392,Mad Kings,oe:team:9aa855d087642f20ad7e3a7ae5c8251,Spectacled Bears,oe:player:914517b9be0b39cd64e61a8f3284995,Yoyomax,jng,Lee Sin,oe:player:224734629348b393f3a6d6140e59956,Gragas,jng:Lee Sin,lineup-62d4b7a1638810cb,0,1956.00000000,32.60000000,3,4,5,2.00000000,9796.00000000,10140.00000000,160,311.04294479,0.18162266,0.13687535,42,1.28834356,0.66666667,638.00000000,-320.00000000,-10.00000000,3,out_of_time,391.10553139,372.57279030,150.89603166,-0.53058113,2023-03-02
pg-31814565de85b6d9,ESPORTSTMNT06_2773488,2023-03-12T00:50:19,2023-03-12,2023,Unknown,1,13.04,Red,oe:team:df70cf5eb04453059ae5a4e4e30a392,Mad Kings,oe:team:9aa855d087642f20ad7e3a7ae5c8251,Spectacled Bears,oe:player:24a97b1b1e5d51b77443b684844af57,Alex Mercer,mid,Mordekaiser,oe:player:18eff78d8fbeb94244572cef0bb4536,Cassiopeia,mid:Mordekaiser,lineup-62d4b7a1638810cb,0,1956.00000000,32.60000000,5,4,2,1.75000000,12660.00000000,19821.00000000,255,608.00613497,0.23472263,0.26755487,32,0.98159509,0.58333333,-1050.00000000,-1048.00000000,-37.00000000,3,out_of_time,588.47189668,622.14389517,229.61638238,0.08507336,2023-03-02
pg-b71a35301569c309,ESPORTSTMNT06_2773488,2023-03-12T00:50:19,2023-03-12,2023,Unknown,1,13.04,Red,oe:team:df70cf5eb04453059ae5a4e4e30a392,Mad Kings,oe:team:9aa855d087642f20ad7e3a7ae5c8251,Spectacled Bears,oe:player:c62419314cffbc6e4f3a9b5304e3ddb,Melody,sup,Braum,oe:player:30edf70db68aa84f05d3e72326807b0,Alistar,sup:Braum,lineup-62d4b7a1638810cb,0,1956.00000000,32.60000000,0,1,10,10.00000000,6821.00000000,5669.00000000,28,173.89570552,0.12646470,0.07652331,68,2.08588957,0.83333333,-75.00000000,-346.00000000,-8.00000000,3,out_of_time,219.59512504,208.20618358,99.13835526,-0.46096609,2023-03-02
pg-28005ae86f9a443d,ESPORTSTMNT06_2773488,2023-03-12T00:50:19,2023-03-12,2023,Unknown,1,13.04,Red,oe:team:df70cf5eb04453059ae5a4e4e30a392,Mad Kings,oe:team:9aa855d087642f20ad7e3a7ae5c8251,Spectacled Bears,oe:player:7ec4aff3394361255ecfe13ca99b994,Siicked,top,K'Sante,oe:player:36b92108c1f71cd425ded7abc50b86b,Renekton,top:K'Sante,lineup-62d4b7a1638810cb,0,1956.00000000,32.60000000,3,3,6,3.00000000,11704.00000000,20183.00000000,233,619.11042945,0.21699792,0.27244135,51,1.56441718,0.75000000,1524.00000000,624.00000000,16.00000000,3,out_of_time,485.66921313,543.11116614,204.59916369,0.65220802,2023-03-02
pg-cd58091a94284225,ESPORTSTMNT06_2775486,2023-03-12T01:44:30,2023-03-12,2023,Unknown,1,13.04,Blue,oe:team:df70cf5eb04453059ae5a4e4e30a392,Mad Kings,oe:team:9aa855d087642f20ad7e3a7ae5c8251,Spectacled Bears,oe:player:445ba3ad8e65abac8ad443618717337,Xamexx,bot,Xayah,oe:player:4d17518b7fc605b3fa42992ec61dd9c,Lucian,bot:Xayah,lineup-62d4b7a1638810cb,0,2221.00000000,37.01666667,4,2,8,6.00000000,15726.00000000,27876.00000000,360,753.06618640,0.23889530,0.27376381,58,1.56686177,0.75000000,396.00000000,423.00000000,11.00000000,3,out_of_time,538.64444980,599.04179159,268.99819291,0.79711218,2023-03-02
pg-dcb81366f8e47a5f,ESPORTSTMNT06_2775486,2023-03-12T01:44:30,2023-03-12,2023,Unknown,1,13.04,Blue,oe:team:df70cf5eb04453059ae5a4e4e30a392,Mad Kings,oe:team:9aa855d087642f20ad7e3a7ae5c8251,Spectacled Bears,oe:player:914517b9be0b39cd64e61a8f3284995,Yoyomax,jng,Lee Sin,oe:player:224734629348b393f3a6d6140e59956,Gragas,jng:Lee Sin,lineup-62d4b7a1638810cb,0,2221.00000000,37.01666667,2,6,8,1.66666667,12218.00000000,15351.00000000,181,414.70508780,0.18560491,0.15075865,44,1.18865376,0.62500000,369.00000000,616.00000000,-2.00000000,3,out_of_time,385.53024258,372.57279030,150.89603166,0.19334402,2023-03-02
pg-4f5da3390fb57dc3,ESPORTSTMNT06_2775486,2023-03-12T01:44:30,2023-03-12,2023,Unknown,1,13.04,Blue,oe:team:df70cf5eb04453059ae5a4e4e30a392,Mad Kings,oe:team:9aa855d087642f20ad7e3a7ae5c8251,Spectacled Bears,oe:player:24a97b1b1e5d51b77443b684844af57,Alex Mercer,mid,Ryze,oe:player:18eff78d8fbeb94244572cef0bb4536,Yasuo,mid:Ryze,lineup-62d4b7a1638810cb,0,2221.00000000,37.01666667,3,5,7,2.00000000,11843.00000000,19353.00000000,244,522.81855020,0.17990825,0.19006138,40,1.08059433,0.62500000,-1097.00000000,-555.00000000,-16.00000000,3,out_of_time,584.49666038,622.14389517,229.61638238,-0.26861372,2023-03-02
pg-db7e179095696641,ESPORTSTMNT06_2775486,2023-03-12T01:44:30,2023-03-12,2023,Unknown,1,13.04,Blue,oe:team:df70cf5eb04453059ae5a4e4e30a392,Mad Kings,oe:team:9aa855d087642f20ad7e3a7ae5c8251,Spectacled Bears,oe:player:c62419314cffbc6e4f3a9b5304e3ddb,Melody,sup,Rakan,oe:player:30edf70db68aa84f05d3e72326807b0,Nami,sup:Rakan,lineup-62d4b7a1638810cb,0,2221.00000000,37.01666667,3,4,11,3.50000000,9902.00000000,8807.00000000,36,237.91985592,0.15042231,0.08649153,126,3.40387213,0.87500000,540.00000000,-506.00000000,17.00000000,3,out_of_time,200.49601770,208.20618358,99.13835526,0.37749101,2023-03-02
pg-02c84ca4cac05a12,ESPORTSTMNT06_2775486,2023-03-12T01:44:30,2023-03-12,2023,Unknown,1,13.04,Blue,oe:team:df70cf5eb04453059ae5a4e4e30a392,Mad Kings,oe:team:9aa855d087642f20ad7e3a7ae5c8251,Spectacled Bears,oe:player:7ec4aff3394361255ecfe13ca99b994,Siicked,top,Gnar,oe:player:36b92108c1f71cd425ded7abc50b86b,Renekton,top:Gnar,lineup-62d4b7a1638810cb,0,2221.00000000,37.01666667,4,4,6,2.50000000,16139.00000000,30438.00000000,312,822.27825304,0.24516923,0.29892463,65,1.75596578,0.62500000,382.00000000,302.00000000,5.00000000,3,out_of_time,521.69737889,543.11116614,204.59916369,1.46912074,2023-03-02
pg-f16b4bff75022a9b,ESPORTSTMNT06_2775486,2023-03-12T01:44:30,2023-03-12,2023,Unknown,1,13.04,Red,oe:team:9aa855d087642f20ad7e3a7ae5c8251,Spectacled Bears,oe:team:df70cf5eb04453059ae5a4e4e30a392,Mad Kings,oe:player:4d17518b7fc605b3fa42992ec61dd9c,CaTzzz,bot,Lucian,oe:player:445ba3ad8e65abac8ad443618717337,Xayah,bot:Lucian,lineup-3b10fe8019e141d6,1,2221.00000000,37.01666667,11,5,8,3.80000000,18236.00000000,35950.00000000,318,971.18415128,0.26277793,0.33601271,63,1.70193606,0.90476190,-396.00000000,-423.00000000,-11.00000000,3,out_of_time,612.73907714,599.04179159,268.99819291,1.33251852,2023-03-02
pg-d16b93a0a7b193cc,ESPORTSTMNT06_2775486,2023-03-12T01:44:30,2023-03-12,2023,Unknown,1,13.04,Red,oe:team:9aa855d087642f20ad7e3a7ae5c8251,Spectacled Bears,oe:team:df70cf5eb04453059ae5a4e4e30a392,Mad Kings,oe:player:224734629348b393f3a6d6140e59956,1Curioso,jng,Gragas,oe:player:914517b9be0b39cd64e61a8f3284995,Lee Sin,jng:Gragas,lineup-3b10fe8019e141d6,1,2221.00000000,37.01666667,3,2,15,9.00000000,12917.00000000,26892.00000000,216,726.48356596,0.18613197,0.25135059,43,1.16163890,0.85714286,-369.00000000,-616.00000000,2.00000000,3,out_of_time,415.82023895,372.57279030,150.89603166,2.05879057,2023-03-02
pg-14931485e25c322a,ESPORTSTMNT06_2775486,2023-03-12T01:44:30,2023-03-12,2023,Unknown,1,13.04,Red,oe:team:9aa855d087642f20ad7e3a7ae5c8251,Spectacled Bears,oe:team:df70cf5eb04453059ae5a4e4e30a392,Mad Kings,oe:player:18eff78d8fbeb94244572cef0bb4536,Alowhed,mid,Yasuo,oe:player:24a97b1b1e5d51b77443b684844af57,Ryze,mid:Yasuo,lineup-3b10fe8019e141d6,1,2221.00000000,37.01666667,2,5,11,2.60000000,14322.00000000,14434.00000000,288,389.93246285,0.20637780,0.13490980,53,1.43178748,0.61904762,1097.00000000,555.00000000,16.00000000,3,out_of_time,609.21997925,622.14389517,229.61638238,-0.95501686,2023-03-02
pg-e985d11df09280cf,ESPORTSTMNT06_2775486,2023-03-12T01:44:30,2023-03-12,2023,Unknown,1,13.04,Red,oe:team:9aa855d087642f20ad7e3a7ae5c8251,Spectacled Bears,oe:team:df70cf5eb04453059ae5a4e4e30a392,Mad Kings,oe:player:30edf70db68aa84f05d3e72326807b0,Bucket,sup,Nami,oe:player:c62419314cffbc6e4f3a9b5304e3ddb,Rakan,sup:Nami,lineup-3b10fe8019e141d6,1,2221.00000000,37.01666667,2,1,17,19.00000000,9847.00000000,11592.00000000,21,313.15623593,0.14189374,0.10834657,92,2.48536695,0.90476190,-540.00000000,506.00000000,-17.00000000,3,out_of_time,267.72082162,208.20618358,99.13835526,0.45830309,2023-03-02
pg-2cfcc8a6e306bd6c,ESPORTSTMNT06_2775486,2023-03-12T01:44:30,2023-03-12,2023,Unknown,1,13.04,Red,oe:team:9aa855d087642f20ad7e3a7ae5c8251,Spectacled Bears,oe:team:df70cf5eb04453059ae5a4e4e30a392,Mad Kings,oe:player:36b92108c1f71cd425ded7abc50b86b,Akunma,top,Renekton,oe:player:7ec4aff3394361255ecfe13ca99b994,Gnar,top:Renekton,lineup-3b10fe8019e141d6,1,2221.00000000,37.01666667,3,3,8,3.66666667,14075.00000000,18122.00000000,273,489.56325979,0.20281857,0.16938032,27,0.72940117,0.52380952,-382.00000000,-302.00000000,-5.00000000,3,out_of_time,539.84807965,543.11116614,204.59916369,-0.24577236,2023-03-02
pg-3b6e08b5329735f2,ESPORTSTMNT01_3324574,2023-03-17T00:09:38,2023-03-17,2023,Unknown,1,13.05,Blue,oe:team:dcf87563dff3f23d3985a5bac289345,Vipers,oe:team:e40cdcb20302c0240d2084c909668aa,Diamond Doves,oe:player:213f7b5efbc9490107dbfc9114ca7ef,S34NDR0M3,bot,Jinx,oe:player:a9159216ea197997ac9c7fd4b85a4d3,Aphelios,bot:Jinx,lineup-8709c409542254da,1,1630.00000000,27.16666667,6,2,4,5.00000000,11620.00000000,9121.00000000,206,335.74233129,0.21063699,0.16021148,31,1.14110429,0.55555556,209.00000000,144.00000000,-8.00000000,4,out_of_time,579.09188662,603.18773159,264.95209444,-0.91846625,2023-03-12
pg-52ffde097fd3c155,ESPORTSTMNT01_3324574,2023-03-17T00:09:38,2023-03-17,2023,Unknown,1,13.05,Blue,oe:team:dcf87563dff3f23d3985a5bac289345,Vipers,oe:team:e40cdcb20302c0240d2084c909668aa,Diamond Doves,oe:player:5deafe4ab31c8c1b22b5ec6e971c582,Nainess,jng,Viego,oe:player:1fcb99a1ab06e1e36635365ed3e59ce,Vi,jng:Viego,lineup-8709c409542254da,1,1630.00000000,27.16666667,4,0,12,16.00000000,11270.00000000,10838.00000000,161,398.94478528,0.20429250,0.19037080,34,1.25153374,0.88888889,1413.00000000,702.00000000,7.00000000,4,out_of_time,418.11387568,366.52211447,147.64512388,-0.12983219,2023-03-12
pg-405598c3f11f6080,ESPORTSTMNT01_3324574,2023-03-17T00:09:38,2023-03-17,2023,Unknown,1,13.05,Blue,oe:team:dcf87563dff3f23d3985a5bac289345,Vipers,oe:team:e40cdcb20302c0240d2084c909668aa,Diamond Doves,oe:player:9c74ba91b4bace5829f217dfb62e330,Kurckoo,mid,Taliyah,oe:player:b14f11e18a9089420d5cd22bf07b917,Viktor,mid:Taliyah,lineup-8709c409542254da,1,1630.00000000,27.16666667,4,1,7,11.00000000,13564.00000000,12479.00000000,243,459.34969325,0.24587608,0.21919517,27,0.99386503,0.61111111,2061.00000000,87.00000000,14.00000000,4,out_of_time,603.18511762,612.68980600,223.91265296,-0.64237292,2023-03-12
pg-84afe9c529a4c3ab,ESPORTSTMNT01_3324574,2023-03-17T00:09:38,2023-03-17,2023,Unknown,1,13.05,Blue,oe:team:dcf87563dff3f23d3985a5bac289345,Vipers,oe:team:e40cdcb20302c0240d2084c909668aa,Diamond Doves,oe:player:5a63f3e7e2b4282f07785cdc895d624,Shiku,sup,Thresh,oe:player:b8b54fd7efb782dcb6b5ea010f3ecea,Lulu,sup:Thresh,lineup-8709c409542254da,1,1630.00000000,27.16666667,1,1,12,13.00000000,7345.00000000,3791.00000000,29,139.54601227,0.13314360,0.06658938,74,2.72392638,0.72222222,897.00000000,80.00000000,21.00000000,4,out_of_time,226.93505295,211.76743413,95.27228785,-0.91725561,2023-03-12
pg-cf9a3fd284935505,ESPORTSTMNT01_3324574,2023-03-17T00:09:38,2023-03-17,2023,Unknown,1,13.05,Blue,oe:team:dcf87563dff3f23d3985a5bac289345,Vipers,oe:team:e40cdcb20302c0240d2084c909668aa,Diamond Doves,oe:player:5b4335a3832ac5a3bb3d24f8bb8687c,ByFalco,top,Kennen,oe:player:7c986af4cf8f6e55a1f846dc498ce91,Gnar,top:Kennen,lineup-8709c409542254da,1,1630.00000000,27.16666667,3,0,0,3.00000000,11367.00000000,20702.00000000,239,762.03680982,0.20605083,0.36363317,30,1.10429448,0.16666667,758.00000000,1124.00000000,31.00000000,4,out_of_time,529.45615738,543.83998045,210.20624953,1.10644024,2023-03-12
pg-f5ee3f59c57fdbfd,ESPORTSTMNT01_3324574,2023-03-17T00:09:38,2023-03-17,2023,Unknown,1,13.05,Red,oe:team:e40cdcb20302c0240d2084c909668aa,Diamond Doves,oe:team:dcf87563dff3f23d3985a5bac289345,Vipers,oe:player:a9159216ea197997ac9c7fd4b85a4d3,Kasamura,bot,Aphelios,oe:player:213f7b5efbc9490107dbfc9114ca7ef,Jinx,bot:Aphelios,lineup-6c6cbbb26964e84f,0,1630.00000000,27.16666667,1,5,0,0.20000000,9943.00000000,12872.00000000,220,473.81595092,0.23726913,0.31792921,24,0.88343558,0.25000000,-209.00000000,-144.00000000,8.00000000,4,out_of_time,685.20185761,603.18773159,264.95209444,-0.79782689,2023-03-12
pg-072448bfb7dddefb,ESPORTSTMNT01_3324574,2023-03-17T00:09:38,2023-03-17,2023,Unknown,1,13.05,Red,oe:team:e40cdcb20302c0240d2084c909668aa,Diamond Doves,oe:team:dcf87563dff3f23d3985a5bac289345,Vipers,oe:player:1fcb99a1ab06e1e36635365ed3e59ce,Kalium,jng,Vi,oe:player:5deafe4ab31c8c1b22b5ec6e971c582,Viego,jng:Vi,lineup-6c6cbbb26964e84f,0,1630.00000000,27.16666667,1,3,1,0.66666667,7888.00000000,5474.00000000,139,201.49693252,0.18823080,0.13520389,31,1.14110429,0.50000000,-1413.00000000,-702.00000000,-7.00000000,4,out_of_time,374.45920004,366.52211447,147.64512388,-1.17147294,2023-03-12
pg-e79b42b4e795f1a9,ESPORTSTMNT01_3324574,2023-03-17T00:09:38,2023-03-17,2023,Unknown,1,13.05,Red,oe:team:e40cdcb20302c0240d2084c909668aa,Diamond Doves,oe:team:dcf87563dff3f23d3985a5bac289345,Vipers,oe:player:b14f11e18a9089420d5cd22bf07b917,Toady,mid,Viktor,oe:player:9c74ba91b4bace5829f217dfb62e330,Taliyah,mid:Viktor,lineup-6c6cbbb26964e84f,0,1630.00000000,27.16666667,2,5,0,0.40000000,10300.00000000,15105.00000000,253,556.01226994,0.24578819,0.37308272,23,0.84662577,0.50000000,-2061.00000000,-87.00000000,-14.00000000,4,out_of_time,662.16160831,612.68980600,223.91265296,-0.47406583,2023-03-12
pg-79502d4fa86a05de,ESPORTSTMNT01_3324574,2023-03-17T00:09:38,2023-03-17,2023,Unknown,1,13.05,Red,oe:team:e40cdcb20302c0240d2084c909668aa,Diamond Doves,oe:team:dcf87563dff3f23d3985a5bac289345,Vipers,oe:player:b8b54fd7efb782dcb6b5ea010f3ecea,Kl,sup,Lulu,oe:player:5a63f3e7e2b4282f07785cdc895d624,Thresh,sup:Lulu,lineup-6c6cbbb26964e84f,0,1630.00000000,27.16666667,0,3,1,0.33333333,5100.00000000,1510.00000000,6,55.58282209,0.12170095,0.03729592,47,1.73006135,0.25000000,-897.00000000,-80.00000000,-21.00000000,4,out_of_time,252.51395766,211.76743413,95.27228785,-2.06703481,2023-03-12
pg-972b912bea6cb5ee,ESPORTSTMNT01_3324574,2023-03-17T00:09:38,2023-03-17,2023,Unknown,1,13.05,Red,oe:team:e40cdcb20302c0240d2084c909668aa,Diamond Doves,oe:team:dcf87563dff3f23d3985a5bac289345,Vipers,oe:player:7c986af4cf8f6e55a1f846dc498ce91,Pet,top,Gnar,oe:player:5b4335a3832ac5a3bb3d24f8bb8687c,Kennen,top:Gnar,lineup-6c6cbbb26964e84f,0,1630.00000000,27.16666667,0,2,0,0.00000000,8675.00000000,5526.00000000,211,203.41104294,0.20701093,0.13648826,25,0.92024540,0.00000000,-758.00000000,-1124.00000000,-31.00000000,4,out_of_time,591.16329378,543.83998045,210.20624953,-1.84462761,2023-03-12
pg-7f6ac9753b10c89c,ESPORTSTMNT01_3324578,2023-03-17T00:40:52,2023-03-17,2023,Unknown,1,13.05,Blue,oe:team:e129de91074731ebb2203742f65ba3e,Universitario Esports,oe:team:df70cf5eb04453059ae5a4e4e30a392,Mad Kings,oe:player:c59f2a6c6e7227a313b6d215f5fb153,Snoopy,bot,Senna,oe:player:445ba3ad8e65abac8ad443618717337,Lucian,bot:Senna,lineup-03410b651aadf887,0,1801.00000000,30.01666667,2,7,7,1.28571429,8241.00000000,8518.00000000,47,283.77568018,0.17938616,0.11463100,65,2.16546363,0.90000000,-2427.00000000,-1833.00000000,-118.00000000,4,out_of_time,581.44123854,603.18773159,264.95209444,-1.12346935,2023-03-12
pg-152511a6d8420e44,ESPORTSTMNT01_3324578,2023-03-17T00:40:52,2023-03-17,2023,Unknown,1,13.05,Blue,oe:team:e129de91074731ebb2203742f65ba3e,Universitario Esports,oe:team:df70cf5eb04453059ae5a4e4e30a392,Mad Kings,oe:player:fac747e9c68a89da88dad294bf5ed51,Annataqui,jng,Sejuani,oe:player:914517b9be0b39cd64e61a8f3284995,Gragas,jng:Sejuani,lineup-03410b651aadf887,0,1801.00000000,30.01666667,2,3,2,1.33333333,9029.00000000,9734.00000000,161,324.28650750,0.19653896,0.13099532,28,0.93281510,0.40000000,-909.00000000,-202.00000000,3.00000000,4,out_of_time,374.65366487,366.52211447,147.64512388,-0.34113661,2023-03-12
pg-373a2c466fa1b8b5,ESPORTSTMNT01_3324578,2023-03-17T00:40:52,2023-03-17,2023,Unknown,1,13.05,Blue,oe:team:e129de91074731ebb2203742f65ba3e,Universitario Esports,oe:team:df70cf5eb04453059ae5a4e4e30a392,Mad Kings,oe:player:b6fe055bfad88e328abe3fbbf21a33c,Overload,mid,Azir,oe:player:24a97b1b1e5d51b77443b684844af57,Sylas,mid:Azir,lineup-03410b651aadf887,0,1801.00000000,30.01666667,2,5,5,1.40000000,10212.00000000,22907.00000000,234,763.14269850,0.22228994,0.30827098,28,0.93281510,0.70000000,-209.00000000,34.00000000,0.00000000,4,out_of_time,661.40253462,612.68980600,223.91265296,0.45437434,2023-03-12
pg-05412ba79ad4605a,ESPORTSTMNT01_3324578,2023-03-17T00:40:52,2023-03-17,2023,Unknown,1,13.05,Blue,oe:team:e129de91074731ebb2203742f65ba3e,Universitario Esports,oe:team:df70cf5eb04453059ae5a4e4e30a392,Mad Kings,oe:player:32dc07c1aa7fd284d0185619c6f9711,AlienBoy,sup,Sion,oe:player:c62419314cffbc6e4f3a9b5304e3ddb,Nami,sup:Sion,lineup-03410b651aadf887,0,1801.00000000,30.01666667,3,6,5,1.33333333,8921.00000000,12475.00000000,151,415.60244309,0.19418807,0.16788233,32,1.06607440,0.80000000,199.00000000,1243.00000000,72.00000000,4,out_of_time,271.25290222,211.76743413,95.27228785,1.51512621,2023-03-12
pg-033da8e228b5e0e1,ESPORTSTMNT01_3324578,2023-03-17T00:40:52,2023-03-17,2023,Unknown,1,13.05,Blue,oe:team:e129de91074731ebb2203742f65ba3e,Universitario Esports,oe:team:df70cf5eb04453059ae5a4e4e30a392,Mad Kings,oe:player:a9e2d00e60f059e223d82301a50182c,Abaddon,top,Gnar,oe:player:7ec4aff3394361255ecfe13ca99b994,Renekton,top:Gnar,lineup-03410b651aadf887,0,1801.00000000,30.01666667,1,4,6,1.75000000,9537.00000000,20674.00000000,218,688.75069406,0.20759687,0.27822038,21,0.69961133,0.70000000,-1204.00000000,-881.00000000,-44.00000000,4,out_of_time,603.71178213,543.83998045,210.20624953,0.40454987,2023-03-12
pg-231f36058476ff2c,ESPORTSTMNT01_3324578,2023-03-17T00:40:52,2023-03-17,2023,Unknown,1,13.05,Red,oe:team:df70cf5eb04453059ae5a4e4e30a392,Mad Kings,oe:team:e129de91074731ebb2203742f65ba3e,Universitario Esports,oe:player:445ba3ad8e65abac8ad443618717337,Xamexx,bot,Lucian,oe:player:c59f2a6c6e7227a313b6d215f5fb153,Senna,bot:Lucian,lineup-62d4b7a1638810cb,1,1801.00000000,30.01666667,12,3,5,5.66666667,16865.00000000,32155.00000000,283,1071.23820100,0.26985727,0.32813233,39,1.29927818,0.68000000,2427.00000000,1833.00000000,118.00000000,4,out_of_time,732.93453405,603.18773159,264.95209444,1.27684843,2023-03-12
pg-d1b6da454bf9b001,ESPORTSTMNT01_3324578,2023-03-17T00:40:52,2023-03-17,2023,Unknown,1,13.05,Red,oe:team:df70cf5eb04453059ae5a4e4e30a392,Mad Kings,oe:team:e129de91074731ebb2203742f65ba3e,Universitario Esports,oe:player:914517b9be0b39cd64e61a8f3284995,Yoyomax,jng,Gragas,oe:player:fac747e9c68a89da88dad294bf5ed51,Sejuani,jng:Gragas,lineup-62d4b7a1638810cb,1,1801.00000000,30.01666667,4,4,13,4.25000000,11332.00000000,18935.00000000,150,630.81621321,0.18132360,0.19322612,28,0.93281510,0.68000000,909.00000000,202.00000000,-3.00000000,4,out_of_time,501.21880607,366.52211447,147.64512388,0.87776287,2023-03-12
pg-05dcc6a046989f8f,ESPORTSTMNT01_3324578,2023-03-17T00:40:52,2023-03-17,2023,Unknown,1,13.05,Red,oe:team:df70cf5eb04453059ae5a4e4e30a392,Mad Kings,oe:team:e129de91074731ebb2203742f65ba3e,Universitario Esports,oe:player:24a97b1b1e5d51b77443b684844af57,Alex Mercer,mid,Sylas,oe:player:b6fe055bfad88e328abe3fbbf21a33c,Azir,mid:Sylas,lineup-62d4b7a1638810cb,1,1801.00000000,30.01666667,2,1,5,7.00000000,10654.00000000,11329.00000000,196,377.42365353,0.17047491,0.11560912,42,1.39922265,0.28000000,209.00000000,-34.00000000,0.00000000,4,out_of_time,648.87384575,612.68980600,223.91265296,-1.21230394,2023-03-12
pg-b931ebc794f7b418,ESPORTSTMNT01_3324578,2023-03-17T00:40:52,2023-03-17,2023,Unknown,1,13.05,Red,oe:team:df70cf5eb04453059ae5a4e4e30a392,Mad Kings,oe:team:e129de91074731ebb2203742f65ba3e,Universitario Esports,oe:player:c62419314cffbc6e4f3a9b5304e3ddb,Melody,sup,Nami,oe:player:32dc07c1aa7fd284d0185619c6f9711,Sion,sup:Nami,lineup-62d4b7a1638810cb,1,1801.00000000,30.01666667,2,0,21,23.00000000,9280.00000000,9472.00000000,9,315.55802332,0.14848950,0.09665898,77,2.56524153,0.92000000,-199.00000000,-1243.00000000,-72.00000000,4,out_of_time,388.48462671,211.76743413,95.27228785,-0.76545452,2023-03-12
pg-cca0295982125908,ESPORTSTMNT01_3324578,2023-03-17T00:40:52,2023-03-17,2023,Unknown,1,13.05,Red,oe:team:df70cf5eb04453059ae5a4e4e30a392,Mad Kings,oe:team:e129de91074731ebb2203742f65ba3e,Universitario Esports,oe:player:7ec4aff3394361255ecfe13ca99b994,Siicked,top,Renekton,oe:player:a9e2d00e60f059e223d82301a50182c,Gnar,top:Renekton,lineup-62d4b7a1638810cb,1,1801.00000000,30.01666667,5,3,11,5.33333333,14365.00000000,26103.00000000,280,869.61687951,0.22985471,0.26637345,34,1.13270405,0.64000000,1204.00000000,881.00000000,44.00000000,4,out_of_time,584.98258590,543.83998045,210.20624953,1.35407151,2023-03-12
pg-6a5f1ced26be0b86,ESPORTSTMNT01_3325533,2023-03-17T01:03:12,2023-03-17,2023,Unknown,1,13.05,Blue,oe:team:dcf87563dff3f23d3985a5bac289345,Vipers,oe:team:e40cdcb20302c0240d2084c909668aa,Diamond Doves,oe:player:213f7b5efbc9490107dbfc9114ca7ef,S34NDR0M3,bot,Jinx,oe:player:a9159216ea197997ac9c7fd4b85a4d3,Varus,bot:Jinx,lineup-8709c409542254da,1,1979.00000000,32.98333333,2,2,8,5.00000000,12247.00000000,10105.00000000,262,306.36685195,0.19333197,0.15015751,53,1.60687216,0.58823529,-471.00000000,-467.00000000,-20.00000000,4,out_of_time,615.18940651,603.18773159,264.95209444,-1.16557884,2023-03-12
pg-55ec664228037ca4,ESPORTSTMNT01_3325533,2023-03-17T01:03:12,2023-03-17,2023,Unknown,1,13.05,Blue,oe:team:dcf87563dff3f23d3985a5bac289345,Vipers,oe:team:e40cdcb20302c0240d2084c909668aa,Diamond Doves,oe:player:5deafe4ab31c8c1b22b5ec6e971c582,Nainess,jng,Viego,oe:player:1fcb99a1ab06e1e36635365ed3e59ce,Lee Sin,jng:Viego,lineup-8709c409542254da,1,1979.00000000,32.98333333,6,3,7,4.33333333,13124.00000000,13373.00000000,197,405.44719555,0.20717635,0.19871909,52,1.57655382,0.76470588,-1119.00000000,-44.00000000,4.00000000,4,out_of_time,394.12922656,366.52211447,147.64512388,0.07665657,2023-03-12
pg-af2823fffcca3b08,ESPORTSTMNT01_3325533,2023-03-17T01:03:12,2023-03-17,2023,Unknown,1,13.05,Blue,oe:team:dcf87563dff3f23d3985a5bac289345,Vipers,oe:team:e40cdcb20302c0240d2084c909668aa,Diamond Doves,oe:player:9c74ba91b4bace5829f217dfb62e330,Kurckoo,mid,Tristana,oe:player:b14f11e18a9089420d5cd22bf07b917,Akali,mid:Tristana,lineup-8709c409542254da,1,1979.00000000,32.98333333,4,3,7,3.66666667,14186.00000000,17881.00000000,277,542.12228398,0.22394115,0.26570673,51,1.54623547,0.64705882,866.00000000,340.00000000,-9.00000000,4,out_of_time,605.03178619,612.68980600,223.91265296,-0.28095555,2023-03-12
pg-348d1d90a2b9fb1a,ESPORTSTMNT01_3325533,2023-03-17T01:03:12,2023-03-17,2023,Unknown,1,13.05,Blue,oe:team:dcf87563dff3f23d3985a5bac289345,Vipers,oe:team:e40cdcb20302c0240d2084c909668aa,Diamond Doves,oe:player:5a63f3e7e2b4282f07785cdc895d624,Shiku,sup,Thresh,oe:player:b8b54fd7efb782dcb6b5ea010f3ecea,Nautilus,sup:Thresh,lineup-8709c409542254da,1,1979.00000000,32.98333333,1,2,12,6.50000000,8142.00000000,5177.00000000,35,156.95805963,0.12853016,0.07692879,102,3.09247094,0.76470588,-145.00000000,-131.00000000,-1.00000000,4,out_of_time,238.21155737,211.76743413,95.27228785,-0.85285553,2023-03-12
pg-d6975aa04df8804c,ESPORTSTMNT01_3325533,2023-03-17T01:03:12,2023-03-17,2023,Unknown,1,13.05,Blue,oe:team:dcf87563dff3f23d3985a5bac289345,Vipers,oe:team:e40cdcb20302c0240d2084c909668aa,Diamond Doves,oe:player:5b4335a3832ac5a3bb3d24f8bb8687c,ByFalco,top,Kennen,oe:player:7c986af4cf8f6e55a1f846dc498ce91,Sejuani,top:Kennen,lineup-8709c409542254da,1,1979.00000000,32.98333333,4,2,7,5.50000000,15648.00000000,20760.00000000,270,629.40879232,0.24702038,0.30848787,30,0.90955028,0.64705882,2396.00000000,1443.00000000,44.00000000,4,out_of_time,563.99621743,543.83998045,210.20624953,0.31118283,2023-03-12
pg-9d2e59aaa141e545,ESPORTSTMNT01_3325533,2023-03-17T01:03:12,2023-03-17,2023,Unknown,1,13.05,Red,oe:team:e40cdcb20302c0240d2084c909668aa,Diamond Doves,oe:team:dcf87563dff3f23d3985a5bac289345,Vipers,oe:player:a9159216ea197997ac9c7fd4b85a4d3,Kasamura,bot,Varus,oe:player:213f7b5efbc9490107dbfc9114ca7ef,Jinx,bot:Varus,lineup-6c6cbbb26964e84f,0,1979.00000000,32.98333333,2,2,4,3.00000000,12765.00000000,11219.00000000,303,340.14148560,0.24605806,0.24939979,26,0.78827691,0.50000000,471.00000000,467.00000000,20.00000000,4,out_of_time,640.05290300,603.18773159,264.95209444,-1.13194583,2023-03-12
pg-ff713c8365244e8f,ESPORTSTMNT01_3325533,2023-03-17T01:03:12,2023-03-17,2023,Unknown,1,13.05,Red,oe:team:e40cdcb20302c0240d2084c909668aa,Diamond Doves,oe:team:dcf87563dff3f23d3985a5bac289345,Vipers,oe:player:1fcb99a1ab06e1e36635365ed3e59ce,Kalium,jng,Lee Sin,oe:player:5deafe4ab31c8c1b22b5ec6e971c582,Viego,jng:Lee Sin,lineup-6c6cbbb26964e84f,0,1979.00000000,32.98333333,7,3,4,3.66666667,11625.00000000,8478.00000000,183,257.03890854,0.22408343,0.18846701,48,1.45528044,0.91666667,1119.00000000,44.00000000,-4.00000000,4,out_of_time,440.74604898,366.52211447,147.64512388,-1.24424793,2023-03-12
pg-57b545198a79154d,ESPORTSTMNT01_3325533,2023-03-17T01:03:12,2023-03-17,2023,Unknown,1,13.05,Red,oe:team:e40cdcb20302c0240d2084c909668aa,Diamond Doves,oe:team:dcf87563dff3f23d3985a5bac289345,Vipers,oe:player:b14f11e18a9089420d5cd22bf07b917,Toady,mid,Akali,oe:player:9c74ba91b4bace5829f217dfb62e330,Tristana,mid:Akali,lineup-6c6cbbb26964e84f,0,1979.00000000,32.98333333,2,3,5,2.33333333,11384.00000000,12500.00000000,251,378.97928247,0.21943791,0.27787658,31,0.93986862,0.58333333,-866.00000000,-340.00000000,9.00000000,4,out_of_time,662.36691089,612.68980600,223.91265296,-1.26561686,2023-03-12
pg-8607693e639c3c02,ESPORTSTMNT01_3325533,2023-03-17T01:03:12,2023-03-17,2023,Unknown,1,13.05,Red,oe:team:e40cdcb20302c0240d2084c909668aa,Diamond Doves,oe:team:dcf87563dff3f23d3985a5bac289345,Vipers,oe:player:b8b54fd7efb782dcb6b5ea010f3ecea,Kl,sup,Nautilus,oe:player:5a63f3e7e2b4282f07785cdc895d624,Thresh,sup:Nautilus,lineup-6c6cbbb26964e84f,0,1979.00000000,32.98333333,1,4,8,2.25000000,7173.00000000,5549.00000000,38,168.23648307,0.13826670,0.12335497,73,2.21323901,0.75000000,145.00000000,131.00000000,1.00000000,4,out_of_time,273.63978080,211.76743413,95.27228785,-1.10633743,2023-03-12
pg-40a86e401ab685e4,ESPORTSTMNT01_3325533,2023-03-17T01:03:12,2023-03-17,2023,Unknown,1,13.05,Red,oe:team:e40cdcb20302c0240d2084c909668aa,Diamond Doves,oe:team:dcf87563dff3f23d3985a5bac289345,Vipers,oe:player:7c986af4cf8f6e55a1f846dc498ce91,Pet,top,Sejuani,oe:player:5b4335a3832ac5a3bb3d24f8bb8687c,Kennen,top:Sejuani,lineup-6c6cbbb26964e84f,0,1979.00000000,32.98333333,0,5,4,0.80000000,8931.00000000,7238.00000000,183,219.44416372,0.17215390,0.16090165,38,1.15209702,0.33333333,-2396.00000000,-1443.00000000,-44.00000000,4,out_of_time,576.70442395,543.83998045,210.20624953,-1.69957012,2023-03-12
pg-6c20278b0c39f064,ESPORTSTMNT01_3324587,2023-03-17T01:34:00,2023-03-17,2023,Unknown,1,13.05,Blue,oe:team:df70cf5eb04453059ae5a4e4e30a392,Mad Kings,oe:team:e129de91074731ebb2203742f65ba3e,Universitario Esports,oe:player:445ba3ad8e65abac8ad443618717337,Xamexx,bot,Sivir,oe:player:c59f2a6c6e7227a313b6d215f5fb153,Senna,bot:Sivir,lineup-62d4b7a1638810cb,0,1912.00000000,31.86666667,8,3,8,5.33333333,14185.00000000,31354.00000000,281,983.91213389,0.25115085,0.35269238,39,1.22384937,0.76190476,-159.00000000,1477.00000000,106.00000000,4,out_of_time,757.61121177,603.18773159,264.95209444,0.85412015,2023-03-12
pg-0f595d4e5112a240,ESPORTSTMNT01_3324587,2023-03-17T01:34:00,2023-03-17,2023,Unknown,1,13.05,Blue,oe:team:df70cf5eb04453059ae5a4e4e30a392,Mad Kings,oe:team:e129de91074731ebb2203742f65ba3e,Universitario Esports,oe:player:914517b9be0b39cd64e61a8f3284995,Yoyomax,jng,Jarvan IV,oe:player:fac747e9c68a89da88dad294bf5ed51,Viego,jng:Jarvan IV,lineup-62d4b7a1638810cb,0,1912.00000000,31.86666667,2,5,17,3.80000000,10544.00000000,10379.00000000,153,325.70083682,0.18668555,0.11675047,48,1.50627615,0.90476190,183.00000000,480.00000000,22.00000000,4,out_of_time,451.68611477,366.52211447,147.64512388,-0.85329793,2023-03-12
pg-188cbecfccbdbda2,ESPORTSTMNT01_3324587,2023-03-17T01:34:00,2023-03-17,2023,Unknown,1,13.05,Blue,oe:team:df70cf5eb04453059ae5a4e4e30a392,Mad Kings,oe:team:e129de91074731ebb2203742f65ba3e,Universitario Esports,oe:player:24a97b1b1e5d51b77443b684844af57,Alex Mercer,mid,Annie,oe:player:b6fe055bfad88e328abe3fbbf21a33c,Olaf,mid:Annie,lineup-62d4b7a1638810cb,0,1912.00000000,31.86666667,3,4,13,4.00000000,10345.00000000,18912.00000000,171,593.47280335,0.18316218,0.21273580,20,0.62761506,0.76190476,-364.00000000,335.00000000,5.00000000,4,out_of_time,653.56567796,612.68980600,223.91265296,-0.26837641,2023-03-12
pg-cfa19cdefbd47873,ESPORTSTMNT01_3324587,2023-03-17T01:34:00,2023-03-17,2023,Unknown,1,13.05,Blue,oe:team:df70cf5eb04453059ae5a4e4e30a392,Mad Kings,oe:team:e129de91074731ebb2203742f65ba3e,Universitario Esports,oe:player:c62419314cffbc6e4f3a9b5304e3ddb,Melody,sup,Ashe,oe:player:32dc07c1aa7fd284d0185619c6f9711,Seraphine,sup:Ashe,lineup-62d4b7a1638810cb,0,1912.00000000,31.86666667,0,6,12,2.00000000,7174.00000000,10320.00000000,27,323.84937238,0.12701841,0.11608680,93,2.91841004,0.57142857,-2031.00000000,-2019.00000000,-98.00000000,4,out_of_time,369.38347748,211.76743413,95.27228785,-0.47793651,2023-03-12
pg-7f3ed193461f10bb,ESPORTSTMNT01_3324587,2023-03-17T01:34:00,2023-03-17,2023,Unknown,1,13.05,Blue,oe:team:df70cf5eb04453059ae5a4e4e30a392,Mad Kings,oe:team:e129de91074731ebb2203742f65ba3e,Universitario Esports,oe:player:7ec4aff3394361255ecfe13ca99b994,Siicked,top,Renekton,oe:player:a9e2d00e60f059e223d82301a50182c,Ornn,top:Renekton,lineup-62d4b7a1638810cb,0,1912.00000000,31.86666667,8,4,7,3.75000000,14232.00000000,17934.00000000,236,562.78242678,0.25198300,0.20173455,23,0.72175732,0.71428571,1096.00000000,457.00000000,32.00000000,4,out_of_time,599.57990552,543.83998045,210.20624953,-0.17505416,2023-03-12
pg-ae038f0b2e7e72f4,ESPORTSTMNT01_3324587,2023-03-17T01:34:00,2023-03-17,2023,Unknown,1,13.05,Red,oe:team:e129de91074731ebb2203742f65ba3e,Universitario Esports,oe:team:df70cf5eb04453059ae5a4e4e30a392,Mad Kings,oe:player:c59f2a6c6e7227a313b6d215f5fb153,Snoopy,bot,Senna,oe:player:445ba3ad8e65abac8ad443618717337,Sivir,bot:Senna,lineup-03410b651aadf887,1,1912.00000000,31.86666667,9,3,11,6.66666667,14237.00000000,24826.00000000,84,779.05857741,0.23899213,0.25604373,97,3.04393305,0.90909091,159.00000000,-1477.00000000,-106.00000000,4,out_of_time,610.27140208,603.18773159,264.95209444,0.63704790,2023-03-12
pg-a77fe0b715d0da9d,ESPORTSTMNT01_3324587,2023-03-17T01:34:00,2023-03-17,2023,Unknown,1,13.05,Red,oe:team:e129de91074731ebb2203742f65ba3e,Universitario Esports,oe:team:df70cf5eb04453059ae5a4e4e30a392,Mad Kings,oe:player:fac747e9c68a89da88dad294bf5ed51,Annataqui,jng,Viego,oe:player:914517b9be0b39cd64e61a8f3284995,Jarvan IV,jng:Viego,lineup-03410b651aadf887,1,1912.00000000,31.86666667,5,5,11,3.20000000,11447.00000000,13912.00000000,136,436.56903766,0.19215726,0.14348185,50,1.56903766,0.72727273,-183.00000000,-480.00000000,-22.00000000,4,out_of_time,406.54887632,366.52211447,147.64512388,0.20332647,2023-03-12
pg-79f002a130ce896d,ESPORTSTMNT01_3324587,2023-03-17T01:34:00,2023-03-17,2023,Unknown,1,13.05,Red,oe:team:e129de91074731ebb2203742f65ba3e,Universitario Esports,oe:team:df70cf5eb04453059ae5a4e4e30a392,Mad Kings,oe:player:b6fe055bfad88e328abe3fbbf21a33c,Overload,mid,Olaf,oe:player:24a97b1b1e5d51b77443b684844af57,Annie,mid:Olaf,lineup-03410b651aadf887,1,1912.00000000,31.86666667,3,6,11,2.33333333,11963.00000000,18177.00000000,227,570.40794979,0.20081919,0.18746906,32,1.00418410,0.63636364,364.00000000,-335.00000000,-5.00000000,4,out_of_time,605.98102697,612.68980600,223.91265296,-0.15887033,2023-03-12
pg-632223ad9e053292,ESPORTSTMNT01_3324587,2023-03-17T01:34:00,2023-03-17,2023,Unknown,1,13.05,Red,oe:team:e129de91074731ebb2203742f65ba3e,Universitario Esports,oe:team:df70cf5eb04453059ae5a4e4e30a392,Mad Kings,oe:player:32dc07c1aa7fd284d0185619c6f9711,AlienBoy,sup,Seraphine,oe:player:c62419314cffbc6e4f3a9b5304e3ddb,Ashe,sup:Seraphine,lineup-03410b651aadf887,1,1912.00000000,31.86666667,2,5,10,2.40000000,11495.00000000,16628.00000000,197,521.79916318,0.19296302,0.17149340,32,1.00418410,0.54545455,2031.00000000,2019.00000000,98.00000000,4,out_of_time,271.68443381,211.76743413,95.27228785,2.62526213,2023-03-12
pg-852698335f50d3d3,ESPORTSTMNT01_3324587,2023-03-17T01:34:00,2023-03-17,2023,Unknown,1,13.05,Red,oe:team:e129de91074731ebb2203742f65ba3e,Universitario Esports,oe:team:df70cf5eb04453059ae5a4e4e30a392,Mad Kings,oe:player:a9e2d00e60f059e223d82301a50182c,Abaddon,top,Ornn,oe:player:7ec4aff3394361255ecfe13ca99b994,Renekton,top:Ornn,lineup-03410b651aadf887,1,1912.00000000,31.86666667,3,2,13,8.00000000,10429.00000000,23417.00000000,183,734.84309623,0.17506841,0.24151196,20,0.62761506,0.72727273,-1096.00000000,-457.00000000,-32.00000000,4,out_of_time,550.70585304,543.83998045,210.20624953,0.87598368,2023-03-12
pg-a742a7d18d2b3e02,ESPORTSTMNT01_3325538,2023-03-17T02:06:13,2023-03-17,2023,Unknown,1,13.05,Blue,oe:team:dcf87563dff3f23d3985a5bac289345,Vipers,oe:team:920c52a8d7dbd6f216f9e59b825abc8,Antares Esports,oe:player:213f7b5efbc9490107dbfc9114ca7ef,S34NDR0M3,bot,Ezreal,oe:player:ffac14a6607a6bd8d49177cf8f8be81,Seraphine,bot:Ezreal,lineup-8709c409542254da,1,1796.00000000,29.93333333,7,2,9,8.00000000,14211.00000000,22442.00000000,254,749.73273942,0.23205800,0.29804640,27,0.90200445,0.72727273,1616.00000000,2110.00000000,37.00000000,4,out_of_time,576.83237308,603.18773159,264.95209444,0.65257218,2023-03-12
pg-b594e9857b6815b0,ESPORTSTMNT01_3325538,2023-03-17T02:06:13,2023-03-17,2023,Unknown,1,13.05,Blue,oe:team:dcf87563dff3f23d3985a5bac289345,Vipers,oe:team:920c52a8d7dbd6f216f9e59b825abc8,Antares Esports,oe:player:5deafe4ab31c8c1b22b5ec6e971c582,Nainess,jng,Lee Sin,oe:player:89faa52485aadb6d1181384f88d2001,Maokai,jng:Lee Sin,lineup-8709c409542254da,1,1796.00000000,29.93333333,10,4,9,4.75000000,14294.00000000,16269.00000000,171,543.50779510,0.23341335,0.21606439,34,1.13585746,0.86363636,1651.00000000,793.00000000,21.00000000,4,out_of_time,303.06592757,366.52211447,147.64512388,1.62851208,2023-03-12
pg-c5153b0bb0252928,ESPORTSTMNT01_3325538,2023-03-17T02:06:13,2023-03-17,2023,Unknown,1,13.05,Blue,oe:team:dcf87563dff3f23d3985a5bac289345,Vipers,oe:team:920c52a8d7dbd6f216f9e59b825abc8,Antares Esports,oe:player:9c74ba91b4bace5829f217dfb62e330,Kurckoo,mid,Gragas,oe:player:6f7cba7940b07a9bab657521a36fd21,Orianna,mid:Gragas,lineup-8709c409542254da,1,1796.00000000,29.93333333,2,2,11,6.50000000,12256.00000000,20372.00000000,227,680.57906459,0.20013390,0.27055527,34,1.13585746,0.59090909,790.00000000,478.00000000,-2.00000000,4,out_of_time,512.41301727,612.68980600,223.91265296,0.75103414,2023-03-12
pg-b23f9a06276bc75a,ESPORTSTMNT01_3325538,2023-03-17T02:06:13,2023-03-17,2023,Unknown,1,13.05,Blue,oe:team:dcf87563dff3f23d3985a5bac289345,Vipers,oe:team:920c52a8d7dbd6f216f9e59b825abc8,Antares Esports,oe:player:5a63f3e7e2b4282f07785cdc895d624,Shiku,sup,Karma,oe:player:e1c971f6e6c05a9a7ad90df76977ebd,Senna,sup:Karma,lineup-8709c409542254da,1,1796.00000000,29.93333333,2,1,14,16.00000000,9024.00000000,7712.00000000,21,257.63919822,0.14735708,0.10242108,99,3.30734967,0.72727273,645.00000000,-34.00000000,1.00000000,4,out_of_time,232.19058165,211.76743413,95.27228785,0.26711457,2023-03-12
pg-961dfcf86c1c9f9b,ESPORTSTMNT01_3325538,2023-03-17T02:06:13,2023-03-17,2023,Unknown,1,13.05,Blue,oe:team:dcf87563dff3f23d3985a5bac289345,Vipers,oe:team:920c52a8d7dbd6f216f9e59b825abc8,Antares Esports,oe:player:5b4335a3832ac5a3bb3d24f8bb8687c,ByFalco,top,Wukong,oe:player:4fa807dbb2b3e07b6eacded6065c8f9,Aatrox,top:Wukong,lineup-8709c409542254da,1,1796.00000000,29.93333333,1,3,6,2.33333333,11454.00000000,8502.00000000,217,284.03118040,0.18703767,0.11291287,24,0.80178174,0.31818182,698.00000000,350.00000000,14.00000000,4,out_of_time,479.18662026,543.83998045,210.20624953,-0.92839980,2023-03-12
pg-99b34ea41a0d4a28,ESPORTSTMNT01_3325538,2023-03-17T02:06:13,2023-03-17,2023,Unknown,1,13.05,Red,oe:team:920c52a8d7dbd6f216f9e59b825abc8,Antares Esports,oe:team:dcf87563dff3f23d3985a5bac289345,Vipers,oe:player:ffac14a6607a6bd8d49177cf8f8be81,Zeldris,bot,Seraphine,oe:player:213f7b5efbc9490107dbfc9114ca7ef,Ezreal,bot:Seraphine,lineup-87c3639b6d43b8da,0,1796.00000000,29.93333333,1,4,6,1.75000000,9679.00000000,6738.00000000,214,225.10022272,0.19464275,0.09901252,18,0.60133630,0.58333333,-1616.00000000,-2110.00000000,-37.00000000,4,out_of_time,501.32426237,603.18773159,264.95209444,-1.04254333,2023-03-12
pg-c6e72af2ee2a9831,ESPORTSTMNT01_3325538,2023-03-17T02:06:13,2023-03-17,2023,Unknown,1,13.05,Red,oe:team:920c52a8d7dbd6f216f9e59b825abc8,Antares Esports,oe:team:dcf87563dff3f23d3985a5bac289345,Vipers,oe:player:89faa52485aadb6d1181384f88d2001,Encounters,jng,Maokai,oe:player:5deafe4ab31c8c1b22b5ec6e971c582,Lee Sin,jng:Maokai,lineup-87c3639b6d43b8da,0,1796.00000000,29.93333333,6,3,3,3.00000000,10393.00000000,17280.00000000,145,577.28285078,0.20900115,0.25392347,59,1.97104677,0.75000000,-1651.00000000,-793.00000000,-21.00000000,4,out_of_time,393.98613743,366.52211447,147.64512388,1.24146811,2023-03-12
pg-1cbb691eb8813034,ESPORTSTMNT01_3325538,2023-03-17T02:06:13,2023-03-17,2023,Unknown,1,13.05,Red,oe:team:920c52a8d7dbd6f216f9e59b825abc8,Antares Esports,oe:team:dcf87563dff3f23d3985a5bac289345,Vipers,oe:player:6f7cba7940b07a9bab657521a36fd21,WilBR,mid,Orianna,oe:player:9c74ba91b4bace5829f217dfb62e330,Gragas,mid:Orianna,lineup-87c3639b6d43b8da,0,1796.00000000,29.93333333,1,5,9,2.00000000,11697.00000000,21803.00000000,259,728.38530067,0.23522432,0.32038735,25,0.83518931,0.83333333,-790.00000000,-478.00000000,2.00000000,4,out_of_time,553.02079568,612.68980600,223.91265296,0.78318265,2023-03-12
pg-c2e9a0dddafce756,ESPORTSTMNT01_3325538,2023-03-17T02:06:13,2023-03-17,2023,Unknown,1,13.05,Red,oe:team:920c52a8d7dbd6f216f9e59b825abc8,Antares Esports,oe:team:dcf87563dff3f23d3985a5bac289345,Vipers,oe:player:e1c971f6e6c05a9a7ad90df76977ebd,Gauci,sup,Senna,oe:player:5a63f3e7e2b4282f07785cdc895d624,Karma,sup:Senna,lineup-87c3639b6d43b8da,0,1796.00000000,29.93333333,1,5,9,2.00000000,7562.00000000,11301.00000000,26,377.53897550,0.15207030,0.16606419,68,2.27171492,0.83333333,-645.00000000,34.00000000,-1.00000000,4,out_of_time,227.58855556,211.76743413,95.27228785,1.57391434,2023-03-12
pg-44d28b791b0a2614,ESPORTSTMNT01_3325538,2023-03-17T02:06:13,2023-03-17,2023,Unknown,1,13.05,Red,oe:team:920c52a8d7dbd6f216f9e59b825abc8,Antares Esports,oe:team:dcf87563dff3f23d3985a5bac289345,Vipers,oe:player:4fa807dbb2b3e07b6eacded6065c8f9,Bingus,top,Aatrox,oe:player:5b4335a3832ac5a3bb3d24f8bb8687c,Wukong,top:Aatrox,lineup-87c3639b6d43b8da,0,1796.00000000,29.93333333,3,5,5,1.60000000,10396.00000000,10930.00000000,176,365.14476615,0.20906148,0.16061247,13,0.43429844,0.66666667,-698.00000000,-350.00000000,-14.00000000,4,out_of_time,449.75377960,543.83998045,210.20624953,-0.40250475,2023-03-12
pg-7b23dba08e4eb5be,ESPORTSTMNT01_3325542,2023-03-17T02:20:41,2023-03-17,2023,Unknown,1,13.05,Blue,oe:team:e129de91074731ebb2203742f65ba3e,Universitario Esports,oe:team:df70cf5eb04453059ae5a4e4e30a392,Mad Kings,oe:player:c59f2a6c6e7227a313b6d215f5fb153,Snoopy,bot,Senna,oe:player:445ba3ad8e65abac8ad443618717337,Varus,bot:Senna,lineup-03410b651aadf887,1,2096.00000000,34.93333333,2,2,13,7.50000000,12625.00000000,8382.00000000,111,239.94274809,0.18666095,0.11576868,114,3.26335878,0.57692308,-1612.00000000,-1929.00000000,-135.00000000,4,out_of_time,611.45635795,603.18773159,264.95209444,-1.40219163,2023-03-12
pg-128d82d0454455d0,ESPORTSTMNT01_3325542,2023-03-17T02:20:41,2023-03-17,2023,Unknown,1,13.05,Blue,oe:team:e129de91074731ebb2203742f65ba3e,Universitario Esports,oe:team:df70cf5eb04453059ae5a4e4e30a392,Mad Kings,oe:player:fac747e9c68a89da88dad294bf5ed51,Annataqui,jng,Zac,oe:player:914517b9be0b39cd64e61a8f3284995,Gragas,jng:Zac,lineup-03410b651aadf887,1,2096.00000000,34.93333333,6,0,15,21.00000000,13981.00000000,14681.00000000,184,420.25763359,0.20670944,0.20276784,36,1.03053435,0.80769231,1497.00000000,255.00000000,4.00000000,4,out_of_time,391.27215932,366.52211447,147.64512388,0.19631853,2023-03-12
pg-e3a875a65f6ce1f9,ESPORTSTMNT01_3325542,2023-03-17T02:20:41,2023-03-17,2023,Unknown,1,13.05,Blue,oe:team:e129de91074731ebb2203742f65ba3e,Universitario Esports,oe:team:df70cf5eb04453059ae5a4e4e30a392,Mad Kings,oe:player:b6fe055bfad88e328abe3fbbf21a33c,Overload,mid,Olaf,oe:player:24a97b1b1e5d51b77443b684844af57,Viktor,mid:Olaf,lineup-03410b651aadf887,1,2096.00000000,34.93333333,5,1,4,9.00000000,13598.00000000,15988.00000000,231,457.67175573,0.20104678,0.22081958,58,1.66030534,0.34615385,349.00000000,491.00000000,-2.00000000,4,out_of_time,606.34089350,612.68980600,223.91265296,-0.66396041,2023-03-12
pg-51d3b915bd542209,ESPORTSTMNT01_3325542,2023-03-17T02:20:41,2023-03-17,2023,Unknown,1,13.05,Blue,oe:team:e129de91074731ebb2203742f65ba3e,Universitario Esports,oe:team:df70cf5eb04453059ae5a4e4e30a392,Mad Kings,oe:player:32dc07c1aa7fd284d0185619c6f9711,AlienBoy,sup,Seraphine,oe:player:c62419314cffbc6e4f3a9b5304e3ddb,Karma,sup:Seraphine,lineup-03410b651aadf887,1,2096.00000000,34.93333333,6,1,13,19.00000000,13794.00000000,17734.00000000,235,507.65267176,0.20394464,0.24493460,54,1.54580153,0.73076923,1635.00000000,2282.00000000,93.00000000,4,out_of_time,291.37526065,211.76743413,95.27228785,2.27009780,2023-03-12
pg-0def2e210bf2b42a,ESPORTSTMNT01_3325542,2023-03-17T02:20:41,2023-03-17,2023,Unknown,1,13.05,Blue,oe:team:e129de91074731ebb2203742f65ba3e,Universitario Esports,oe:team:df70cf5eb04453059ae5a4e4e30a392,Mad Kings,oe:player:a9e2d00e60f059e223d82301a50182c,Abaddon,top,Gnar,oe:player:7ec4aff3394361255ecfe13ca99b994,Jayce,top:Gnar,lineup-03410b651aadf887,1,2096.00000000,34.93333333,7,2,6,6.50000000,13638.00000000,15618.00000000,216,447.08015267,0.20163818,0.21570929,54,1.54580153,0.50000000,-1067.00000000,-854.00000000,-33.00000000,4,out_of_time,554.67920603,543.83998045,210.20624953,-0.51187371,2023-03-12
pg-d81d43c3f0f57441,ESPORTSTMNT01_3325542,2023-03-17T02:20:41,2023-03-17,2023,Unknown,1,13.05,Red,oe:team:df70cf5eb04453059ae5a4e4e30a392,Mad Kings,oe:team:e129de91074731ebb2203742f65ba3e,Universitario Esports,oe:player:445ba3ad8e65abac8ad443618717337,Xamexx,bot,Varus,oe:player:c59f2a6c6e7227a313b6d215f5fb153,Senna,bot:Varus,lineup-62d4b7a1638810cb,0,2096.00000000,34.93333333,1,4,2,0.75000000,13865.00000000,17159.00000000,350,491.19274809,0.25879608,0.21233758,37,1.05916031,0.50000000,1612.00000000,1929.00000000,135.00000000,4,out_of_time,717.73991358,603.18773159,264.95209444,-0.85504954,2023-03-12
pg-45f7d016344e1981,ESPORTSTMNT01_3325542,2023-03-17T02:20:41,2023-03-17,2023,Unknown,1,13.05,Red,oe:team:df70cf5eb04453059ae5a4e4e30a392,Mad Kings,oe:team:e129de91074731ebb2203742f65ba3e,Universitario Esports,oe:player:914517b9be0b39cd64e61a8f3284995,Yoyomax,jng,Gragas,oe:player:fac747e9c68a89da88dad294bf5ed51,Zac,jng:Gragas,lineup-62d4b7a1638810cb,0,2096.00000000,34.93333333,1,6,3,0.66666667,8955.00000000,8704.00000000,138,249.16030534,0.16714886,0.10770944,36,1.03053435,0.66666667,-1497.00000000,-255.00000000,-4.00000000,4,out_of_time,473.51034599,366.52211447,147.64512388,-1.51952218,2023-03-12
pg-23727ada1915625b,ESPORTSTMNT01_3325542,2023-03-17T02:20:41,2023-03-17,2023,Unknown,1,13.05,Red,oe:team:df70cf5eb04453059ae5a4e4e30a392,Mad Kings,oe:team:e129de91074731ebb2203742f65ba3e,Universitario Esports,oe:player:24a97b1b1e5d51b77443b684844af57,Alex Mercer,mid,Viktor,oe:player:b6fe055bfad88e328abe3fbbf21a33c,Olaf,mid:Viktor,lineup-62d4b7a1638810cb,0,2096.00000000,34.93333333,1,5,3,0.80000000,10826.00000000,18123.00000000,238,518.78816794,0.20207186,0.22426680,29,0.83015267,0.66666667,-349.00000000,-491.00000000,2.00000000,4,out_of_time,695.47322331,612.68980600,223.91265296,-0.78908026,2023-03-12
pg-6f4081d23b988ecb,ESPORTSTMNT01_3325542,2023-03-17T02:20:41,2023-03-17,2023,Unknown,1,13.05,Red,oe:team:df70cf5eb04453059ae5a4e4e30a392,Mad Kings,oe:team:e129de91074731ebb2203742f65ba3e,Universitario Esports,oe:player:c62419314cffbc6e4f3a9b5304e3ddb,Melody,sup,Karma,oe:player:32dc07c1aa7fd284d0185619c6f9711,Seraphine,sup:Karma,lineup-62d4b7a1638810cb,0,2096.00000000,34.93333333,0,5,3,0.60000000,6414.00000000,7119.00000000,15,203.78816794,0.11972002,0.08809553,69,1.97519084,0.50000000,-1635.00000000,-2282.00000000,-93.00000000,4,out_of_time,327.86861969,211.76743413,95.27228785,-1.30237716,2023-03-12
pg-2f639fdb3b93bea2,ESPORTSTMNT01_3325542,2023-03-17T02:20:41,2023-03-17,2023,Unknown,1,13.05,Red,oe:team:df70cf5eb04453059ae5a4e4e30a392,Mad Kings,oe:team:e129de91074731ebb2203742f65ba3e,Universitario Esports,oe:player:7ec4aff3394361255ecfe13ca99b994,Siicked,top,Jayce,oe:player:a9e2d00e60f059e223d82301a50182c,Gnar,top:Jayce,lineup-62d4b7a1638810cb,0,2096.00000000,34.93333333,3,6,1,0.66666667,13515.00000000,29705.00000000,279,850.33396947,0.25226318,0.36759064,48,1.37404580,0.66666667,1067.00000000,854.00000000,33.00000000,4,out_of_time,670.76205611,543.83998045,210.20624953,0.85426534,2023-03-12
pg-4baa8d9885534731,ESPORTSTMNT01_3324591,2023-03-17T03:08:38,2023-03-17,2023,Unknown,1,13.05,Blue,oe:team:dcf87563dff3f23d3985a5bac289345,Vipers,oe:team:920c52a8d7dbd6f216f9e59b825abc8,Antares Esports,oe:player:213f7b5efbc9490107dbfc9114ca7ef,S34NDR0M3,bot,Jinx,oe:player:ffac14a6607a6bd8d49177cf8f8be81,Xayah,bot:Jinx,lineup-8709c409542254da,1,2010.00000000,33.50000000,7,0,8,15.00000000,15912.00000000,22237.00000000,304,663.79104478,0.24143477,0.28226707,47,1.40298507,0.78947368,782.00000000,226.00000000,-17.00000000,4,out_of_time,492.84058705,603.18773159,264.95209444,0.64521271,2023-03-12
pg-6c0bf291d4acfca1,ESPORTSTMNT01_3324591,2023-03-17T03:08:38,2023-03-17,2023,Unknown,1,13.05,Blue,oe:team:dcf87563dff3f23d3985a5bac289345,Vipers,oe:team:920c52a8d7dbd6f216f9e59b825abc8,Antares Esports,oe:player:5deafe4ab31c8c1b22b5ec6e971c582,Nainess,jng,Viego,oe:player:89faa52485aadb6d1181384f88d2001,Wukong,jng:Viego,lineup-8709c409542254da,1,2010.00000000,33.50000000,6,2,10,8.00000000,12591.00000000,11007.00000000,168,328.56716418,0.19104482,0.13971820,52,1.55223881,0.84210526,917.00000000,-367.00000000,6.00000000,4,out_of_time,292.12957684,366.52211447,147.64512388,0.24679167,2023-03-12
pg-05e82271f7ba4e7d,ESPORTSTMNT01_3324591,2023-03-17T03:08:38,2023-03-17,2023,Unknown,1,13.05,Blue,oe:team:dcf87563dff3f23d3985a5bac289345,Vipers,oe:team:920c52a8d7dbd6f216f9e59b825abc8,Antares Esports,oe:player:9c74ba91b4bace5829f217dfb62e330,Kurckoo,mid,Taliyah,oe:player:6f7cba7940b07a9bab657521a36fd21,Viktor,mid:Taliyah,lineup-8709c409542254da,1,2010.00000000,33.50000000,1,1,17,18.00000000,14123.00000000,21508.00000000,256,642.02985075,0.21429005,0.27301346,57,1.70149254,0.94736842,590.00000000,-740.00000000,-9.00000000,4,out_of_time,520.28434507,612.68980600,223.91265296,0.54371874,2023-03-12
pg-fb829ffff422e492,ESPORTSTMNT01_3324591,2023-03-17T03:08:38,2023-03-17,2023,Unknown,1,13.05,Blue,oe:team:dcf87563dff3f23d3985a5bac289345,Vipers,oe:team:920c52a8d7dbd6f216f9e59b825abc8,Antares Esports,oe:player:5a63f3e7e2b4282f07785cdc895d624,Shiku,sup,Thresh,oe:player:e1c971f6e6c05a9a7ad90df76977ebd,Rakan,sup:Thresh,lineup-8709c409542254da,1,2010.00000000,33.50000000,1,1,17,18.00000000,9093.00000000,8061.00000000,33,240.62686567,0.13796923,0.10232292,98,2.92537313,0.94736842,534.00000000,-419.00000000,3.00000000,4,out_of_time,175.64573833,211.76743413,95.27228785,0.68205696,2023-03-12
pg-005dfa33e1372e6d,ESPORTSTMNT01_3324591,2023-03-17T03:08:38,2023-03-17,2023,Unknown,1,13.05,Blue,oe:team:dcf87563dff3f23d3985a5bac289345,Vipers,oe:team:920c52a8d7dbd6f216f9e59b825abc8,Antares Esports,oe:player:5b4335a3832ac5a3bb3d24f8bb8687c,ByFalco,top,Kennen,oe:player:4fa807dbb2b3e07b6eacded6065c8f9,Dr. Mundo,top:Kennen,lineup-8709c409542254da,1,2010.00000000,33.50000000,4,1,6,10.00000000,14187.00000000,15967.00000000,264,476.62686567,0.21526113,0.20267834,45,1.34328358,0.52631579,677.00000000,463.00000000,20.00000000,4,out_of_time,465.96344367,543.83998045,210.20624953,0.05072838,2023-03-12
pg-2e7fc8927e40289b,ESPORTSTMNT01_3324591,2023-03-17T03:08:38,2023-03-17,2023,Unknown,1,13.05,Red,oe:team:920c52a8d7dbd6f216f9e59b825abc8,Antares Esports,oe:team:dcf87563dff3f23d3985a5bac289345,Vipers,oe:player:ffac14a6607a6bd8d49177cf8f8be81,Zeldris,bot,Xayah,oe:player:213f7b5efbc9490107dbfc9114ca7ef,Jinx,bot:Xayah,lineup-87c3639b6d43b8da,0,2010.00000000,33.50000000,2,2,1,1.50000000,13533.00000000,10966.00000000,323,327.34328358,0.26174497,0.21838096,37,1.10447761,0.60000000,-782.00000000,-226.00000000,17.00000000,4,out_of_time,537.37740374,603.18773159,264.95209444,-0.79272489,2023-03-12
pg-52583b91aa1e50d8,ESPORTSTMNT01_3324591,2023-03-17T03:08:38,2023-03-17,2023,Unknown,1,13.05,Red,oe:team:920c52a8d7dbd6f216f9e59b825abc8,Antares Esports,oe:team:dcf87563dff3f23d3985a5bac289345,Vipers,oe:player:89faa52485aadb6d1181384f88d2001,Encounters,jng,Wukong,oe:player:5deafe4ab31c8c1b22b5ec6e971c582,Viego,jng:Wukong,lineup-87c3639b6d43b8da,0,2010.00000000,33.50000000,2,2,3,2.50000000,9779.00000000,6553.00000000,158,195.61194030,0.18913796,0.13049885,69,2.05970149,1.00000000,-917.00000000,367.00000000,-6.00000000,4,out_of_time,316.84105957,366.52211447,147.64512388,-0.82108448,2023-03-12
pg-a1cd74dcb4dc7740,ESPORTSTMNT01_3324591,2023-03-17T03:08:38,2023-03-17,2023,Unknown,1,13.05,Red,oe:team:920c52a8d7dbd6f216f9e59b825abc8,Antares Esports,oe:team:dcf87563dff3f23d3985a5bac289345,Vipers,oe:player:6f7cba7940b07a9bab657521a36fd21,WilBR,mid,Viktor,oe:player:9c74ba91b4bace5829f217dfb62e330,Taliyah,mid:Viktor,lineup-87c3639b6d43b8da,0,2010.00000000,33.50000000,0,6,4,0.66666667,10633.00000000,19096.00000000,234,570.02985075,0.20565538,0.38028478,31,0.92537313,0.80000000,-590.00000000,740.00000000,9.00000000,4,out_of_time,570.25544321,612.68980600,223.91265296,-0.00100750,2023-03-12
pg-3f27df53d950932c,ESPORTSTMNT01_3324591,2023-03-17T03:08:38,2023-03-17,2023,Unknown,1,13.05,Red,oe:team:920c52a8d7dbd6f216f9e59b825abc8,Antares Esports,oe:team:dcf87563dff3f23d3985a5bac289345,Vipers,oe:player:e1c971f6e6c05a9a7ad90df76977ebd,Gauci,sup,Rakan,oe:player:5a63f3e7e2b4282f07785cdc895d624,Thresh,sup:Rakan,lineup-87c3639b6d43b8da,0,2010.00000000,33.50000000,1,6,3,0.66666667,6995.00000000,1983.00000000,35,59.19402985,0.13529196,0.03949019,98,2.92537313,0.80000000,-534.00000000,419.00000000,-3.00000000,4,out_of_time,179.67053843,211.76743413,95.27228785,-1.26454934,2023-03-12
pg-353b3a9ca2f34225,ESPORTSTMNT01_3324591,2023-03-17T03:08:38,2023-03-17,2023,Unknown,1,13.05,Red,oe:team:920c52a8d7dbd6f216f9e59b825abc8,Antares Esports,oe:team:dcf87563dff3f23d3985a5bac289345,Vipers,oe:player:4fa807dbb2b3e07b6eacded6065c8f9,Bingus,top,Dr. Mundo,oe:player:5b4335a3832ac5a3bb3d24f8bb8687c,Kennen,top:Dr. Mundo,lineup-87c3639b6d43b8da,0,2010.00000000,33.50000000,0,3,3,1.00000000,10763.00000000,11617.00000000,256,346.77611940,0.20816974,0.23134522,28,0.83582090,0.60000000,-677.00000000,-463.00000000,-20.00000000,4,out_of_time,482.48571959,543.83998045,210.20624953,-0.64560212,2023-03-12
pg-26a283481d4fc88d,ESPORTSTMNT01_3325781,2023-03-17T23:59:49,2023-03-17,2023,Unknown,1,13.05,Blue,oe:team:2a7fc0772538d018f713520c5e90ee0,Red Eye Esports,oe:team:dcf87563dff3f23d3985a5bac289345,Vipers,oe:player:7a2798d7c31bb0cdb3401cd4e375f14,ZombieHog,bot,Ezreal,oe:player:213f7b5efbc9490107dbfc9114ca7ef,Jinx,bot:Ezreal,lineup-d54c83941826a97f,0,1660.00000000,27.66666667,0,2,2,1.00000000,9883.00000000,7730.00000000,251,279.39759036,0.23329871,0.20535572,16,0.57831325,1.00000000,-861.00000000,-83.00000000,6.00000000,4,out_of_time,669.04937196,603.18773159,264.95209444,-1.47064994,2023-03-12
pg-b957a2a3dca098ae,ESPORTSTMNT01_3325781,2023-03-17T23:59:49,2023-03-17,2023,Unknown,1,13.05,Blue,oe:team:2a7fc0772538d018f713520c5e90ee0,Red Eye Esports,oe:team:dcf87563dff3f23d3985a5bac289345,Vipers,oe:player:cd99932955b983ba7428c0219f7eb82,Ruyi,jng,Maokai,oe:player:5deafe4ab31c8c1b22b5ec6e971c582,Wukong,jng:Maokai,lineup-d54c83941826a97f,0,1660.00000000,27.66666667,1,5,1,0.40000000,7821.00000000,9148.00000000,145,330.65060241,0.18462301,0.24302641,32,1.15662651,1.00000000,60.00000000,452.00000000,3.00000000,4,out_of_time,431.49972777,366.52211447,147.64512388,-0.68305084,2023-03-12
pg-9bc068b225d59f9d,ESPORTSTMNT01_3325781,2023-03-17T23:59:49,2023-03-17,2023,Unknown,1,13.05,Blue,oe:team:2a7fc0772538d018f713520c5e90ee0,Red Eye Esports,oe:team:dcf87563dff3f23d3985a5bac289345,Vipers,oe:player:fda70732b859899fa7572b8ebb41196,Saifer,mid,Gragas,oe:player:9c74ba91b4bace5829f217dfb62e330,Vex,mid:Gragas,lineup-d54c83941826a97f,0,1660.00000000,27.66666667,0,3,1,0.33333333,8325.00000000,7062.00000000,199,255.25301205,0.19652047,0.18760959,23,0.83132530,0.50000000,-233.00000000,-176.00000000,-9.00000000,4,out_of_time,586.99264628,612.68980600,223.91265296,-1.48155823,2023-03-12
pg-9ca522421f20d338,ESPORTSTMNT01_3325781,2023-03-17T23:59:49,2023-03-17,2023,Unknown,1,13.05,Blue,oe:team:2a7fc0772538d018f713520c5e90ee0,Red Eye Esports,oe:team:dcf87563dff3f23d3985a5bac289345,Vipers,oe:player:9c8834ac0a7a7aaa66010ded94db1db,Cassius,sup,Karma,oe:player:5a63f3e7e2b4282f07785cdc895d624,Thresh,sup:Karma,lineup-d54c83941826a97f,0,1660.00000000,27.66666667,0,4,1,0.25000000,5756.00000000,3949.00000000,21,142.73493976,0.13587649,0.10490941,80,2.89156627,0.50000000,-90.00000000,-184.00000000,-9.00000000,4,out_of_time,258.60244560,211.76743413,95.27228785,-1.21617218,2023-03-12
pg-95edbade08ca01e9,ESPORTSTMNT01_3325781,2023-03-17T23:59:49,2023-03-17,2023,Unknown,1,13.05,Blue,oe:team:2a7fc0772538d018f713520c5e90ee0,Red Eye Esports,oe:team:dcf87563dff3f23d3985a5bac289345,Vipers,oe:player:b9dfa3efb116230e2a05ff9f568e763,Dertako,top,Fiora,oe:player:5b4335a3832ac5a3bb3d24f8bb8687c,Sett,top:Fiora,lineup-d54c83941826a97f,0,1660.00000000,27.66666667,1,1,0,1.00000000,10577.00000000,9753.00000000,241,352.51807229,0.24968132,0.25909888,19,0.68674699,0.50000000,-756.00000000,-1207.00000000,-28.00000000,4,out_of_time,566.55921422,543.83998045,210.20624953,-1.01824347,2023-03-12
pg-306c33dbee530e1f,ESPORTSTMNT01_3325781,2023-03-17T23:59:49,2023-03-17,2023,Unknown,1,13.05,Red,oe:team:dcf87563dff3f23d3985a5bac289345,Vipers,oe:team:2a7fc0772538d018f713520c5e90ee0,Red Eye Esports,oe:player:213f7b5efbc9490107dbfc9114ca7ef,S34NDR0M3,bot,Jinx,oe:player:7a2798d7c31bb0cdb3401cd4e375f14,Ezreal,bot:Jinx,lineup-8709c409542254da,1,1660.00000000,27.66666667,7,0,5,12.00000000,13594.00000000,12643.00000000,245,456.97590361,0.26370003,0.22959304,28,1.01204819,0.80000000,861.00000000,83.00000000,-6.00000000,4,out_of_time,525.98629676,603.18773159,264.95209444,-0.26046366,2023-03-12
pg-99b1572db7d8c5ce,ESPORTSTMNT01_3325781,2023-03-17T23:59:49,2023-03-17,2023,Unknown,1,13.05,Red,oe:team:dcf87563dff3f23d3985a5bac289345,Vipers,oe:team:2a7fc0772538d018f713520c5e90ee0,Red Eye Esports,oe:player:5deafe4ab31c8c1b22b5ec6e971c582,Nainess,jng,Wukong,oe:player:cd99932955b983ba7428c0219f7eb82,Maokai,jng:Wukong,lineup-8709c409542254da,1,1660.00000000,27.66666667,1,1,9,10.00000000,9339.00000000,8548.00000000,147,308.96385542,0.18116040,0.15522908,30,1.08433735,0.66666667,-60.00000000,-452.00000000,-3.00000000,4,out_of_time,301.89768067,366.52211447,147.64512388,0.04785918,2023-03-12
pg-1efeaf300131a9a2,ESPORTSTMNT01_3325781,2023-03-17T23:59:49,2023-03-17,2023,Unknown,1,13.05,Red,oe:team:dcf87563dff3f23d3985a5bac289345,Vipers,oe:team:2a7fc0772538d018f713520c5e90ee0,Red Eye Esports,oe:player:9c74ba91b4bace5829f217dfb62e330,Kurckoo,mid,Vex,oe:player:fda70732b859899fa7572b8ebb41196,Gragas,mid:Vex,lineup-8709c409542254da,1,1660.00000000,27.66666667,5,0,8,13.00000000,10782.00000000,19193.00000000,233,693.72289157,0.20915210,0.34853905,34,1.22891566,0.86666667,233.00000000,176.00000000,9.00000000,4,out_of_time,558.13916319,612.68980600,223.91265296,0.60552062,2023-03-12
pg-f86b125ade856f33,ESPORTSTMNT01_3325781,2023-03-17T23:59:49,2023-03-17,2023,Unknown,1,13.05,Red,oe:team:dcf87563dff3f23d3985a5bac289345,Vipers,oe:team:2a7fc0772538d018f713520c5e90ee0,Red Eye Esports,oe:player:5a63f3e7e2b4282f07785cdc895d624,Shiku,sup,Thresh,oe:player:9c8834ac0a7a7aaa66010ded94db1db,Karma,sup:Thresh,lineup-8709c409542254da,1,1660.00000000,27.66666667,1,1,11,12.00000000,7083.00000000,2806.00000000,26,101.42168675,0.13739792,0.05095611,68,2.45783133,0.80000000,90.00000000,184.00000000,9.00000000,4,out_of_time,206.45763338,211.76743413,95.27228785,-1.10248162,2023-03-12
pg-78723a5ea4d3ccc6,ESPORTSTMNT01_3325781,2023-03-17T23:59:49,2023-03-17,2023,Unknown,1,13.05,Red,oe:team:dcf87563dff3f23d3985a5bac289345,Vipers,oe:team:2a7fc0772538d018f713520c5e90ee0,Red Eye Esports,oe:player:5b4335a3832ac5a3bb3d24f8bb8687c,ByFalco,top,Sett,oe:player:b9dfa3efb116230e2a05ff9f568e763,Fiora,top:Sett,lineup-8709c409542254da,1,1660.00000000,27.66666667,1,0,2,3.00000000,10753.00000000,11877.00000000,228,429.28915663,0.20858955,0.21568271,22,0.79518072,0.20000000,756.00000000,1207.00000000,28.00000000,4,out_of_time,493.11598308,543.83998045,210.20624953,-0.30363905,2023-03-12
pg-b120522b91c32171,ESPORTSTMNT01_3326809,2023-03-18T00:54:30,2023-03-18,2023,Unknown,1,13.05,Blue,oe:team:2a7fc0772538d018f713520c5e90ee0,Red Eye Esports,oe:team:dcf87563dff3f23d3985a5bac289345,Vipers,oe:player:7a2798d7c31bb0cdb3401cd4e375f14,ZombieHog,bot,Jinx,oe:player:213f7b5efbc9490107dbfc9114ca7ef,Aphelios,bot:Jinx,lineup-d54c83941826a97f,1,2354.00000000,39.23333333,5,4,11,4.00000000,16104.00000000,22728.00000000,294,579.30331351,0.22343082,0.26186745,37,0.94307562,0.76190476,-27.00000000,221.00000000,17.00000000,4,out_of_time,575.43862397,603.18773159,264.95209444,0.01458637,2023-03-12
pg-8b856825e8c77ce0,ESPORTSTMNT01_3326809,2023-03-18T00:54:30,2023-03-18,2023,Unknown,1,13.05,Blue,oe:team:2a7fc0772538d018f713520c5e90ee0,Red Eye Esports,oe:team:dcf87563dff3f23d3985a5bac289345,Vipers,oe:player:cd99932955b983ba7428c0219f7eb82,Ruyi,jng,Wukong,oe:player:5deafe4ab31c8c1b22b5ec6e971c582,Jarvan IV,jng:Wukong,lineup-d54c83941826a97f,1,2354.00000000,39.23333333,4,4,12,4.00000000,13630.00000000,12953.00000000,186,330.15293118,0.18910594,0.14924187,59,1.50382328,0.76190476,-565.00000000,686.00000000,13.00000000,4,out_of_time,380.60785929,366.52211447,147.64512388,-0.34173108,2023-03-12
pg-2fea6383195d4d59,ESPORTSTMNT01_3326809,2023-03-18T00:54:30,2023-03-18,2023,Unknown,1,13.05,Blue,oe:team:2a7fc0772538d018f713520c5e90ee0,Red Eye Esports,oe:team:dcf87563dff3f23d3985a5bac289345,Vipers,oe:player:fda70732b859899fa7572b8ebb41196,Saifer,mid,Veigar,oe:player:9c74ba91b4bace5829f217dfb62e330,LeBlanc,mid:Veigar,lineup-d54c83941826a97f,1,2354.00000000,39.23333333,2,1,11,13.00000000,13357.00000000,16914.00000000,251,431.11299915,0.18531828,0.19487971,35,0.89209856,0.61904762,-560.00000000,-300.00000000,-2.00000000,4,out_of_time,617.69562895,612.68980600,223.91265296,-0.83328310,2023-03-12
pg-4e4397d704b6568b,ESPORTSTMNT01_3326809,2023-03-18T00:54:30,2023-03-18,2023,Unknown,1,13.05,Blue,oe:team:2a7fc0772538d018f713520c5e90ee0,Red Eye Esports,oe:team:dcf87563dff3f23d3985a5bac289345,Vipers,oe:player:9c8834ac0a7a7aaa66010ded94db1db,Cassius,sup,Nautilus,oe:player:5a63f3e7e2b4282f07785cdc895d624,Thresh,sup:Nautilus,lineup-d54c83941826a97f,1,2354.00000000,39.23333333,4,5,9,2.60000000,10616.00000000,7023.00000000,43,179.00594732,0.14728897,0.08091760,118,3.00764656,0.61904762,-579.00000000,-345.00000000,-8.00000000,4,out_of_time,238.34608321,211.76743413,95.27228785,-0.62284781,2023-03-12
pg-8d9f8c48ea8a3e25,ESPORTSTMNT01_3326809,2023-03-18T00:54:30,2023-03-18,2023,Unknown,1,13.05,Blue,oe:team:2a7fc0772538d018f713520c5e90ee0,Red Eye Esports,oe:team:dcf87563dff3f23d3985a5bac289345,Vipers,oe:player:b9dfa3efb116230e2a05ff9f568e763,Dertako,top,Olaf,oe:player:5b4335a3832ac5a3bb3d24f8bb8687c,Kennen,top:Olaf,lineup-d54c83941826a97f,1,2354.00000000,39.23333333,6,0,9,15.00000000,18369.00000000,27174.00000000,338,692.62531861,0.25485599,0.31309337,28,0.71367884,0.71428571,-21.00000000,32.00000000,-4.00000000,4,out_of_time,551.38501915,543.83998045,210.20624953,0.67191294,2023-03-12
pg-ed36a99f01faacfc,ESPORTSTMNT01_3326809,2023-03-18T00:54:30,2023-03-18,2023,Unknown,1,13.05,Red,oe:team:dcf87563dff3f23d3985a5bac289345,Vipers,oe:team:2a7fc0772538d018f713520c5e90ee0,Red Eye Esports,oe:player:213f7b5efbc9490107dbfc9114ca7ef,S34NDR0M3,bot,Aphelios,oe:player:7a2798d7c31bb0cdb3401cd4e375f14,Jinx,bot:Aphelios,lineup-8709c409542254da,0,2354.00000000,39.23333333,6,4,6,3.00000000,15355.00000000,31057.00000000,323,791.59728122,0.24113509,0.33625300,39,0.99405268,0.85714286,27.00000000,-221.00000000,-17.00000000,4,out_of_time,601.49122754,603.18773159,264.95209444,0.71751104,2023-03-12
pg-721d359cc2d73c36,ESPORTSTMNT01_3326809,2023-03-18T00:54:30,2023-03-18,2023,Unknown,1,13.05,Red,oe:team:dcf87563dff3f23d3985a5bac289345,Vipers,oe:team:2a7fc0772538d018f713520c5e90ee0,Red Eye Esports,oe:player:5deafe4ab31c8c1b22b5ec6e971c582,Nainess,jng,Jarvan IV,oe:player:cd99932955b983ba7428c0219f7eb82,Wukong,jng:Jarvan IV,lineup-8709c409542254da,0,2354.00000000,39.23333333,1,7,11,1.71428571,10904.00000000,9724.00000000,155,247.85046729,0.17123653,0.10528139,50,1.27442651,0.85714286,565.00000000,-686.00000000,-13.00000000,4,out_of_time,320.18922100,366.52211447,147.64512388,-0.48995017,2023-03-12
pg-e428332088a6f16f,ESPORTSTMNT01_3326809,2023-03-18T00:54:30,2023-03-18,2023,Unknown,1,13.05,Red,oe:team:dcf87563dff3f23d3985a5bac289345,Vipers,oe:team:2a7fc0772538d018f713520c5e90ee0,Red Eye Esports,oe:player:9c74ba91b4bace5829f217dfb62e330,Kurckoo,mid,LeBlanc,oe:player:fda70732b859899fa7572b8ebb41196,Veigar,mid:LeBlanc,lineup-8709c409542254da,0,2354.00000000,39.23333333,4,4,9,3.25000000,14855.00000000,27554.00000000,255,702.31096007,0.23328308,0.29832615,65,1.65675446,0.92857143,560.00000000,300.00000000,2.00000000,4,out_of_time,594.68444003,612.68980600,223.91265296,0.48066297,2023-03-12
pg-0e196e88185628ae,ESPORTSTMNT01_3326809,2023-03-18T00:54:30,2023-03-18,2023,Unknown,1,13.05,Red,oe:team:dcf87563dff3f23d3985a5bac289345,Vipers,oe:team:2a7fc0772538d018f713520c5e90ee0,Red Eye Esports,oe:player:5a63f3e7e2b4282f07785cdc895d624,Shiku,sup,Thresh,oe:player:9c8834ac0a7a7aaa66010ded94db1db,Nautilus,sup:Thresh,lineup-8709c409542254da,0,2354.00000000,39.23333333,2,3,8,3.33333333,8476.00000000,6841.00000000,34,174.36703483,0.13310720,0.07406726,111,2.82922685,0.71428571,579.00000000,345.00000000,8.00000000,4,out_of_time,186.14136224,211.76743413,95.27228785,-0.12358607,2023-03-12
pg-e47e5af481bddc8b,ESPORTSTMNT01_3326809,2023-03-18T00:54:30,2023-03-18,2023,Unknown,1,13.05,Red,oe:team:dcf87563dff3f23d3985a5bac289345,Vipers,oe:team:2a7fc0772538d018f713520c5e90ee0,Red Eye Esports,oe:player:5b4335a3832ac5a3bb3d24f8bb8687c,ByFalco,top,Kennen,oe:player:b9dfa3efb116230e2a05ff9f568e763,Olaf,top:Kennen,lineup-8709c409542254da,0,2354.00000000,39.23333333,1,3,2,1.00000000,14088.00000000,17186.00000000,327,438.04587935,0.22123810,0.18607219,30,0.76465590,0.21428571,21.00000000,-32.00000000,4.00000000,4,out_of_time,479.80099386,543.83998045,210.20624953,-0.19863879,2023-03-12
pg-61d2cb6dd1f2f3ba,ESPORTSTMNT01_3326817,2023-03-18T01:57:47,2023-03-18,2023,Unknown,1,13.05,Blue,oe:team:dcf87563dff3f23d3985a5bac289345,Vipers,oe:team:2a7fc0772538d018f713520c5e90ee0,Red Eye Esports,oe:player:213f7b5efbc9490107dbfc9114ca7ef,S34NDR0M3,bot,Aphelios,oe:player:7a2798d7c31bb0cdb3401cd4e375f14,Zeri,bot:Aphelios,lineup-8709c409542254da,1,2352.00000000,39.20000000,4,2,12,8.00000000,16204.00000000,19664.00000000,330,501.63265306,0.21784840,0.22516116,57,1.45408163,0.69565217,242.00000000,-244.00000000,-11.00000000,4,out_of_time,627.51215442,603.18773159,264.95209444,-0.47510287,2023-03-12
pg-1a33c2bfd7aff7f7,ESPORTSTMNT01_3326817,2023-03-18T01:57:47,2023-03-18,2023,Unknown,1,13.05,Blue,oe:team:dcf87563dff3f23d3985a5bac289345,Vipers,oe:team:2a7fc0772538d018f713520c5e90ee0,Red Eye Esports,oe:player:5deafe4ab31c8c1b22b5ec6e971c582,Nainess,jng,Viego,oe:player:cd99932955b983ba7428c0219f7eb82,Wukong,jng:Viego,lineup-8709c409542254da,1,2352.00000000,39.20000000,3,3,11,4.66666667,13870.00000000,8988.00000000,183,229.28571429,0.18646984,0.10291642,52,1.32653061,0.60869565,1088.00000000,695.00000000,16.00000000,4,out_of_time,320.02749235,366.52211447,147.64512388,-0.61459380,2023-03-12
pg-8487f80e9386b2ce,ESPORTSTMNT01_3326817,2023-03-18T01:57:47,2023-03-18,2023,Unknown,1,13.05,Blue,oe:team:dcf87563dff3f23d3985a5bac289345,Vipers,oe:team:2a7fc0772538d018f713520c5e90ee0,Red Eye Esports,oe:player:9c74ba91b4bace5829f217dfb62e330,Kurckoo,mid,Tristana,oe:player:fda70732b859899fa7572b8ebb41196,Veigar,mid:Tristana,lineup-8709c409542254da,1,2352.00000000,39.20000000,10,5,9,3.80000000,18547.00000000,32993.00000000,334,841.65816327,0.24934796,0.37778388,68,1.73469388,0.82608696,126.00000000,-290.00000000,-12.00000000,4,out_of_time,563.67484355,612.68980600,223.91265296,1.24148107,2023-03-12
pg-f9e8886901e2ffcf,ESPORTSTMNT01_3326817,2023-03-18T01:57:47,2023-03-18,2023,Unknown,1,13.05,Blue,oe:team:dcf87563dff3f23d3985a5bac289345,Vipers,oe:team:2a7fc0772538d018f713520c5e90ee0,Red Eye Esports,oe:player:5a63f3e7e2b4282f07785cdc895d624,Shiku,sup,Nautilus,oe:player:9c8834ac0a7a7aaa66010ded94db1db,Thresh,sup:Nautilus,lineup-8709c409542254da,1,2352.00000000,39.20000000,1,3,13,4.66666667,8997.00000000,4649.00000000,25,118.59693878,0.12095668,0.05323303,103,2.62755102,0.60869565,390.00000000,140.00000000,-3.00000000,4,out_of_time,186.99648881,211.76743413,95.27228785,-0.71793752,2023-03-12
pg-b5a5a1be30175c77,ESPORTSTMNT01_3326817,2023-03-18T01:57:47,2023-03-18,2023,Unknown,1,13.05,Blue,oe:team:dcf87563dff3f23d3985a5bac289345,Vipers,oe:team:2a7fc0772538d018f713520c5e90ee0,Red Eye Esports,oe:player:5b4335a3832ac5a3bb3d24f8bb8687c,ByFalco,top,Kennen,oe:player:b9dfa3efb116230e2a05ff9f568e763,Irelia,top:Kennen,lineup-8709c409542254da,1,2352.00000000,39.20000000,5,1,12,17.00000000,16764.00000000,21039.00000000,288,536.70918367,0.22537711,0.24090550,31,0.79081633,0.73913043,1167.00000000,-72.00000000,-5.00000000,4,out_of_time,513.42774143,543.83998045,210.20624953,0.11075523,2023-03-12
pg-5d4daae39037583f,ESPORTSTMNT01_3326817,2023-03-18T01:57:47,2023-03-18,2023,Unknown,1,13.05,Red,oe:team:2a7fc0772538d018f713520c5e90ee0,Red Eye Esports,oe:team:dcf87563dff3f23d3985a5bac289345,Vipers,oe:player:7a2798d7c31bb0cdb3401cd4e375f14,ZombieHog,bot,Zeri,oe:player:213f7b5efbc9490107dbfc9114ca7ef,Aphelios,bot:Zeri,lineup-d54c83941826a97f,0,2352.00000000,39.20000000,3,5,9,2.40000000,15331.00000000,18687.00000000,311,476.70918367,0.23532933,0.33896860,29,0.73979592,0.85714286,-242.00000000,244.00000000,11.00000000,4,out_of_time,541.30360911,603.18773159,264.95209444,-0.24379662,2023-03-12
pg-69917b3af301e803,ESPORTSTMNT01_3326817,2023-03-18T01:57:47,2023-03-18,2023,Unknown,1,13.05,Red,oe:team:2a7fc0772538d018f713520c5e90ee0,Red Eye Esports,oe:team:dcf87563dff3f23d3985a5bac289345,Vipers,oe:player:cd99932955b983ba7428c0219f7eb82,Ruyi,jng,Wukong,oe:player:5deafe4ab31c8c1b22b5ec6e971c582,Viego,jng:Wukong,lineup-d54c83941826a97f,0,2352.00000000,39.20000000,3,4,5,2.00000000,11743.00000000,7706.00000000,175,196.58163265,0.18025389,0.13978124,60,1.53061224,0.57142857,-1088.00000000,-695.00000000,-16.00000000,4,out_of_time,376.38618899,366.52211447,147.64512388,-1.21781574,2023-03-12
pg-e21480b41d7e2d55,ESPORTSTMNT01_3326817,2023-03-18T01:57:47,2023-03-18,2023,Unknown,1,13.05,Red,oe:team:2a7fc0772538d018f713520c5e90ee0,Red Eye Esports,oe:team:dcf87563dff3f23d3985a5bac289345,Vipers,oe:player:fda70732b859899fa7572b8ebb41196,Saifer,mid,Veigar,oe:player:9c74ba91b4bace5829f217dfb62e330,Tristana,mid:Veigar,lineup-d54c83941826a97f,0,2352.00000000,39.20000000,5,4,6,2.75000000,13918.00000000,12908.00000000,306,329.28571429,0.21363992,0.23414174,45,1.14795918,0.78571429,-126.00000000,290.00000000,12.00000000,4,out_of_time,606.44331106,612.68980600,223.91265296,-1.23779337,2023-03-12
pg-8d85bdc4484ca160,ESPORTSTMNT01_3326817,2023-03-18T01:57:47,2023-03-18,2023,Unknown,1,13.05,Red,oe:team:2a7fc0772538d018f713520c5e90ee0,Red Eye Esports,oe:team:dcf87563dff3f23d3985a5bac289345,Vipers,oe:player:9c8834ac0a7a7aaa66010ded94db1db,Cassius,sup,Thresh,oe:player:5a63f3e7e2b4282f07785cdc895d624,Nautilus,sup:Thresh,lineup-d54c83941826a97f,0,2352.00000000,39.20000000,0,5,9,1.80000000,8351.00000000,3279.00000000,43,83.64795918,0.12818702,0.05947868,155,3.95408163,0.64285714,-390.00000000,-140.00000000,3.00000000,4,out_of_time,237.49095663,211.76743413,95.27228785,-1.61477173,2023-03-12
pg-fe3c4df062db7ba8,ESPORTSTMNT01_3326817,2023-03-18T01:57:47,2023-03-18,2023,Unknown,1,13.05,Red,oe:team:2a7fc0772538d018f713520c5e90ee0,Red Eye Esports,oe:team:dcf87563dff3f23d3985a5bac289345,Vipers,oe:player:b9dfa3efb116230e2a05ff9f568e763,Dertako,top,Irelia,oe:player:5b4335a3832ac5a3bb3d24f8bb8687c,Kennen,top:Irelia,lineup-d54c83941826a97f,0,2352.00000000,39.20000000,3,5,4,1.40000000,15804.00000000,12549.00000000,359,320.12755102,0.24258984,0.22762974,19,0.48469388,0.50000000,-1167.00000000,72.00000000,5.00000000,4,out_of_time,545.91557884,543.83998045,210.20624953,-1.07412614,2023-03-12
pg-462d434b1bb7b7d3,ESPORTSTMNT01_3328129,2023-03-18T22:02:52,2023-03-18,2023,Unknown,1,13.05,Blue,oe:team:9aa855d087642f20ad7e3a7ae5c8251,Spectacled Bears,oe:team:32c3055d495d91676e208b0c8997536,Incubus,oe:player:4d17518b7fc605b3fa42992ec61dd9c,CaTzzz,bot,Lucian,oe:player:54861efdd06fc309e1c9a420feff98e,Zeri,bot:Lucian,lineup-3b10fe8019e141d6,0,1984.00000000,33.06666667,3,4,1,1.00000000,13849.00000000,17854.00000000,280,539.93951613,0.26532176,0.25609616,51,1.54233871,1.00000000,-1998.00000000,-1594.00000000,-20.00000000,4,out_of_time,640.33415993,603.18773159,264.95209444,-0.37891621,2023-03-12
pg-6651dbe124e94f05,ESPORTSTMNT01_3328129,2023-03-18T22:02:52,2023-03-18,2023,Unknown,1,13.05,Blue,oe:team:9aa855d087642f20ad7e3a7ae5c8251,Spectacled Bears,oe:team:32c3055d495d91676e208b0c8997536,Incubus,oe:player:224734629348b393f3a6d6140e59956,1Curioso,jng,Lee Sin,oe:player:e48399fc3f73709f52da476693e76ac,Elise,jng:Lee Sin,lineup-3b10fe8019e141d6,0,1984.00000000,33.06666667,1,3,2,1.00000000,9934.00000000,5818.00000000,168,175.94758065,0.19031745,0.08345287,37,1.11895161,0.75000000,544.00000000,581.00000000,-2.00000000,4,out_of_time,415.08034599,366.52211447,147.64512388,-1.61964553,2023-03-12
pg-61ddfb8dd0fd5a4c,ESPORTSTMNT01_3328129,2023-03-18T22:02:52,2023-03-18,2023,Unknown,1,13.05,Blue,oe:team:9aa855d087642f20ad7e3a7ae5c8251,Spectacled Bears,oe:team:32c3055d495d91676e208b0c8997536,Incubus,oe:player:18eff78d8fbeb94244572cef0bb4536,Alowhed,mid,Viktor,oe:player:5323274d1d895fb72872217f95701c6,Jayce,mid:Viktor,lineup-3b10fe8019e141d6,0,1984.00000000,33.06666667,0,1,3,3.00000000,11995.00000000,27593.00000000,294,834.46572581,0.22980248,0.39579150,46,1.39112903,0.75000000,-461.00000000,-638.00000000,-10.00000000,4,out_of_time,623.11542168,612.68980600,223.91265296,0.94389621,2023-03-12
pg-e171aa0486b8a2b3,ESPORTSTMNT01_3328129,2023-03-18T22:02:52,2023-03-18,2023,Unknown,1,13.05,Blue,oe:team:9aa855d087642f20ad7e3a7ae5c8251,Spectacled Bears,oe:team:32c3055d495d91676e208b0c8997536,Incubus,oe:player:30edf70db68aa84f05d3e72326807b0,Bucket,sup,Nami,oe:player:1a78e472bae7d14a62db8e30ea6cfd9,Lulu,sup:Nami,lineup-3b10fe8019e141d6,0,1984.00000000,33.06666667,0,2,4,2.00000000,6781.00000000,6317.00000000,13,191.03830645,0.12991168,0.09061048,59,1.78427419,1.00000000,-393.00000000,186.00000000,-2.00000000,4,out_of_time,217.11574571,211.76743413,95.27228785,-0.27371484,2023-03-12
pg-a4f8d2aa69ca07f6,ESPORTSTMNT01_3328129,2023-03-18T22:02:52,2023-03-18,2023,Unknown,1,13.05,Blue,oe:team:9aa855d087642f20ad7e3a7ae5c8251,Spectacled Bears,oe:team:32c3055d495d91676e208b0c8997536,Incubus,oe:player:36b92108c1f71cd425ded7abc50b86b,Akunma,top,Sion,oe:player:dfeef0ad11329eb650c8146697b943e,Renekton,top:Sion,lineup-3b10fe8019e141d6,0,1984.00000000,33.06666667,0,4,3,0.75000000,9638.00000000,12134.00000000,216,366.95564516,0.18464663,0.17404900,20,0.60483871,0.75000000,-1995.00000000,-1380.00000000,-43.00000000,4,out_of_time,563.45006589,543.83998045,210.20624953,-0.93476964,2023-03-12
pg-1dc454784dcc6c8f,ESPORTSTMNT01_3328129,2023-03-18T22:02:52,2023-03-18,2023,Unknown,1,13.05,Red,oe:team:32c3055d495d91676e208b0c8997536,Incubus,oe:team:9aa855d087642f20ad7e3a7ae5c8251,Spectacled Bears,oe:player:54861efdd06fc309e1c9a420feff98e,Scenario,bot,Zeri,oe:player:4d17518b7fc605b3fa42992ec61dd9c,Lucian,bot:Zeri,lineup-fc51ce60bc518eb2,1,1984.00000000,33.06666667,6,2,6,6.00000000,15865.00000000,21380.00000000,293,646.57258065,0.25513814,0.25642256,44,1.33064516,0.85714286,1998.00000000,1594.00000000,20.00000000,4,out_of_time,549.86042686,603.18773159,264.95209444,0.36501751,2023-03-12
pg-3bfd9f1faf3ffbca,ESPORTSTMNT01_3328129,2023-03-18T22:02:52,2023-03-18,2023,Unknown,1,13.05,Red,oe:team:32c3055d495d91676e208b0c8997536,Incubus,oe:team:9aa855d087642f20ad7e3a7ae5c8251,Spectacled Bears,oe:player:e48399fc3f73709f52da476693e76ac,Shall,jng,Elise,oe:player:224734629348b393f3a6d6140e59956,Lee Sin,jng:Elise,lineup-fc51ce60bc518eb2,1,1984.00000000,33.06666667,1,0,4,5.00000000,10774.00000000,13146.00000000,197,397.56048387,0.17326558,0.15766749,89,2.69153226,0.35714286,-544.00000000,-581.00000000,2.00000000,4,out_of_time,398.67121954,366.52211447,147.64512388,-0.00752301,2023-03-12
pg-9af4062f60d828f7,ESPORTSTMNT01_3328129,2023-03-18T22:02:52,2023-03-18,2023,Unknown,1,13.05,Red,oe:team:32c3055d495d91676e208b0c8997536,Incubus,oe:team:9aa855d087642f20ad7e3a7ae5c8251,Spectacled Bears,oe:player:5323274d1d895fb72872217f95701c6,Dinastik,mid,Jayce,oe:player:18eff78d8fbeb94244572cef0bb4536,Viktor,mid:Jayce,lineup-fc51ce60bc518eb2,1,1984.00000000,33.06666667,5,1,4,9.00000000,13522.00000000,26417.00000000,289,798.90120968,0.21745843,0.31683418,37,1.11895161,0.64285714,461.00000000,638.00000000,10.00000000,4,out_of_time,643.88372325,612.68980600,223.91265296,0.69231231,2023-03-12
pg-80ec29f947d7cea3,ESPORTSTMNT01_3328129,2023-03-18T22:02:52,2023-03-18,2023,Unknown,1,13.05,Red,oe:team:32c3055d495d91676e208b0c8997536,Incubus,oe:team:9aa855d087642f20ad7e3a7ae5c8251,Spectacled Bears,oe:player:1a78e472bae7d14a62db8e30ea6cfd9,Ceviche,sup,Lulu,oe:player:30edf70db68aa84f05d3e72326807b0,Nami,sup:Lulu,lineup-fc51ce60bc518eb2,1,1984.00000000,33.06666667,0,1,12,12.00000000,8017.00000000,3307.00000000,17,100.01008065,0.12892799,0.03966274,75,2.26814516,0.85714286,393.00000000,-186.00000000,2.00000000,4,out_of_time,203.37967341,211.76743413,95.27228785,-1.08499119,2023-03-12
pg-7075c76e3b936ec3,ESPORTSTMNT01_3328129,2023-03-18T22:02:52,2023-03-18,2023,Unknown,1,13.05,Red,oe:team:32c3055d495d91676e208b0c8997536,Incubus,oe:team:9aa855d087642f20ad7e3a7ae5c8251,Spectacled Bears,oe:player:dfeef0ad11329eb650c8146697b943e,JuanDeDios,top,Renekton,oe:player:36b92108c1f71cd425ded7abc50b86b,Sion,top:Renekton,lineup-fc51ce60bc518eb2,1,1984.00000000,33.06666667,2,0,9,11.00000000,14004.00000000,19128.00000000,293,578.46774194,0.22520987,0.22941303,67,2.02620968,0.78571429,1995.00000000,1380.00000000,43.00000000,4,out_of_time,599.93961901,543.83998045,210.20624953,-0.10214671,2023-03-12
pg-44b79abc9be39b4f,ESPORTSTMNT01_3328148,2023-03-18T23:03:30,2023-03-18,2023,Unknown,1,13.05,Blue,oe:team:9aa855d087642f20ad7e3a7ae5c8251,Spectacled Bears,oe:team:32c3055d495d91676e208b0c8997536,Incubus,oe:player:4d17518b7fc605b3fa42992ec61dd9c,CaTzzz,bot,Draven,oe:player:54861efdd06fc309e1c9a420feff98e,Lucian,bot:Draven,lineup-3b10fe8019e141d6,1,2251.00000000,37.51666667,9,6,13,3.66666667,19869.00000000,26846.00000000,321,715.57529987,0.26646550,0.23365682,77,2.05242115,0.75862069,1549.00000000,803.00000000,16.00000000,4,out_of_time,536.95181287,603.18773159,264.95209444,0.67417277,2023-03-12
pg-12af48515de7e566,ESPORTSTMNT01_3328148,2023-03-18T23:03:30,2023-03-18,2023,Unknown,1,13.05,Blue,oe:team:9aa855d087642f20ad7e3a7ae5c8251,Spectacled Bears,oe:team:32c3055d495d91676e208b0c8997536,Incubus,oe:player:224734629348b393f3a6d6140e59956,1Curioso,jng,Lee Sin,oe:player:e48399fc3f73709f52da476693e76ac,Jarvan IV,jng:Lee Sin,lineup-3b10fe8019e141d6,1,2251.00000000,37.51666667,6,4,12,4.50000000,13837.00000000,18851.00000000,195,502.47001333,0.18556964,0.16407154,56,1.49266992,0.62068966,-429.00000000,-247.00000000,-1.00000000,4,out_of_time,404.03342886,366.52211447,147.64512388,0.66671070,2023-03-12
pg-815b7acd8c542eee,ESPORTSTMNT01_3328148,2023-03-18T23:03:30,2023-03-18,2023,Unknown,1,13.05,Blue,oe:team:9aa855d087642f20ad7e3a7ae5c8251,Spectacled Bears,oe:team:32c3055d495d91676e208b0c8997536,Incubus,oe:player:18eff78d8fbeb94244572cef0bb4536,Alowhed,mid,Syndra,oe:player:5323274d1d895fb72872217f95701c6,Ekko,mid:Syndra,lineup-3b10fe8019e141d6,1,2251.00000000,37.51666667,6,2,9,7.50000000,16315.00000000,30254.00000000,315,806.41492670,0.21880239,0.26331868,62,1.65259884,0.51724138,-79.00000000,-311.00000000,-6.00000000,4,out_of_time,583.45123037,612.68980600,223.91265296,0.99576193,2023-03-12
pg-e66a9abf6587346b,ESPORTSTMNT01_3328148,2023-03-18T23:03:30,2023-03-18,2023,Unknown,1,13.05,Blue,oe:team:9aa855d087642f20ad7e3a7ae5c8251,Spectacled Bears,oe:team:32c3055d495d91676e208b0c8997536,Incubus,oe:player:30edf70db68aa84f05d3e72326807b0,Bucket,sup,Nautilus,oe:player:1a78e472bae7d14a62db8e30ea6cfd9,Nami,sup:Nautilus,lineup-3b10fe8019e141d6,1,2251.00000000,37.51666667,1,5,19,4.00000000,9704.00000000,8789.00000000,27,234.26921368,0.13014149,0.07649593,90,2.39893381,0.68965517,500.00000000,-114.00000000,7.00000000,4,out_of_time,210.52516262,211.76743413,95.27228785,0.24922306,2023-03-12
pg-59ab18b2bb2f4ed1,ESPORTSTMNT01_3328148,2023-03-18T23:03:30,2023-03-18,2023,Unknown,1,13.05,Blue,oe:team:9aa855d087642f20ad7e3a7ae5c8251,Spectacled Bears,oe:team:32c3055d495d91676e208b0c8997536,Incubus,oe:player:36b92108c1f71cd425ded7abc50b86b,Akunma,top,Kennen,oe:player:dfeef0ad11329eb650c8146697b943e,Olaf,top:Kennen,lineup-3b10fe8019e141d6,1,2251.00000000,37.51666667,7,1,8,15.00000000,14840.00000000,30155.00000000,261,803.77609951,0.19902099,0.26245703,70,1.86583741,0.51724138,-47.00000000,250.00000000,8.00000000,4,out_of_time,519.64467159,543.83998045,210.20624953,1.35167926,2023-03-12
pg-14a099e95b927fc1,ESPORTSTMNT01_3328148,2023-03-18T23:03:30,2023-03-18,2023,Unknown,1,13.05,Red,oe:team:32c3055d495d91676e208b0c8997536,Incubus,oe:team:9aa855d087642f20ad7e3a7ae5c8251,Spectacled Bears,oe:player:54861efdd06fc309e1c9a420feff98e,Scenario,bot,Lucian,oe:player:4d17518b7fc605b3fa42992ec61dd9c,Draven,bot:Lucian,lineup-fc51ce60bc518eb2,0,2251.00000000,37.51666667,4,4,9,3.25000000,15386.00000000,28877.00000000,308,769.71123945,0.23046044,0.33982136,63,1.67925367,0.76470588,-1549.00000000,-803.00000000,-16.00000000,4,out_of_time,627.58044337,603.18773159,264.95209444,0.53643960,2023-03-12
pg-df4ebed2e3f23b32,ESPORTSTMNT01_3328148,2023-03-18T23:03:30,2023-03-18,2023,Unknown,1,13.05,Red,oe:team:32c3055d495d91676e208b0c8997536,Incubus,oe:team:9aa855d087642f20ad7e3a7ae5c8251,Spectacled Bears,oe:player:e48399fc3f73709f52da476693e76ac,Shall,jng,Jarvan IV,oe:player:224734629348b393f3a6d6140e59956,Lee Sin,jng:Jarvan IV,lineup-fc51ce60bc518eb2,0,2251.00000000,37.51666667,4,8,10,1.75000000,12918.00000000,10377.00000000,197,276.59706797,0.19349330,0.12211540,68,1.81252777,0.82352941,429.00000000,247.00000000,1.00000000,4,out_of_time,393.11210983,366.52211447,147.64512388,-0.78915604,2023-03-12
pg-d7f6bfc11b5b3153,ESPORTSTMNT01_3328148,2023-03-18T23:03:30,2023-03-18,2023,Unknown,1,13.05,Red,oe:team:32c3055d495d91676e208b0c8997536,Incubus,oe:team:9aa855d087642f20ad7e3a7ae5c8251,Spectacled Bears,oe:player:5323274d1d895fb72872217f95701c6,Dinastik,mid,Ekko,oe:player:18eff78d8fbeb94244572cef0bb4536,Syndra,mid:Ekko,lineup-fc51ce60bc518eb2,0,2251.00000000,37.51666667,5,4,6,2.75000000,16092.00000000,22716.00000000,312,605.49089294,0.24103532,0.26731939,27,0.71968014,0.64705882,79.00000000,311.00000000,6.00000000,4,out_of_time,577.83300267,612.68980600,223.91265296,0.12352089,2023-03-12
pg-e0e7f13acd318306,ESPORTSTMNT01_3328148,2023-03-18T23:03:30,2023-03-18,2023,Unknown,1,13.05,Red,oe:team:32c3055d495d91676e208b0c8997536,Incubus,oe:team:9aa855d087642f20ad7e3a7ae5c8251,Spectacled Bears,oe:player:1a78e472bae7d14a62db8e30ea6cfd9,Ceviche,sup,Nami,oe:player:30edf70db68aa84f05d3e72326807b0,Nautilus,sup:Nami,lineup-fc51ce60bc518eb2,0,2251.00000000,37.51666667,1,10,13,1.40000000,7875.00000000,7682.00000000,16,204.76232785,0.11795632,0.09040093,80,2.13238561,0.82352941,-500.00000000,114.00000000,-7.00000000,4,out_of_time,242.37258406,211.76743413,95.27228785,-0.39476596,2023-03-12
pg-85335b451443110f,ESPORTSTMNT01_3328148,2023-03-18T23:03:30,2023-03-18,2023,Unknown,1,13.05,Red,oe:team:32c3055d495d91676e208b0c8997536,Incubus,oe:team:9aa855d087642f20ad7e3a7ae5c8251,Spectacled Bears,oe:player:dfeef0ad11329eb650c8146697b943e,JuanDeDios,top,Olaf,oe:player:36b92108c1f71cd425ded7abc50b86b,Kennen,top:Olaf,lineup-fc51ce60bc518eb2,0,2251.00000000,37.51666667,3,3,4,2.33333333,14491.00000000,15325.00000000,324,408.48511773,0.21705461,0.18034292,42,1.11950244,0.41176471,47.00000000,-250.00000000,-8.00000000,4,out_of_time,556.79209832,543.83998045,210.20624953,-0.70553079,2023-03-12
pg-b3bc5002fcc00acd,ESPORTSTMNT01_3329152,2023-03-19T00:00:15,2023-03-19,2023,Unknown,1,13.05,Blue,oe:team:9aa855d087642f20ad7e3a7ae5c8251,Spectacled Bears,oe:team:32c3055d495d91676e208b0c8997536,Incubus,oe:player:4d17518b7fc605b3fa42992ec61dd9c,CaTzzz,bot,Jinx,oe:player:54861efdd06fc309e1c9a420feff98e,Ezreal,bot:Jinx,lineup-3b10fe8019e141d6,0,1466.00000000,24.43333333,2,4,2,1.00000000,8991.00000000,12499.00000000,205,511.55525239,0.23946625,0.30042062,37,1.51432469,1.00000000,264.00000000,-54.00000000,13.00000000,4,out_of_time,565.82997449,603.18773159,264.95209444,-0.20484730,2023-03-12
pg-0ddeba3a683f7b2c,ESPORTSTMNT01_3329152,2023-03-19T00:00:15,2023-03-19,2023,Unknown,1,13.05,Blue,oe:team:9aa855d087642f20ad7e3a7ae5c8251,Spectacled Bears,oe:team:32c3055d495d91676e208b0c8997536,Incubus,oe:player:224734629348b393f3a6d6140e59956,1Curioso,jng,Vi,oe:player:e48399fc3f73709f52da476693e76ac,Lee Sin,jng:Vi,lineup-3b10fe8019e141d6,0,1466.00000000,24.43333333,0,5,0,0.00000000,6438.00000000,2671.00000000,119,109.31787176,0.17146966,0.06419901,16,0.65484311,0.00000000,-1906.00000000,-1682.00000000,-38.00000000,4,out_of_time,334.86886432,366.52211447,147.64512388,-1.52765622,2023-03-12
pg-52d7981da1cb92e2,ESPORTSTMNT01_3329152,2023-03-19T00:00:15,2023-03-19,2023,Unknown,1,13.05,Blue,oe:team:9aa855d087642f20ad7e3a7ae5c8251,Spectacled Bears,oe:team:32c3055d495d91676e208b0c8997536,Incubus,oe:player:18eff78d8fbeb94244572cef0bb4536,Alowhed,mid,Jayce,oe:player:5323274d1d895fb72872217f95701c6,Sylas,mid:Jayce,lineup-3b10fe8019e141d6,0,1466.00000000,24.43333333,2,3,0,0.66666667,8806.00000000,13563.00000000,206,555.10231924,0.23453897,0.32599447,29,1.18690314,0.50000000,-371.00000000,-753.00000000,-13.00000000,4,out_of_time,665.68993877,612.68980600,223.91265296,-0.49388732,2023-03-12
pg-4de77c02c88bba05,ESPORTSTMNT01_3329152,2023-03-19T00:00:15,2023-03-19,2023,Unknown,1,13.05,Blue,oe:team:9aa855d087642f20ad7e3a7ae5c8251,Spectacled Bears,oe:team:32c3055d495d91676e208b0c8997536,Incubus,oe:player:30edf70db68aa84f05d3e72326807b0,Bucket,sup,Karma,oe:player:1a78e472bae7d14a62db8e30ea6cfd9,Ashe,sup:Karma,lineup-3b10fe8019e141d6,0,1466.00000000,24.43333333,0,5,4,0.80000000,5470.00000000,7372.00000000,9,301.71896317,0.14568796,0.17719024,46,1.88267394,1.00000000,-28.00000000,-177.00000000,-5.00000000,4,out_of_time,237.90505863,211.76743413,95.27228785,0.66980552,2023-03-12
pg-0c17ee84634b084d,ESPORTSTMNT01_3329152,2023-03-19T00:00:15,2023-03-19,2023,Unknown,1,13.05,Blue,oe:team:9aa855d087642f20ad7e3a7ae5c8251,Spectacled Bears,oe:team:32c3055d495d91676e208b0c8997536,Incubus,oe:player:36b92108c1f71cd425ded7abc50b86b,Akunma,top,Gwen,oe:player:dfeef0ad11329eb650c8146697b943e,Olaf,top:Gwen,lineup-3b10fe8019e141d6,0,1466.00000000,24.43333333,0,4,1,0.25000000,7841.00000000,5500.00000000,195,225.10231924,0.20883716,0.13219565,15,0.61391542,0.25000000,-2235.00000000,-303.00000000,-25.00000000,4,out_of_time,549.78014222,543.83998045,210.20624953,-1.54456789,2023-03-12
pg-4c43e4c88c6eae64,ESPORTSTMNT01_3329152,2023-03-19T00:00:15,2023-03-19,2023,Unknown,1,13.05,Red,oe:team:32c3055d495d91676e208b0c8997536,Incubus,oe:team:9aa855d087642f20ad7e3a7ae5c8251,Spectacled Bears,oe:player:54861efdd06fc309e1c9a420feff98e,Scenario,bot,Ezreal,oe:player:4d17518b7fc605b3fa42992ec61dd9c,Jinx,bot:Ezreal,lineup-fc51ce60bc518eb2,1,1466.00000000,24.43333333,4,2,8,6.00000000,10693.00000000,12668.00000000,214,518.47203274,0.20444725,0.25025187,28,1.14597544,0.57142857,-264.00000000,54.00000000,-13.00000000,4,out_of_time,674.45645114,603.18773159,264.95209444,-0.58872687,2023-03-12
pg-24af7fab8cbeae76,ESPORTSTMNT01_3329152,2023-03-19T00:00:15,2023-03-19,2023,Unknown,1,13.05,Red,oe:team:32c3055d495d91676e208b0c8997536,Incubus,oe:team:9aa855d087642f20ad7e3a7ae5c8251,Spectacled Bears,oe:player:e48399fc3f73709f52da476693e76ac,Shall,jng,Lee Sin,oe:player:224734629348b393f3a6d6140e59956,Vi,jng:Lee Sin,lineup-fc51ce60bc518eb2,1,1466.00000000,24.43333333,4,1,10,14.00000000,10754.00000000,7458.00000000,158,305.23874488,0.20561355,0.14733016,49,2.00545703,0.66666667,1906.00000000,1682.00000000,38.00000000,4,out_of_time,439.12069630,366.52211447,147.64512388,-0.90678207,2023-03-12
pg-fb8d5f1f59d53566,ESPORTSTMNT01_3329152,2023-03-19T00:00:15,2023-03-19,2023,Unknown,1,13.05,Red,oe:team:32c3055d495d91676e208b0c8997536,Incubus,oe:team:9aa855d087642f20ad7e3a7ae5c8251,Spectacled Bears,oe:player:5323274d1d895fb72872217f95701c6,Dinastik,mid,Sylas,oe:player:18eff78d8fbeb94244572cef0bb4536,Jayce,mid:Sylas,lineup-fc51ce60bc518eb2,1,1466.00000000,24.43333333,4,0,9,13.00000000,10980.00000000,9663.00000000,238,395.48431105,0.20993461,0.19088916,28,1.14597544,0.61904762,371.00000000,753.00000000,13.00000000,4,out_of_time,554.08680324,612.68980600,223.91265296,-0.70832305,2023-03-12
pg-46b6102ebc3fae7e,ESPORTSTMNT01_3329152,2023-03-19T00:00:15,2023-03-19,2023,Unknown,1,13.05,Red,oe:team:32c3055d495d91676e208b0c8997536,Incubus,oe:team:9aa855d087642f20ad7e3a7ae5c8251,Spectacled Bears,oe:player:1a78e472bae7d14a62db8e30ea6cfd9,Ceviche,sup,Ashe,oe:player:30edf70db68aa84f05d3e72326807b0,Karma,sup:Ashe,lineup-fc51ce60bc518eb2,1,1466.00000000,24.43333333,0,1,13,13.00000000,6765.00000000,5149.00000000,18,210.73669850,0.12934496,0.10171668,60,2.45566166,0.61904762,28.00000000,177.00000000,5.00000000,4,out_of_time,318.95640101,211.76743413,95.27228785,-1.13589906,2023-03-12
pg-d8be82b2c94c4c25,ESPORTSTMNT01_3329152,2023-03-19T00:00:15,2023-03-19,2023,Unknown,1,13.05,Red,oe:team:32c3055d495d91676e208b0c8997536,Incubus,oe:team:9aa855d087642f20ad7e3a7ae5c8251,Spectacled Bears,oe:player:dfeef0ad11329eb650c8146697b943e,JuanDeDios,top,Olaf,oe:player:36b92108c1f71cd425ded7abc50b86b,Gwen,top:Olaf,lineup-fc51ce60bc518eb2,1,1466.00000000,24.43333333,9,0,5,14.00000000,13110.00000000,15683.00000000,229,641.86903138,0.25065963,0.30981213,22,0.90040928,0.66666667,2235.00000000,303.00000000,25.00000000,4,out_of_time,549.22123744,543.83998045,210.20624953,0.44074710,2023-03-12
pg-c651d154da0d9b12,ESPORTSTMNT01_3328155,2023-03-19T00:46:32,2023-03-19,2023,Unknown,1,13.05,Blue,oe:team:32c3055d495d91676e208b0c8997536,Incubus,oe:team:9aa855d087642f20ad7e3a7ae5c8251,Spectacled Bears,oe:player:54861efdd06fc309e1c9a420feff98e,Scenario,bot,Xayah,oe:player:4d17518b7fc605b3fa42992ec61dd9c,Jinx,bot:Xayah,lineup-fc51ce60bc518eb2,1,1320.00000000,22.00000000,12,1,7,19.00000000,12697.00000000,28691.00000000,199,1304.13636364,0.26621797,0.38837751,20,0.90909091,0.82608696,3128.00000000,1216.00000000,36.00000000,4,out_of_time,596.46428851,603.18773159,264.95209444,2.67094350,2023-03-12
pg-a9aa8b9d75cfec14,ESPORTSTMNT01_3328155,2023-03-19T00:46:32,2023-03-19,2023,Unknown,1,13.05,Blue,oe:team:32c3055d495d91676e208b0c8997536,Incubus,oe:team:9aa855d087642f20ad7e3a7ae5c8251,Spectacled Bears,oe:player:e48399fc3f73709f52da476693e76ac,Shall,jng,Jarvan IV,oe:player:224734629348b393f3a6d6140e59956,Sejuani,jng:Jarvan IV,lineup-fc51ce60bc518eb2,1,1320.00000000,22.00000000,3,1,16,19.00000000,9383.00000000,11590.00000000,123,526.81818182,0.19673334,0.15688876,31,1.40909091,0.82608696,1276.00000000,568.00000000,18.00000000,4,out_of_time,406.28532075,366.52211447,147.64512388,0.81636872,2023-03-12
pg-99e44dfeb296a25b,ESPORTSTMNT01_3328155,2023-03-19T00:46:32,2023-03-19,2023,Unknown,1,13.05,Blue,oe:team:32c3055d495d91676e208b0c8997536,Incubus,oe:team:9aa855d087642f20ad7e3a7ae5c8251,Spectacled Bears,oe:player:5323274d1d895fb72872217f95701c6,Dinastik,mid,Sylas,oe:player:18eff78d8fbeb94244572cef0bb4536,Yone,mid:Sylas,lineup-fc51ce60bc518eb2,1,1320.00000000,22.00000000,6,1,4,10.00000000,9890.00000000,14445.00000000,160,656.59090909,0.20736361,0.19553564,19,0.86363636,0.43478261,1794.00000000,1701.00000000,38.00000000,4,out_of_time,560.34294931,612.68980600,223.91265296,0.42984601,2023-03-12
pg-2bd381e65bf6c2ff,ESPORTSTMNT01_3328155,2023-03-19T00:46:32,2023-03-19,2023,Unknown,1,13.05,Blue,oe:team:32c3055d495d91676e208b0c8997536,Incubus,oe:team:9aa855d087642f20ad7e3a7ae5c8251,Spectacled Bears,oe:player:1a78e472bae7d14a62db8e30ea6cfd9,Ceviche,sup,Rakan,oe:player:30edf70db68aa84f05d3e72326807b0,Nautilus,sup:Rakan,lineup-fc51ce60bc518eb2,1,1320.00000000,22.00000000,0,2,15,7.50000000,6207.00000000,4580.00000000,31,208.18181818,0.13014216,0.06199746,52,2.36363636,0.65217391,1144.00000000,762.00000000,8.00000000,4,out_of_time,228.94050860,211.76743413,95.27228785,-0.21788802,2023-03-12
pg-5c0f0e2ac2249aea,ESPORTSTMNT01_3328155,2023-03-19T00:46:32,2023-03-19,2023,Unknown,1,13.05,Blue,oe:team:32c3055d495d91676e208b0c8997536,Incubus,oe:team:9aa855d087642f20ad7e3a7ae5c8251,Spectacled Bears,oe:player:dfeef0ad11329eb650c8146697b943e,JuanDeDios,top,Jayce,oe:player:36b92108c1f71cd425ded7abc50b86b,Irelia,top:Jayce,lineup-fc51ce60bc518eb2,1,1320.00000000,22.00000000,2,2,5,3.50000000,9517.00000000,14568.00000000,223,662.18181818,0.19954292,0.19720064,13,0.59090909,0.30434783,577.00000000,978.00000000,18.00000000,4,out_of_time,641.02055182,543.83998045,210.20624953,0.10066906,2023-03-12
pg-20924d40f9c0a6dc,ESPORTSTMNT01_3328155,2023-03-19T00:46:32,2023-03-19,2023,Unknown,1,13.05,Red,oe:team:9aa855d087642f20ad7e3a7ae5c8251,Spectacled Bears,oe:team:32c3055d495d91676e208b0c8997536,Incubus,oe:player:4d17518b7fc605b3fa42992ec61dd9c,CaTzzz,bot,Jinx,oe:player:54861efdd06fc309e1c9a420feff98e,Xayah,bot:Jinx,lineup-3b10fe8019e141d6,0,1320.00000000,22.00000000,2,6,3,0.83333333,8005.00000000,11958.00000000,158,543.54545455,0.23970654,0.26192667,8,0.36363636,0.71428571,-3128.00000000,-1216.00000000,-36.00000000,4,out_of_time,566.44750411,603.18773159,264.95209444,-0.08643845,2023-03-12
pg-f6d70e1aa5cdb440,ESPORTSTMNT01_3328155,2023-03-19T00:46:32,2023-03-19,2023,Unknown,1,13.05,Red,oe:team:9aa855d087642f20ad7e3a7ae5c8251,Spectacled Bears,oe:team:32c3055d495d91676e208b0c8997536,Incubus,oe:player:224734629348b393f3a6d6140e59956,1Curioso,jng,Sejuani,oe:player:e48399fc3f73709f52da476693e76ac,Jarvan IV,jng:Sejuani,lineup-3b10fe8019e141d6,0,1320.00000000,22.00000000,3,6,4,1.16666667,7048.00000000,7649.00000000,89,347.68181818,0.21104956,0.16754282,17,0.77272727,1.00000000,-1276.00000000,-568.00000000,-18.00000000,4,out_of_time,360.89190518,366.52211447,147.64512388,-0.08947188,2023-03-12
pg-2f1b8a5c2707c98d,ESPORTSTMNT01_3328155,2023-03-19T00:46:32,2023-03-19,2023,Unknown,1,13.05,Red,oe:team:9aa855d087642f20ad7e3a7ae5c8251,Spectacled Bears,oe:team:32c3055d495d91676e208b0c8997536,Incubus,oe:player:18eff78d8fbeb94244572cef0bb4536,Alowhed,mid,Yone,oe:player:5323274d1d895fb72872217f95701c6,Sylas,mid:Yone,lineup-3b10fe8019e141d6,0,1320.00000000,22.00000000,0,4,4,1.00000000,5885.00000000,10879.00000000,130,494.50000000,0.17622399,0.23829237,19,0.86363636,0.57142857,-1794.00000000,-1701.00000000,-38.00000000,4,out_of_time,610.74632409,612.68980600,223.91265296,-0.51915925,2023-03-12
pg-e2ee88dfe70bd82a,ESPORTSTMNT01_3328155,2023-03-19T00:46:32,2023-03-19,2023,Unknown,1,13.05,Red,oe:team:9aa855d087642f20ad7e3a7ae5c8251,Spectacled Bears,oe:team:32c3055d495d91676e208b0c8997536,Incubus,oe:player:30edf70db68aa84f05d3e72326807b0,Bucket,sup,Nautilus,oe:player:1a78e472bae7d14a62db8e30ea6cfd9,Rakan,sup:Nautilus,lineup-3b10fe8019e141d6,0,1320.00000000,22.00000000,0,4,6,1.50000000,4171.00000000,5776.00000000,20,262.54545455,0.12489894,0.12651684,34,1.54545455,0.85714286,-1144.00000000,-762.00000000,-8.00000000,4,out_of_time,243.22352928,211.76743413,95.27228785,0.20280740,2023-03-12
pg-e30e0145612b11e4,ESPORTSTMNT01_3328155,2023-03-19T00:46:32,2023-03-19,2023,Unknown,1,13.05,Red,oe:team:9aa855d087642f20ad7e3a7ae5c8251,Spectacled Bears,oe:team:32c3055d495d91676e208b0c8997536,Incubus,oe:player:36b92108c1f71cd425ded7abc50b86b,Akunma,top,Irelia,oe:player:dfeef0ad11329eb650c8146697b943e,Jayce,top:Irelia,lineup-3b10fe8019e141d6,0,1320.00000000,22.00000000,2,3,5,2.33333333,8286.00000000,9392.00000000,176,426.90909091,0.24812098,0.20572129,9,0.40909091,1.00000000,-577.00000000,-978.00000000,-18.00000000,4,out_of_time,525.88939903,543.83998045,210.20624953,-0.47087234,2023-03-12
pg-1e8d355b969eed80,ESPORTSTMNT01_3332528,2023-03-24T00:12:42,2023-03-24,2023,Unknown,1,13.05,Blue,oe:team:dcf87563dff3f23d3985a5bac289345,Vipers,oe:team:e129de91074731ebb2203742f65ba3e,Universitario Esports,oe:player:213f7b5efbc9490107dbfc9114ca7ef,S34NDR0M3,bot,Jinx,oe:player:c59f2a6c6e7227a313b6d215f5fb153,Caitlyn,bot:Jinx,lineup-8709c409542254da,1,1594.00000000,26.56666667,0,0,6,6.00000000,9410.00000000,7125.00000000,204,268.19322459,0.17811512,0.14707400,30,1.12923463,0.42857143,-818.00000000,279.00000000,-16.00000000,4,out_of_time,576.06265103,603.18773159,264.95209444,-1.16198148,2023-03-12
pg-42d0ee9ef85584df,ESPORTSTMNT01_3332528,2023-03-24T00:12:42,2023-03-24,2023,Unknown,1,13.05,Blue,oe:team:dcf87563dff3f23d3985a5bac289345,Vipers,oe:team:e129de91074731ebb2203742f65ba3e,Universitario Esports,oe:player:5deafe4ab31c8c1b22b5ec6e971c582,Nainess,jng,Lee Sin,oe:player:fac747e9c68a89da88dad294bf5ed51,Sejuani,jng:Lee Sin,lineup-8709c409542254da,1,1594.00000000,26.56666667,3,1,10,13.00000000,10869.00000000,7133.00000000,165,268.49435383,0.20573148,0.14723914,33,1.24215809,0.92857143,701.00000000,-192.00000000,-17.00000000,4,out_of_time,440.12416689,366.52211447,147.64512388,-1.16244823,2023-03-12
pg-befa8c8fdde3a7bd,ESPORTSTMNT01_3332528,2023-03-24T00:12:42,2023-03-24,2023,Unknown,1,13.05,Blue,oe:team:dcf87563dff3f23d3985a5bac289345,Vipers,oe:team:e129de91074731ebb2203742f65ba3e,Universitario Esports,oe:player:9c74ba91b4bace5829f217dfb62e330,Kurckoo,mid,Tristana,oe:player:b6fe055bfad88e328abe3fbbf21a33c,Syndra,mid:Tristana,lineup-8709c409542254da,1,1594.00000000,26.56666667,6,0,4,10.00000000,13788.00000000,16996.00000000,270,639.74905897,0.26098313,0.35083084,51,1.91969887,0.71428571,1730.00000000,1177.00000000,14.00000000,4,out_of_time,573.97824807,612.68980600,223.91265296,0.29373423,2023-03-12
pg-be2fa55ba89949ba,ESPORTSTMNT01_3332528,2023-03-24T00:12:42,2023-03-24,2023,Unknown,1,13.05,Blue,oe:team:dcf87563dff3f23d3985a5bac289345,Vipers,oe:team:e129de91074731ebb2203742f65ba3e,Universitario Esports,oe:player:5a63f3e7e2b4282f07785cdc895d624,Shiku,sup,Blitzcrank,oe:player:2eb2a12f1608b0150cc7050b061bc83,Karma,sup:Blitzcrank,lineup-8709c409542254da,1,1594.00000000,26.56666667,0,3,10,3.33333333,6634.00000000,3507.00000000,23,132.00752823,0.12557021,0.07239137,71,2.67252196,0.71428571,246.00000000,-489.00000000,14.00000000,4,out_of_time,296.38850388,211.76743413,95.27228785,-1.72538079,2023-03-12
pg-b774bb827e300e30,ESPORTSTMNT01_3332528,2023-03-24T00:12:42,2023-03-24,2023,Unknown,1,13.05,Blue,oe:team:dcf87563dff3f23d3985a5bac289345,Vipers,oe:team:e129de91074731ebb2203742f65ba3e,Universitario Esports,oe:player:5b4335a3832ac5a3bb3d24f8bb8687c,ByFalco,top,Gwen,oe:player:a9e2d00e60f059e223d82301a50182c,Malphite,top:Gwen,lineup-8709c409542254da,1,1594.00000000,26.56666667,5,1,0,5.00000000,12130.00000000,13684.00000000,241,515.08155583,0.22960005,0.28246465,25,0.94102886,0.35714286,293.00000000,67.00000000,18.00000000,4,out_of_time,602.81752634,543.83998045,210.20624953,-0.41738041,2023-03-12
pg-ebb26250a7baa4a1,ESPORTSTMNT01_3332528,2023-03-24T00:12:42,2023-03-24,2023,Unknown,1,13.05,Red,oe:team:e129de91074731ebb2203742f65ba3e,Universitario Esports,oe:team:dcf87563dff3f23d3985a5bac289345,Vipers,oe:player:c59f2a6c6e7227a313b6d215f5fb153,Snoopy,bot,Caitlyn,oe:player:213f7b5efbc9490107dbfc9114ca7ef,Jinx,bot:Caitlyn,lineup-f9440adbc9eb2f74,0,1594.00000000,26.56666667,1,2,1,1.00000000,9989.00000000,5982.00000000,224,225.16938519,0.24445097,0.16547718,26,0.97867001,0.40000000,818.00000000,-279.00000000,16.00000000,4,out_of_time,563.30685455,603.18773159,264.95209444,-1.27622116,2023-03-12
pg-35b55a5e737d9974,ESPORTSTMNT01_3332528,2023-03-24T00:12:42,2023-03-24,2023,Unknown,1,13.05,Red,oe:team:e129de91074731ebb2203742f65ba3e,Universitario Esports,oe:team:dcf87563dff3f23d3985a5bac289345,Vipers,oe:player:fac747e9c68a89da88dad294bf5ed51,Annataqui,jng,Sejuani,oe:player:5deafe4ab31c8c1b22b5ec6e971c582,Lee Sin,jng:Sejuani,lineup-f9440adbc9eb2f74,0,1594.00000000,26.56666667,1,4,3,1.00000000,7737.00000000,4933.00000000,165,185.68381430,0.18933999,0.13645920,27,1.01631117,0.80000000,-701.00000000,192.00000000,17.00000000,4,out_of_time,383.69486367,366.52211447,147.64512388,-1.34112827,2023-03-12
pg-5167c5f7dca611fe,ESPORTSTMNT01_3332528,2023-03-24T00:12:42,2023-03-24,2023,Unknown,1,13.05,Red,oe:team:e129de91074731ebb2203742f65ba3e,Universitario Esports,oe:team:dcf87563dff3f23d3985a5bac289345,Vipers,oe:player:b6fe055bfad88e328abe3fbbf21a33c,Overload,mid,Syndra,oe:player:9c74ba91b4bace5829f217dfb62e330,Tristana,mid:Syndra,lineup-f9440adbc9eb2f74,0,1594.00000000,26.56666667,2,5,3,1.00000000,9291.00000000,9636.00000000,222,362.71016311,0.22736950,0.26655602,26,0.97867001,1.00000000,-1730.00000000,-1177.00000000,-14.00000000,4,out_of_time,619.06097054,612.68980600,223.91265296,-1.14486968,2023-03-12
pg-7ff97adea8df21ab,ESPORTSTMNT01_3332528,2023-03-24T00:12:42,2023-03-24,2023,Unknown,1,13.05,Red,oe:team:e129de91074731ebb2203742f65ba3e,Universitario Esports,oe:team:dcf87563dff3f23d3985a5bac289345,Vipers,oe:player:2eb2a12f1608b0150cc7050b061bc83,khaN,sup,Karma,oe:player:5a63f3e7e2b4282f07785cdc895d624,Blitzcrank,sup:Karma,lineup-f9440adbc9eb2f74,0,1594.00000000,26.56666667,0,2,4,2.00000000,5460.00000000,5295.00000000,10,199.30991217,0.13361721,0.14647303,56,2.10790464,0.80000000,-246.00000000,489.00000000,-14.00000000,4,out_of_time,294.08546474,211.76743413,95.27228785,-0.99478615,2023-03-12
pg-9954b303c904ad58,ESPORTSTMNT01_3332528,2023-03-24T00:12:42,2023-03-24,2023,Unknown,1,13.05,Red,oe:team:e129de91074731ebb2203742f65ba3e,Universitario Esports,oe:team:dcf87563dff3f23d3985a5bac289345,Vipers,oe:player:a9e2d00e60f059e223d82301a50182c,Abaddon,top,Malphite,oe:player:5b4335a3832ac5a3bb3d24f8bb8687c,Gwen,top:Malphite,lineup-f9440adbc9eb2f74,0,1594.00000000,26.56666667,1,1,1,2.00000000,8386.00000000,10304.00000000,208,387.85445420,0.20522233,0.28503458,19,0.71518193,0.40000000,-293.00000000,-67.00000000,-18.00000000,4,out_of_time,556.25343864,543.83998045,210.20624953,-0.80111312,2023-03-12
pg-a64ad7e3019db61c,ESPORTSTMNT01_3330556,2023-03-24T01:01:47,2023-03-24,2023,Unknown,1,13.05,Blue,oe:team:dcf87563dff3f23d3985a5bac289345,Vipers,oe:team:e129de91074731ebb2203742f65ba3e,Universitario Esports,oe:player:213f7b5efbc9490107dbfc9114ca7ef,S34NDR0M3,bot,Jinx,oe:player:32dc07c1aa7fd284d0185619c6f9711,Sivir,bot:Jinx,lineup-8709c409542254da,1,1480.00000000,24.66666667,4,2,7,5.50000000,11140.00000000,13129.00000000,195,532.25675676,0.21859854,0.20333602,32,1.29729730,0.57894737,1472.00000000,-73.00000000,-11.00000000,4,out_of_time,621.70785213,603.18773159,264.95209444,-0.33761234,2023-03-12
pg-51f630574a185996,ESPORTSTMNT01_3330556,2023-03-24T01:01:47,2023-03-24,2023,Unknown,1,13.05,Blue,oe:team:dcf87563dff3f23d3985a5bac289345,Vipers,oe:team:e129de91074731ebb2203742f65ba3e,Universitario Esports,oe:player:5deafe4ab31c8c1b22b5ec6e971c582,Nainess,jng,Maokai,oe:player:fac747e9c68a89da88dad294bf5ed51,Wukong,jng:Maokai,lineup-8709c409542254da,1,1480.00000000,24.66666667,4,0,7,11.00000000,9689.00000000,9044.00000000,125,366.64864865,0.19012578,0.14006938,31,1.25675676,0.57894737,1342.00000000,258.00000000,5.00000000,4,out_of_time,445.78905382,366.52211447,147.64512388,-0.53601774,2023-03-12
pg-5b87c68a8dd1569b,ESPORTSTMNT01_3330556,2023-03-24T01:01:47,2023-03-24,2023,Unknown,1,13.05,Blue,oe:team:dcf87563dff3f23d3985a5bac289345,Vipers,oe:team:e129de91074731ebb2203742f65ba3e,Universitario Esports,oe:player:9c74ba91b4bace5829f217dfb62e330,Kurckoo,mid,Gragas,oe:player:b6fe055bfad88e328abe3fbbf21a33c,Taliyah,mid:Gragas,lineup-8709c409542254da,1,1480.00000000,24.66666667,7,1,10,17.00000000,11211.00000000,20666.00000000,185,837.81081081,0.21999176,0.32006567,31,1.25675676,0.89473684,1525.00000000,1543.00000000,17.00000000,4,out_of_time,595.91602477,612.68980600,223.91265296,1.08030870,2023-03-12
pg-b23400c784094697,ESPORTSTMNT01_3330556,2023-03-24T01:01:47,2023-03-24,2023,Unknown,1,13.05,Blue,oe:team:dcf87563dff3f23d3985a5bac289345,Vipers,oe:team:e129de91074731ebb2203742f65ba3e,Universitario Esports,oe:player:5a63f3e7e2b4282f07785cdc895d624,Shiku,sup,Rakan,oe:player:c59f2a6c6e7227a313b6d215f5fb153,Alistar,sup:Rakan,lineup-8709c409542254da,1,1480.00000000,24.66666667,0,0,15,15.00000000,6899.00000000,5532.00000000,34,224.27027027,0.13537803,0.08567712,91,3.68918919,0.78947368,877.00000000,749.00000000,6.00000000,4,out_of_time,251.72879934,211.76743413,95.27228785,-0.28821108,2023-03-12
pg-5db562d11eb5590f,ESPORTSTMNT01_3330556,2023-03-24T01:01:47,2023-03-24,2023,Unknown,1,13.05,Blue,oe:team:dcf87563dff3f23d3985a5bac289345,Vipers,oe:team:e129de91074731ebb2203742f65ba3e,Universitario Esports,oe:player:5b4335a3832ac5a3bb3d24f8bb8687c,ByFalco,top,Jax,oe:player:a9e2d00e60f059e223d82301a50182c,Camille,top:Jax,lineup-8709c409542254da,1,1480.00000000,24.66666667,4,1,3,7.00000000,12022.00000000,16197.00000000,219,656.63513514,0.23590589,0.25085182,29,1.17567568,0.36842105,1373.00000000,269.00000000,14.00000000,4,out_of_time,548.98035000,543.83998045,210.20624953,0.51213884,2023-03-12
pg-8847b0a7b7845d00,ESPORTSTMNT01_3330556,2023-03-24T01:01:47,2023-03-24,2023,Unknown,1,13.05,Red,oe:team:e129de91074731ebb2203742f65ba3e,Universitario Esports,oe:team:dcf87563dff3f23d3985a5bac289345,Vipers,oe:player:32dc07c1aa7fd284d0185619c6f9711,AlienBoy,bot,Sivir,oe:player:213f7b5efbc9490107dbfc9114ca7ef,Jinx,bot:Sivir,lineup-0dfd2cdfbcf10005,0,1480.00000000,24.66666667,0,2,2,1.00000000,7780.00000000,10678.00000000,212,432.89189189,0.21690039,0.21910781,24,0.97297297,0.50000000,-1472.00000000,73.00000000,11.00000000,4,out_of_time,667.60324677,603.18773159,264.95209444,-0.88586337,2023-03-12
pg-28b6793ddb85dc6e,ESPORTSTMNT01_3330556,2023-03-24T01:01:47,2023-03-24,2023,Unknown,1,13.05,Red,oe:team:e129de91074731ebb2203742f65ba3e,Universitario Esports,oe:team:dcf87563dff3f23d3985a5bac289345,Vipers,oe:player:fac747e9c68a89da88dad294bf5ed51,Annataqui,jng,Wukong,oe:player:5deafe4ab31c8c1b22b5ec6e971c582,Maokai,jng:Wukong,lineup-0dfd2cdfbcf10005,0,1480.00000000,24.66666667,0,3,4,1.33333333,6895.00000000,6492.00000000,123,263.18918919,0.19222727,0.13321295,30,1.21621622,1.00000000,-1342.00000000,-258.00000000,-5.00000000,4,out_of_time,370.35469441,366.52211447,147.64512388,-0.72583166,2023-03-12
pg-8a9d4da178a1359c,ESPORTSTMNT01_3330556,2023-03-24T01:01:47,2023-03-24,2023,Unknown,1,13.05,Red,oe:team:e129de91074731ebb2203742f65ba3e,Universitario Esports,oe:team:dcf87563dff3f23d3985a5bac289345,Vipers,oe:player:b6fe055bfad88e328abe3fbbf21a33c,Overload,mid,Taliyah,oe:player:9c74ba91b4bace5829f217dfb62e330,Gragas,mid:Taliyah,lineup-0dfd2cdfbcf10005,0,1480.00000000,24.66666667,2,6,1,0.50000000,8509.00000000,19852.00000000,174,804.81081081,0.23722434,0.40735421,32,1.29729730,0.75000000,-1525.00000000,-1543.00000000,-17.00000000,4,out_of_time,622.79089722,612.68980600,223.91265296,0.81290589,2023-03-12
pg-e758c135c9f807b8,ESPORTSTMNT01_3330556,2023-03-24T01:01:47,2023-03-24,2023,Unknown,1,13.05,Red,oe:team:e129de91074731ebb2203742f65ba3e,Universitario Esports,oe:team:dcf87563dff3f23d3985a5bac289345,Vipers,oe:player:c59f2a6c6e7227a313b6d215f5fb153,Snoopy,sup,Alistar,oe:player:5a63f3e7e2b4282f07785cdc895d624,Rakan,sup:Alistar,lineup-0dfd2cdfbcf10005,0,1480.00000000,24.66666667,0,5,2,0.40000000,4843.00000000,3749.00000000,39,151.98648649,0.13501910,0.07692781,53,2.14864865,0.50000000,-877.00000000,-749.00000000,-6.00000000,4,out_of_time,285.55456018,211.76743413,95.27228785,-1.40196144,2023-03-12
pg-2847a8ec089364be,ESPORTSTMNT01_3330556,2023-03-24T01:01:47,2023-03-24,2023,Unknown,1,13.05,Red,oe:team:e129de91074731ebb2203742f65ba3e,Universitario Esports,oe:team:dcf87563dff3f23d3985a5bac289345,Vipers,oe:player:a9e2d00e60f059e223d82301a50182c,Abaddon,top,Camille,oe:player:5b4335a3832ac5a3bb3d24f8bb8687c,Jax,top:Camille,lineup-0dfd2cdfbcf10005,0,1480.00000000,24.66666667,2,3,1,1.00000000,7842.00000000,7963.00000000,182,322.82432432,0.21862890,0.16339722,18,0.72972973,0.75000000,-1373.00000000,-269.00000000,-14.00000000,4,out_of_time,573.33166006,543.83998045,210.20624953,-1.19172164,2023-03-12
pg-5731dc270339b59d,ESPORTSTMNT01_3332539,2023-03-24T01:52:09,2023-03-24,2023,Unknown,1,13.05,Blue,oe:team:e129de91074731ebb2203742f65ba3e,Universitario Esports,oe:team:dcf87563dff3f23d3985a5bac289345,Vipers,oe:player:c59f2a6c6e7227a313b6d215f5fb153,Snoopy,bot,Jinx,oe:player:213f7b5efbc9490107dbfc9114ca7ef,Xayah,bot:Jinx,lineup-f9440adbc9eb2f74,0,2096.00000000,34.93333333,3,5,7,2.00000000,15668.00000000,20002.00000000,335,572.57633588,0.26713952,0.25162597,46,1.31679389,0.83333333,1566.00000000,679.00000000,37.00000000,4,out_of_time,589.19551629,603.18773159,264.95209444,-0.06272523,2023-03-12
pg-258af5eed5dc2fb0,ESPORTSTMNT01_3332539,2023-03-24T01:52:09,2023-03-24,2023,Unknown,1,13.05,Blue,oe:team:e129de91074731ebb2203742f65ba3e,Universitario Esports,oe:team:dcf87563dff3f23d3985a5bac289345,Vipers,oe:player:fac747e9c68a89da88dad294bf5ed51,Annataqui,jng,Jarvan IV,oe:player:5deafe4ab31c8c1b22b5ec6e971c582,Wukong,jng:Jarvan IV,lineup-f9440adbc9eb2f74,0,2096.00000000,34.93333333,2,7,7,1.28571429,9914.00000000,11818.00000000,163,338.30152672,0.16903378,0.14867092,33,0.94465649,0.75000000,-843.00000000,-622.00000000,-15.00000000,4,out_of_time,385.71357282,366.52211447,147.64512388,-0.32112165,2023-03-12
pg-c43e8700983311fc,ESPORTSTMNT01_3332539,2023-03-24T01:52:09,2023-03-24,2023,Unknown,1,13.05,Blue,oe:team:e129de91074731ebb2203742f65ba3e,Universitario Esports,oe:team:dcf87563dff3f23d3985a5bac289345,Vipers,oe:player:b6fe055bfad88e328abe3fbbf21a33c,Overload,mid,Ryze,oe:player:9c74ba91b4bace5829f217dfb62e330,LeBlanc,mid:Ryze,lineup-f9440adbc9eb2f74,0,2096.00000000,34.93333333,3,3,5,2.66666667,14062.00000000,19329.00000000,302,553.31106870,0.23975721,0.24315960,47,1.34541985,0.66666667,253.00000000,-321.00000000,-18.00000000,4,out_of_time,677.25258806,612.68980600,223.91265296,-0.55352620,2023-03-12
pg-6d57cbd83073c131,ESPORTSTMNT01_3332539,2023-03-24T01:52:09,2023-03-24,2023,Unknown,1,13.05,Blue,oe:team:e129de91074731ebb2203742f65ba3e,Universitario Esports,oe:team:dcf87563dff3f23d3985a5bac289345,Vipers,oe:player:2eb2a12f1608b0150cc7050b061bc83,khaN,sup,Blitzcrank,oe:player:5a63f3e7e2b4282f07785cdc895d624,Rakan,sup:Blitzcrank,lineup-f9440adbc9eb2f74,0,2096.00000000,34.93333333,1,4,8,2.25000000,7987.00000000,9068.00000000,38,259.58015267,0.13617841,0.11407581,74,2.11832061,0.75000000,750.00000000,67.00000000,1.00000000,4,out_of_time,299.22527955,211.76743413,95.27228785,-0.41612443,2023-03-12
pg-df0a279cc73b1827,ESPORTSTMNT01_3332539,2023-03-24T01:52:09,2023-03-24,2023,Unknown,1,13.05,Blue,oe:team:e129de91074731ebb2203742f65ba3e,Universitario Esports,oe:team:dcf87563dff3f23d3985a5bac289345,Vipers,oe:player:a9e2d00e60f059e223d82301a50182c,Abaddon,top,Sion,oe:player:5b4335a3832ac5a3bb3d24f8bb8687c,Camille,top:Sion,lineup-f9440adbc9eb2f74,0,2096.00000000,34.93333333,3,3,4,2.33333333,11020.00000000,19274.00000000,215,551.73664122,0.18789108,0.24246770,21,0.60114504,0.58333333,-1539.00000000,-536.00000000,-41.00000000,4,out_of_time,546.00350710,543.83998045,210.20624953,0.02727385,2023-03-12
pg-45a05b55fce1ef50,ESPORTSTMNT01_3332539,2023-03-24T01:52:09,2023-03-24,2023,Unknown,1,13.05,Red,oe:team:dcf87563dff3f23d3985a5bac289345,Vipers,oe:team:e129de91074731ebb2203742f65ba3e,Universitario Esports,oe:player:213f7b5efbc9490107dbfc9114ca7ef,S34NDR0M3,bot,Xayah,oe:player:c59f2a6c6e7227a313b6d215f5fb153,Jinx,bot:Xayah,lineup-8709c409542254da,1,2096.00000000,34.93333333,6,3,12,6.00000000,15813.00000000,25235.00000000,287,722.37595420,0.22591936,0.21453773,33,0.94465649,0.81818182,-1566.00000000,-679.00000000,-37.00000000,4,out_of_time,611.21185920,603.18773159,264.95209444,0.41956300,2023-03-12
pg-d83ca5a762528cb2,ESPORTSTMNT01_3332539,2023-03-24T01:52:09,2023-03-24,2023,Unknown,1,13.05,Red,oe:team:dcf87563dff3f23d3985a5bac289345,Vipers,oe:team:e129de91074731ebb2203742f65ba3e,Universitario Esports,oe:player:5deafe4ab31c8c1b22b5ec6e971c582,Nainess,jng,Wukong,oe:player:fac747e9c68a89da88dad294bf5ed51,Jarvan IV,jng:Wukong,lineup-8709c409542254da,1,2096.00000000,34.93333333,5,4,11,4.00000000,13489.00000000,19369.00000000,178,554.45610687,0.19271652,0.16466738,63,1.80343511,0.72727273,843.00000000,622.00000000,15.00000000,4,out_of_time,397.82984725,366.52211447,147.64512388,1.06082921,2023-03-12
pg-14c7dc980e47a2c7,ESPORTSTMNT01_3332539,2023-03-24T01:52:09,2023-03-24,2023,Unknown,1,13.05,Red,oe:team:dcf87563dff3f23d3985a5bac289345,Vipers,oe:team:e129de91074731ebb2203742f65ba3e,Universitario Esports,oe:player:9c74ba91b4bace5829f217dfb62e330,Kurckoo,mid,LeBlanc,oe:player:b6fe055bfad88e328abe3fbbf21a33c,Ryze,mid:LeBlanc,lineup-8709c409542254da,1,2096.00000000,34.93333333,5,1,11,16.00000000,14125.00000000,30582.00000000,243,875.43893130,0.20180301,0.25999575,62,1.77480916,0.72727273,-253.00000000,321.00000000,18.00000000,4,out_of_time,674.14773772,612.68980600,223.91265296,0.89897195,2023-03-12
pg-a6ee6d561bb09fab,ESPORTSTMNT01_3332539,2023-03-24T01:52:09,2023-03-24,2023,Unknown,1,13.05,Red,oe:team:dcf87563dff3f23d3985a5bac289345,Vipers,oe:team:e129de91074731ebb2203742f65ba3e,Universitario Esports,oe:player:5a63f3e7e2b4282f07785cdc895d624,Shiku,sup,Rakan,oe:player:2eb2a12f1608b0150cc7050b061bc83,Blitzcrank,sup:Rakan,lineup-8709c409542254da,1,2096.00000000,34.93333333,1,3,20,7.00000000,9320.00000000,7791.00000000,40,223.02480916,0.13315427,0.06623592,134,3.83587786,0.95454545,-750.00000000,-67.00000000,-1.00000000,4,out_of_time,268.94793179,211.76743413,95.27228785,-0.48201973,2023-03-12
pg-f67f3172c013ef8c,ESPORTSTMNT01_3332539,2023-03-24T01:52:09,2023-03-24,2023,Unknown,1,13.05,Red,oe:team:dcf87563dff3f23d3985a5bac289345,Vipers,oe:team:e129de91074731ebb2203742f65ba3e,Universitario Esports,oe:player:5b4335a3832ac5a3bb3d24f8bb8687c,ByFalco,top,Camille,oe:player:a9e2d00e60f059e223d82301a50182c,Sion,top:Camille,lineup-8709c409542254da,1,2096.00000000,34.93333333,5,1,7,12.00000000,17247.00000000,34648.00000000,325,991.83206107,0.24640683,0.29456323,30,0.85877863,0.54545455,1539.00000000,536.00000000,41.00000000,4,out_of_time,618.15227058,543.83998045,210.20624953,1.77768164,2023-03-12
pg-80a7bb7ade8dc993,ESPORTSTMNT01_3334010,2023-03-25T22:00:41,2023-03-25,2023,Unknown,1,13.05,Blue,oe:team:dcf87563dff3f23d3985a5bac289345,Vipers,oe:team:9aa855d087642f20ad7e3a7ae5c8251,Spectacled Bears,oe:player:213f7b5efbc9490107dbfc9114ca7ef,S34NDR0M3,bot,Jinx,oe:player:4d17518b7fc605b3fa42992ec61dd9c,Kai'Sa,bot:Jinx,lineup-8709c409542254da,0,2082.00000000,34.70000000,3,4,11,3.50000000,12820.00000000,22345.00000000,269,643.94812680,0.21192535,0.23551794,26,0.74927954,0.73684211,-624.00000000,-296.00000000,-17.00000000,4,out_of_time,501.84693212,603.18773159,264.95209444,0.53632788,2023-03-12
pg-027017c71a8abd9c,ESPORTSTMNT01_3334010,2023-03-25T22:00:41,2023-03-25,2023,Unknown,1,13.05,Blue,oe:team:dcf87563dff3f23d3985a5bac289345,Vipers,oe:team:9aa855d087642f20ad7e3a7ae5c8251,Spectacled Bears,oe:player:5deafe4ab31c8c1b22b5ec6e971c582,Nainess,jng,Lee Sin,oe:player:224734629348b393f3a6d6140e59956,Wukong,jng:Lee Sin,lineup-8709c409542254da,0,2082.00000000,34.70000000,2,2,12,7.00000000,10939.00000000,14230.00000000,153,410.08645533,0.18083084,0.14998524,34,0.97982709,0.73684211,-1123.00000000,-639.00000000,0.00000000,4,out_of_time,319.17281607,366.52211447,147.64512388,0.61575782,2023-03-12
pg-c5bd52011d23737e,ESPORTSTMNT01_3334010,2023-03-25T22:00:41,2023-03-25,2023,Unknown,1,13.05,Blue,oe:team:dcf87563dff3f23d3985a5bac289345,Vipers,oe:team:9aa855d087642f20ad7e3a7ae5c8251,Spectacled Bears,oe:player:9c74ba91b4bace5829f217dfb62e330,Kurckoo,mid,Taliyah,oe:player:18eff78d8fbeb94244572cef0bb4536,Vex,mid:Taliyah,lineup-8709c409542254da,0,2082.00000000,34.70000000,6,8,11,2.12500000,13700.00000000,29736.00000000,247,856.94524496,0.22647248,0.31341962,47,1.35446686,0.89473684,-497.00000000,-1963.00000000,-16.00000000,4,out_of_time,522.48903565,612.68980600,223.91265296,1.49369053,2023-03-12
pg-2c0669215f74a8d9,ESPORTSTMNT01_3334010,2023-03-25T22:00:41,2023-03-25,2023,Unknown,1,13.05,Blue,oe:team:dcf87563dff3f23d3985a5bac289345,Vipers,oe:team:9aa855d087642f20ad7e3a7ae5c8251,Spectacled Bears,oe:player:5a63f3e7e2b4282f07785cdc895d624,Shiku,sup,Rakan,oe:player:30edf70db68aa84f05d3e72326807b0,Nautilus,sup:Rakan,lineup-8709c409542254da,0,2082.00000000,34.70000000,3,1,14,17.00000000,9135.00000000,8453.00000000,47,243.60230548,0.15100921,0.08909524,102,2.93948127,0.89473684,282.00000000,312.00000000,11.00000000,4,out_of_time,155.00881657,211.76743413,95.27228785,0.92989778,2023-03-12
pg-4f2da93f8384c1e6,ESPORTSTMNT01_3334010,2023-03-25T22:00:41,2023-03-25,2023,Unknown,1,13.05,Blue,oe:team:dcf87563dff3f23d3985a5bac289345,Vipers,oe:team:9aa855d087642f20ad7e3a7ae5c8251,Spectacled Bears,oe:player:5b4335a3832ac5a3bb3d24f8bb8687c,ByFalco,top,Jax,oe:player:36b92108c1f71cd425ded7abc50b86b,Renekton,top:Jax,lineup-8709c409542254da,0,2082.00000000,34.70000000,5,5,7,2.40000000,13899.00000000,20112.00000000,257,579.59654179,0.22976212,0.21198196,40,1.15273775,0.63157895,-1621.00000000,-759.00000000,-10.00000000,4,out_of_time,506.36098207,543.83998045,210.20624953,0.34839858,2023-03-12
pg-05e9d43a602780b0,ESPORTSTMNT01_3334010,2023-03-25T22:00:41,2023-03-25,2023,Unknown,1,13.05,Red,oe:team:9aa855d087642f20ad7e3a7ae5c8251,Spectacled Bears,oe:team:dcf87563dff3f23d3985a5bac289345,Vipers,oe:player:4d17518b7fc605b3fa42992ec61dd9c,CaTzzz,bot,Kai'Sa,oe:player:213f7b5efbc9490107dbfc9114ca7ef,Jinx,bot:Kai'Sa,lineup-3b10fe8019e141d6,1,2082.00000000,34.70000000,6,3,7,4.33333333,15568.00000000,20468.00000000,320,589.85590778,0.24074847,0.26021180,64,1.84438040,0.65000000,624.00000000,296.00000000,17.00000000,4,out_of_time,638.87140071,603.18773159,264.95209444,-0.18499757,2023-03-12
pg-2866a6053653753d,ESPORTSTMNT01_3334010,2023-03-25T22:00:41,2023-03-25,2023,Unknown,1,13.05,Red,oe:team:9aa855d087642f20ad7e3a7ae5c8251,Spectacled Bears,oe:team:dcf87563dff3f23d3985a5bac289345,Vipers,oe:player:224734629348b393f3a6d6140e59956,1Curioso,jng,Wukong,oe:player:5deafe4ab31c8c1b22b5ec6e971c582,Lee Sin,jng:Wukong,lineup-3b10fe8019e141d6,1,2082.00000000,34.70000000,2,4,14,4.00000000,12364.00000000,12768.00000000,185,367.95389049,0.19120080,0.16232090,59,1.70028818,0.80000000,1123.00000000,639.00000000,0.00000000,4,out_of_time,420.32685930,366.52211447,147.64512388,-0.35472197,2023-03-12
pg-2adaa58aa6975baa,ESPORTSTMNT01_3334010,2023-03-25T22:00:41,2023-03-25,2023,Unknown,1,13.05,Red,oe:team:9aa855d087642f20ad7e3a7ae5c8251,Spectacled Bears,oe:team:dcf87563dff3f23d3985a5bac289345,Vipers,oe:player:18eff78d8fbeb94244572cef0bb4536,Alowhed,mid,Vex,oe:player:9c74ba91b4bace5829f217dfb62e330,Taliyah,mid:Vex,lineup-3b10fe8019e141d6,1,2082.00000000,34.70000000,6,5,12,3.60000000,13169.00000000,22592.00000000,229,651.06628242,0.20364958,0.28721443,52,1.49855908,0.90000000,497.00000000,1963.00000000,16.00000000,4,out_of_time,634.98235817,612.68980600,223.91265296,0.07183124,2023-03-12
pg-d5d29a0e28ef0ab8,ESPORTSTMNT01_3334010,2023-03-25T22:00:41,2023-03-25,2023,Unknown,1,13.05,Red,oe:team:9aa855d087642f20ad7e3a7ae5c8251,Spectacled Bears,oe:team:dcf87563dff3f23d3985a5bac289345,Vipers,oe:player:30edf70db68aa84f05d3e72326807b0,Bucket,sup,Nautilus,oe:player:5a63f3e7e2b4282f07785cdc895d624,Rakan,sup:Nautilus,lineup-3b10fe8019e141d6,1,2082.00000000,34.70000000,1,5,14,3.00000000,8122.00000000,6385.00000000,33,184.00576369,0.12560118,0.08117317,96,2.76657061,0.75000000,-282.00000000,-312.00000000,-11.00000000,4,out_of_time,291.46083773,211.76743413,95.27228785,-1.12787335,2023-03-12
pg-abde8a6412ff7144,ESPORTSTMNT01_3334010,2023-03-25T22:00:41,2023-03-25,2023,Unknown,1,13.05,Red,oe:team:9aa855d087642f20ad7e3a7ae5c8251,Spectacled Bears,oe:team:dcf87563dff3f23d3985a5bac289345,Vipers,oe:player:36b92108c1f71cd425ded7abc50b86b,Akunma,top,Renekton,oe:player:5b4335a3832ac5a3bb3d24f8bb8687c,Jax,top:Renekton,lineup-3b10fe8019e141d6,1,2082.00000000,34.70000000,5,2,4,4.50000000,15442.00000000,16446.00000000,250,473.94812680,0.23879997,0.20907970,31,0.89337176,0.45000000,1621.00000000,759.00000000,10.00000000,4,out_of_time,589.49055164,543.83998045,210.20624953,-0.54966218,2023-03-12
pg-b7e7b265dc54b438,ESPORTSTMNT01_3333061,2023-03-25T23:06:09,2023-03-25,2023,Unknown,1,13.05,Blue,oe:team:dcf87563dff3f23d3985a5bac289345,Vipers,oe:team:9aa855d087642f20ad7e3a7ae5c8251,Spectacled Bears,oe:player:213f7b5efbc9490107dbfc9114ca7ef,S34NDR0M3,bot,Jinx,oe:player:4d17518b7fc605b3fa42992ec61dd9c,Kai'Sa,bot:Jinx,lineup-8709c409542254da,0,2015.00000000,33.58333333,7,4,3,2.50000000,14254.00000000,20522.00000000,285,611.07692308,0.25979186,0.29216554,38,1.13151365,0.76923077,318.00000000,-105.00000000,-1.00000000,4,out_of_time,501.84693212,603.18773159,264.95209444,0.41226317,2023-03-12
pg-822b48041a33dcd6,ESPORTSTMNT01_3333061,2023-03-25T23:06:09,2023-03-25,2023,Unknown,1,13.05,Blue,oe:team:dcf87563dff3f23d3985a5bac289345,Vipers,oe:team:9aa855d087642f20ad7e3a7ae5c8251,Spectacled Bears,oe:player:5deafe4ab31c8c1b22b5ec6e971c582,Nainess,jng,Xin Zhao,oe:player:224734629348b393f3a6d6140e59956,Wukong,jng:Xin Zhao,lineup-8709c409542254da,0,2015.00000000,33.58333333,2,6,7,1.50000000,9461.00000000,11360.00000000,142,338.26302730,0.17243516,0.16172890,41,1.22084367,0.69230769,-1202.00000000,-108.00000000,-4.00000000,4,out_of_time,331.56699831,366.52211447,147.64512388,0.04535219,2023-03-12
pg-b015207f20fc21ee,ESPORTSTMNT01_3333061,2023-03-25T23:06:09,2023-03-25,2023,Unknown,1,13.05,Blue,oe:team:dcf87563dff3f23d3985a5bac289345,Vipers,oe:team:9aa855d087642f20ad7e3a7ae5c8251,Spectacled Bears,oe:player:9c74ba91b4bace5829f217dfb62e330,Kurckoo,mid,Lissandra,oe:player:18eff78d8fbeb94244572cef0bb4536,Cassiopeia,mid:Lissandra,lineup-8709c409542254da,0,2015.00000000,33.58333333,2,3,8,3.33333333,12349.00000000,14978.00000000,279,445.99503722,0.22507154,0.21323728,51,1.51861042,0.76923077,-517.00000000,1023.00000000,12.00000000,4,out_of_time,537.05175877,612.68980600,223.91265296,-0.40666180,2023-03-12
pg-ca96b6bae96f7c4d,ESPORTSTMNT01_3333061,2023-03-25T23:06:09,2023-03-25,2023,Unknown,1,13.05,Blue,oe:team:dcf87563dff3f23d3985a5bac289345,Vipers,oe:team:9aa855d087642f20ad7e3a7ae5c8251,Spectacled Bears,oe:player:5a63f3e7e2b4282f07785cdc895d624,Shiku,sup,Thresh,oe:player:30edf70db68aa84f05d3e72326807b0,Blitzcrank,sup:Thresh,lineup-8709c409542254da,0,2015.00000000,33.58333333,1,5,12,2.60000000,7470.00000000,7539.00000000,26,224.48635236,0.13614741,0.10733048,73,2.17369727,1.00000000,385.00000000,55.00000000,3.00000000,4,out_of_time,188.36087245,211.76743413,95.27228785,0.37918140,2023-03-12
pg-c9773359d84d91b4,ESPORTSTMNT01_3333061,2023-03-25T23:06:09,2023-03-25,2023,Unknown,1,13.05,Blue,oe:team:dcf87563dff3f23d3985a5bac289345,Vipers,oe:team:9aa855d087642f20ad7e3a7ae5c8251,Spectacled Bears,oe:player:5b4335a3832ac5a3bb3d24f8bb8687c,ByFalco,top,Malphite,oe:player:36b92108c1f71cd425ded7abc50b86b,Renekton,top:Malphite,lineup-8709c409542254da,0,2015.00000000,33.58333333,1,3,6,2.33333333,11333.00000000,15842.00000000,240,471.72208437,0.20655403,0.22553779,36,1.07196030,0.53846154,-1130.00000000,-1208.00000000,-36.00000000,4,out_of_time,509.90659455,543.83998045,210.20624953,-0.18165259,2023-03-12
pg-c659b6100d916eaa,ESPORTSTMNT01_3333061,2023-03-25T23:06:09,2023-03-25,2023,Unknown,1,13.05,Red,oe:team:9aa855d087642f20ad7e3a7ae5c8251,Spectacled Bears,oe:team:dcf87563dff3f23d3985a5bac289345,Vipers,oe:player:4d17518b7fc605b3fa42992ec61dd9c,CaTzzz,bot,Kai'Sa,oe:player:213f7b5efbc9490107dbfc9114ca7ef,Jinx,bot:Kai'Sa,lineup-3b10fe8019e141d6,1,2015.00000000,33.58333333,7,2,6,6.50000000,15669.00000000,16740.00000000,302,498.46153846,0.23867116,0.23238703,48,1.42928040,0.61904762,-318.00000000,105.00000000,1.00000000,4,out_of_time,638.87140071,603.18773159,264.95209444,-0.52994434,2023-03-12
pg-b54c3b65dc21091f,ESPORTSTMNT01_3333061,2023-03-25T23:06:09,2023-03-25,2023,Unknown,1,13.05,Red,oe:team:9aa855d087642f20ad7e3a7ae5c8251,Spectacled Bears,oe:team:dcf87563dff3f23d3985a5bac289345,Vipers,oe:player:224734629348b393f3a6d6140e59956,1Curioso,jng,Wukong,oe:player:5deafe4ab31c8c1b22b5ec6e971c582,Xin Zhao,jng:Wukong,lineup-3b10fe8019e141d6,1,2015.00000000,33.58333333,7,2,13,10.00000000,13928.00000000,13877.00000000,184,413.21091811,0.21215214,0.19264247,51,1.51861042,0.95238095,1202.00000000,108.00000000,4.00000000,4,out_of_time,415.61956567,366.52211447,147.64512388,-0.01631376,2023-03-12
pg-a11501c1564638f5,ESPORTSTMNT01_3333061,2023-03-25T23:06:09,2023-03-25,2023,Unknown,1,13.05,Red,oe:team:9aa855d087642f20ad7e3a7ae5c8251,Spectacled Bears,oe:team:dcf87563dff3f23d3985a5bac289345,Vipers,oe:player:18eff78d8fbeb94244572cef0bb4536,Alowhed,mid,Cassiopeia,oe:player:9c74ba91b4bace5829f217dfb62e330,Lissandra,mid:Cassiopeia,lineup-3b10fe8019e141d6,1,2015.00000000,33.58333333,4,5,11,3.00000000,12405.00000000,21755.00000000,206,647.79156328,0.18895371,0.30200597,47,1.39950372,0.71428571,517.00000000,-1023.00000000,-12.00000000,4,out_of_time,679.72686668,612.68980600,223.91265296,-0.14262393,2023-03-12
pg-9b0ea464f49223de,ESPORTSTMNT01_3333061,2023-03-25T23:06:09,2023-03-25,2023,Unknown,1,13.05,Red,oe:team:9aa855d087642f20ad7e3a7ae5c8251,Spectacled Bears,oe:team:dcf87563dff3f23d3985a5bac289345,Vipers,oe:player:30edf70db68aa84f05d3e72326807b0,Bucket,sup,Blitzcrank,oe:player:5a63f3e7e2b4282f07785cdc895d624,Thresh,sup:Blitzcrank,lineup-3b10fe8019e141d6,1,2015.00000000,33.58333333,0,3,20,6.66666667,8070.00000000,6210.00000000,22,184.91315136,0.12292273,0.08620809,81,2.41191067,0.95238095,-385.00000000,-55.00000000,-3.00000000,4,out_of_time,314.19653691,211.76743413,95.27228785,-1.35698836,2023-03-12
pg-67899c02f17849ee,ESPORTSTMNT01_3333061,2023-03-25T23:06:09,2023-03-25,2023,Unknown,1,13.05,Red,oe:team:9aa855d087642f20ad7e3a7ae5c8251,Spectacled Bears,oe:team:dcf87563dff3f23d3985a5bac289345,Vipers,oe:player:36b92108c1f71cd425ded7abc50b86b,Akunma,top,Renekton,oe:player:5b4335a3832ac5a3bb3d24f8bb8687c,Malphite,top:Renekton,lineup-3b10fe8019e141d6,1,2015.00000000,33.58333333,3,1,11,14.00000000,15579.00000000,13453.00000000,314,400.58560794,0.23730027,0.18675644,35,1.04218362,0.66666667,1130.00000000,1208.00000000,36.00000000,4,out_of_time,588.97877380,543.83998045,210.20624953,-0.89623009,2023-03-12
pg-b0f53a15cfd166b2,ESPORTSTMNT01_3335006,2023-03-26T00:06:25,2023-03-26,2023,Unknown,1,13.05,Blue,oe:team:dcf87563dff3f23d3985a5bac289345,Vipers,oe:team:9aa855d087642f20ad7e3a7ae5c8251,Spectacled Bears,oe:player:213f7b5efbc9490107dbfc9114ca7ef,S34NDR0M3,bot,Kai'Sa,oe:player:4d17518b7fc605b3fa42992ec61dd9c,Draven,bot:Kai'Sa,lineup-8709c409542254da,1,1918.00000000,31.96666667,8,2,8,8.00000000,13487.00000000,15612.00000000,206,488.38373306,0.22155236,0.19860069,47,1.47028154,0.69565217,-494.00000000,-174.00000000,-33.00000000,4,out_of_time,527.03694864,603.18773159,264.95209444,-0.14588756,2023-03-12
pg-8780bd943d3388fb,ESPORTSTMNT01_3335006,2023-03-26T00:06:25,2023-03-26,2023,Unknown,1,13.05,Blue,oe:team:dcf87563dff3f23d3985a5bac289345,Vipers,oe:team:9aa855d087642f20ad7e3a7ae5c8251,Spectacled Bears,oe:player:5deafe4ab31c8c1b22b5ec6e971c582,Nainess,jng,Nocturne,oe:player:224734629348b393f3a6d6140e59956,Wukong,jng:Nocturne,lineup-8709c409542254da,1,1918.00000000,31.96666667,5,3,14,6.33333333,13047.00000000,11636.00000000,165,364.00417101,0.21432444,0.14802188,47,1.47028154,0.82608696,990.00000000,376.00000000,-4.00000000,4,out_of_time,312.42137894,366.52211447,147.64512388,0.34937010,2023-03-12
pg-adffec20b4746cc4,ESPORTSTMNT01_3335006,2023-03-26T00:06:25,2023-03-26,2023,Unknown,1,13.05,Blue,oe:team:dcf87563dff3f23d3985a5bac289345,Vipers,oe:team:9aa855d087642f20ad7e3a7ae5c8251,Spectacled Bears,oe:player:9c74ba91b4bace5829f217dfb62e330,Kurckoo,mid,Rumble,oe:player:18eff78d8fbeb94244572cef0bb4536,LeBlanc,mid:Rumble,lineup-8709c409542254da,1,1918.00000000,31.96666667,6,3,12,6.00000000,12291.00000000,28692.00000000,201,897.55995829,0.20190554,0.36499173,35,1.09489051,0.78260870,-635.00000000,-874.00000000,-29.00000000,4,out_of_time,546.23835419,612.68980600,223.91265296,1.56901184,2023-03-12
pg-133bf6a2b0dc1631,ESPORTSTMNT01_3335006,2023-03-26T00:06:25,2023-03-26,2023,Unknown,1,13.05,Blue,oe:team:dcf87563dff3f23d3985a5bac289345,Vipers,oe:team:9aa855d087642f20ad7e3a7ae5c8251,Spectacled Bears,oe:player:5a63f3e7e2b4282f07785cdc895d624,Shiku,sup,Rakan,oe:player:30edf70db68aa84f05d3e72326807b0,Amumu,sup:Rakan,lineup-8709c409542254da,1,1918.00000000,31.96666667,1,2,17,9.00000000,8251.00000000,4379.00000000,37,136.98644421,0.13554004,0.05570538,95,2.97184567,0.78260870,-74.00000000,325.00000000,5.00000000,4,out_of_time,172.78812781,211.76743413,95.27228785,-0.37578276,2023-03-12
pg-c70cea478d213398,ESPORTSTMNT01_3335006,2023-03-26T00:06:25,2023-03-26,2023,Unknown,1,13.05,Blue,oe:team:dcf87563dff3f23d3985a5bac289345,Vipers,oe:team:9aa855d087642f20ad7e3a7ae5c8251,Spectacled Bears,oe:player:5b4335a3832ac5a3bb3d24f8bb8687c,ByFalco,top,Olaf,oe:player:36b92108c1f71cd425ded7abc50b86b,Cho'Gath,top:Olaf,lineup-8709c409542254da,1,1918.00000000,31.96666667,3,1,12,15.00000000,13799.00000000,18291.00000000,270,572.18978102,0.22667762,0.23268032,39,1.22002086,0.65217391,1502.00000000,1032.00000000,19.00000000,4,out_of_time,498.29525412,543.83998045,210.20624953,0.35153344,2023-03-12
pg-e919efe7709bbd12,ESPORTSTMNT01_3335006,2023-03-26T00:06:25,2023-03-26,2023,Unknown,1,13.05,Red,oe:team:9aa855d087642f20ad7e3a7ae5c8251,Spectacled Bears,oe:team:dcf87563dff3f23d3985a5bac289345,Vipers,oe:player:4d17518b7fc605b3fa42992ec61dd9c,CaTzzz,bot,Draven,oe:player:213f7b5efbc9490107dbfc9114ca7ef,Kai'Sa,bot:Draven,lineup-3b10fe8019e141d6,0,1918.00000000,31.96666667,0,4,5,1.25000000,11139.00000000,8605.00000000,247,269.18665276,0.22016009,0.15390256,42,1.31386861,0.45454545,494.00000000,174.00000000,33.00000000,4,out_of_time,579.90496567,603.18773159,264.95209444,-1.17273394,2023-03-12
pg-c60fed6a502e6171,ESPORTSTMNT01_3335006,2023-03-26T00:06:25,2023-03-26,2023,Unknown,1,13.05,Red,oe:team:9aa855d087642f20ad7e3a7ae5c8251,Spectacled Bears,oe:team:dcf87563dff3f23d3985a5bac289345,Vipers,oe:player:224734629348b393f3a6d6140e59956,1Curioso,jng,Wukong,oe:player:5deafe4ab31c8c1b22b5ec6e971c582,Nocturne,jng:Wukong,lineup-3b10fe8019e141d6,0,1918.00000000,31.96666667,3,4,6,2.25000000,9978.00000000,9641.00000000,157,301.59541189,0.19721316,0.17243168,38,1.18873827,0.81818182,-990.00000000,-376.00000000,4.00000000,4,out_of_time,423.16644452,366.52211447,147.64512388,-0.82340025,2023-03-12
pg-8e69efac1dfb6a86,ESPORTSTMNT01_3335006,2023-03-26T00:06:25,2023-03-26,2023,Unknown,1,13.05,Red,oe:team:9aa855d087642f20ad7e3a7ae5c8251,Spectacled Bears,oe:team:dcf87563dff3f23d3985a5bac289345,Vipers,oe:player:18eff78d8fbeb94244572cef0bb4536,Alowhed,mid,LeBlanc,oe:player:9c74ba91b4bace5829f217dfb62e330,Rumble,mid:LeBlanc,lineup-3b10fe8019e141d6,0,1918.00000000,31.96666667,3,3,7,3.33333333,11684.00000000,15707.00000000,248,491.35557873,0.23093191,0.28092359,51,1.59541189,0.90909091,635.00000000,874.00000000,29.00000000,4,out_of_time,666.72629856,612.68980600,223.91265296,-0.78321041,2023-03-12
pg-8ec9860defa65be2,ESPORTSTMNT01_3335006,2023-03-26T00:06:25,2023-03-26,2023,Unknown,1,13.05,Red,oe:team:9aa855d087642f20ad7e3a7ae5c8251,Spectacled Bears,oe:team:dcf87563dff3f23d3985a5bac289345,Vipers,oe:player:30edf70db68aa84f05d3e72326807b0,Bucket,sup,Amumu,oe:player:5a63f3e7e2b4282f07785cdc895d624,Rakan,sup:Amumu,lineup-3b10fe8019e141d6,0,1918.00000000,31.96666667,0,7,6,0.85714286,6602.00000000,5010.00000000,30,156.72575600,0.13048720,0.08960509,60,1.87695516,0.54545455,74.00000000,-325.00000000,-5.00000000,4,out_of_time,316.55051811,211.76743413,95.27228785,-1.67755772,2023-03-12
pg-83bb5f103da21d10,ESPORTSTMNT01_3335006,2023-03-26T00:06:25,2023-03-26,2023,Unknown,1,13.05,Red,oe:team:9aa855d087642f20ad7e3a7ae5c8251,Spectacled Bears,oe:team:dcf87563dff3f23d3985a5bac289345,Vipers,oe:player:36b92108c1f71cd425ded7abc50b86b,Akunma,top,Cho'Gath,oe:player:5b4335a3832ac5a3bb3d24f8bb8687c,Olaf,top:Cho'Gath,lineup-3b10fe8019e141d6,0,1918.00000000,31.96666667,5,5,1,1.20000000,11192.00000000,16949.00000000,228,530.20855057,0.22120763,0.30313707,19,0.59436913,0.54545455,-1502.00000000,-1032.00000000,-19.00000000,4,out_of_time,567.64916413,543.83998045,210.20624953,-0.17811370,2023-03-12
pg-26ca7a384fdf842e,ESPORTSTMNT01_3335017,2023-03-26T01:01:49,2023-03-26,2023,Unknown,1,13.05,Blue,oe:team:dcf87563dff3f23d3985a5bac289345,Vipers,oe:team:9aa855d087642f20ad7e3a7ae5c8251,Spectacled Bears,oe:player:213f7b5efbc9490107dbfc9114ca7ef,S34NDR0M3,bot,Kai'Sa,oe:player:4d17518b7fc605b3fa42992ec61dd9c,Xayah,bot:Kai'Sa,lineup-8709c409542254da,0,2203.00000000,36.71666667,2,3,0,0.66666667,13109.00000000,7028.00000000,267,191.41171130,0.22287395,0.19866015,36,0.98048116,0.33333333,34.00000000,317.00000000,-29.00000000,4,out_of_time,515.12342015,603.18773159,264.95209444,-1.22177449,2023-03-12
pg-d5f52fb3ea6a1ba6,ESPORTSTMNT01_3335017,2023-03-26T01:01:49,2023-03-26,2023,Unknown,1,13.05,Blue,oe:team:dcf87563dff3f23d3985a5bac289345,Vipers,oe:team:9aa855d087642f20ad7e3a7ae5c8251,Spectacled Bears,oe:player:5deafe4ab31c8c1b22b5ec6e971c582,Nainess,jng,Poppy,oe:player:224734629348b393f3a6d6140e59956,Lee Sin,jng:Poppy,lineup-8709c409542254da,0,2203.00000000,36.71666667,0,2,1,0.50000000,9041.00000000,4154.00000000,149,113.13663187,0.15371145,0.11742092,54,1.47072174,0.16666667,-671.00000000,-920.00000000,-13.00000000,4,out_of_time,324.58063377,366.52211447,147.64512388,-1.43210962,2023-03-12
pg-ba54f642e046f71e,ESPORTSTMNT01_3335017,2023-03-26T01:01:49,2023-03-26,2023,Unknown,1,13.05,Blue,oe:team:dcf87563dff3f23d3985a5bac289345,Vipers,oe:team:9aa855d087642f20ad7e3a7ae5c8251,Spectacled Bears,oe:player:9c74ba91b4bace5829f217dfb62e330,Kurckoo,mid,Taliyah,oe:player:18eff78d8fbeb94244572cef0bb4536,Syndra,mid:Taliyah,lineup-8709c409542254da,0,2203.00000000,36.71666667,3,2,1,2.00000000,13162.00000000,12571.00000000,319,342.37857467,0.22377503,0.35534387,55,1.49795733,0.66666667,484.00000000,304.00000000,-10.00000000,4,out_of_time,497.03305249,612.68980600,223.91265296,-0.69069111,2023-03-12
pg-2fd24148044b0f24,ESPORTSTMNT01_3335017,2023-03-26T01:01:49,2023-03-26,2023,Unknown,1,13.05,Blue,oe:team:dcf87563dff3f23d3985a5bac289345,Vipers,oe:team:9aa855d087642f20ad7e3a7ae5c8251,Spectacled Bears,oe:player:5a63f3e7e2b4282f07785cdc895d624,Shiku,sup,Leona,oe:player:30edf70db68aa84f05d3e72326807b0,Rakan,sup:Leona,lineup-8709c409542254da,0,2203.00000000,36.71666667,0,2,5,2.50000000,8020.00000000,2753.00000000,52,74.97957331,0.13635282,0.07781892,150,4.08533818,0.83333333,305.00000000,344.00000000,3.00000000,4,out_of_time,197.22653995,211.76743413,95.27228785,-1.28313248,2023-03-12
pg-12d5abd265bbba0c,ESPORTSTMNT01_3335017,2023-03-26T01:01:49,2023-03-26,2023,Unknown,1,13.05,Blue,oe:team:dcf87563dff3f23d3985a5bac289345,Vipers,oe:team:9aa855d087642f20ad7e3a7ae5c8251,Spectacled Bears,oe:player:5b4335a3832ac5a3bb3d24f8bb8687c,ByFalco,top,Fiora,oe:player:36b92108c1f71cd425ded7abc50b86b,Gnar,top:Fiora,lineup-8709c409542254da,0,2203.00000000,36.71666667,1,0,0,1.00000000,15486.00000000,8871.00000000,358,241.60689968,0.26328675,0.25075614,54,1.47072174,0.16666667,496.00000000,251.00000000,25.00000000,4,out_of_time,471.76489633,543.83998045,210.20624953,-1.09491510,2023-03-12
pg-8c2e9d91ca815c0b,ESPORTSTMNT01_3335017,2023-03-26T01:01:49,2023-03-26,2023,Unknown,1,13.05,Red,oe:team:9aa855d087642f20ad7e3a7ae5c8251,Spectacled Bears,oe:team:dcf87563dff3f23d3985a5bac289345,Vipers,oe:player:4d17518b7fc605b3fa42992ec61dd9c,CaTzzz,bot,Xayah,oe:player:213f7b5efbc9490107dbfc9114ca7ef,Kai'Sa,bot:Xayah,lineup-3b10fe8019e141d6,1,2203.00000000,36.71666667,3,1,4,7.00000000,16740.00000000,19561.00000000,362,532.75533364,0.25223379,0.33575928,89,2.42396732,0.77777778,-34.00000000,-317.00000000,29.00000000,4,out_of_time,628.10870661,603.18773159,264.95209444,-0.35988911,2023-03-12
pg-12b031f2d2c2afcc,ESPORTSTMNT01_3335017,2023-03-26T01:01:49,2023-03-26,2023,Unknown,1,13.05,Red,oe:team:9aa855d087642f20ad7e3a7ae5c8251,Spectacled Bears,oe:team:dcf87563dff3f23d3985a5bac289345,Vipers,oe:player:224734629348b393f3a6d6140e59956,1Curioso,jng,Lee Sin,oe:player:5deafe4ab31c8c1b22b5ec6e971c582,Poppy,jng:Lee Sin,lineup-3b10fe8019e141d6,1,2203.00000000,36.71666667,2,1,7,9.00000000,12458.00000000,7238.00000000,186,197.13118475,0.18771377,0.12423832,57,1.55242851,1.00000000,671.00000000,920.00000000,13.00000000,4,out_of_time,445.12147902,366.52211447,147.64512388,-1.67963755,2023-03-12
pg-6044d7b42373c7e5,ESPORTSTMNT01_3335017,2023-03-26T01:01:49,2023-03-26,2023,Unknown,1,13.05,Red,oe:team:9aa855d087642f20ad7e3a7ae5c8251,Spectacled Bears,oe:team:dcf87563dff3f23d3985a5bac289345,Vipers,oe:player:18eff78d8fbeb94244572cef0bb4536,Alowhed,mid,Syndra,oe:player:9c74ba91b4bace5829f217dfb62e330,Taliyah,mid:Syndra,lineup-3b10fe8019e141d6,1,2203.00000000,36.71666667,1,2,2,1.50000000,13172.00000000,13507.00000000,277,367.87108488,0.19847213,0.23184401,58,1.57966409,0.33333333,-484.00000000,-304.00000000,10.00000000,4,out_of_time,623.23382223,612.68980600,223.91265296,-1.14045693,2023-03-12
pg-43d6f4429f5142f8,ESPORTSTMNT01_3335017,2023-03-26T01:01:49,2023-03-26,2023,Unknown,1,13.05,Red,oe:team:9aa855d087642f20ad7e3a7ae5c8251,Spectacled Bears,oe:team:dcf87563dff3f23d3985a5bac289345,Vipers,oe:player:30edf70db68aa84f05d3e72326807b0,Bucket,sup,Rakan,oe:player:5a63f3e7e2b4282f07785cdc895d624,Leona,sup:Rakan,lineup-3b10fe8019e141d6,1,2203.00000000,36.71666667,2,2,5,3.50000000,9800.00000000,5307.00000000,44,144.53926464,0.14766375,0.09109322,154,4.19428053,0.77777778,-305.00000000,-344.00000000,-3.00000000,4,out_of_time,272.11341706,211.76743413,95.27228785,-1.33904785,2023-03-12
pg-66c4f5d21086c3ea,ESPORTSTMNT01_3335017,2023-03-26T01:01:49,2023-03-26,2023,Unknown,1,13.05,Red,oe:team:9aa855d087642f20ad7e3a7ae5c8251,Spectacled Bears,oe:team:dcf87563dff3f23d3985a5bac289345,Vipers,oe:player:36b92108c1f71cd425ded7abc50b86b,Akunma,top,Gnar,oe:player:5b4335a3832ac5a3bb3d24f8bb8687c,Fiora,top:Gnar,lineup-3b10fe8019e141d6,1,2203.00000000,36.71666667,1,0,2,3.00000000,14197.00000000,12646.00000000,299,344.42124376,0.21391655,0.21706517,31,0.84430322,0.33333333,-496.00000000,-251.00000000,-25.00000000,4,out_of_time,580.00728069,543.83998045,210.20624953,-1.12073755,2023-03-12
pg-3538c3376014819b,ESPORTSTMNT01_3336455,2023-03-30T23:58:27,2023-03-30,2023,Unknown,1,13.05,Blue,oe:team:9aa855d087642f20ad7e3a7ae5c8251,Spectacled Bears,oe:team:32c3055d495d91676e208b0c8997536,Incubus,oe:player:4d17518b7fc605b3fa42992ec61dd9c,CaTzzz,bot,Xayah,oe:player:54861efdd06fc309e1c9a420feff98e,Jinx,bot:Xayah,lineup-3b10fe8019e141d6,1,1810.00000000,30.16666667,3,1,7,10.00000000,14662.00000000,13222.00000000,321,438.29834254,0.25374684,0.26861972,56,1.85635359,0.76923077,-41.00000000,-118.00000000,-13.00000000,4,out_of_time,585.41661649,603.18773159,264.95209444,-0.55526368,2023-03-12
pg-4596a3a3ce0c219b,ESPORTSTMNT01_3336455,2023-03-30T23:58:27,2023-03-30,2023,Unknown,1,13.05,Blue,oe:team:9aa855d087642f20ad7e3a7ae5c8251,Spectacled Bears,oe:team:32c3055d495d91676e208b0c8997536,Incubus,oe:player:224734629348b393f3a6d6140e59956,1Curioso,jng,Wukong,oe:player:e48399fc3f73709f52da476693e76ac,Lee Sin,jng:Wukong,lineup-3b10fe8019e141d6,1,1810.00000000,30.16666667,3,0,8,11.00000000,11403.00000000,10917.00000000,175,361.88950276,0.19734519,0.22179107,41,1.35911602,0.84615385,903.00000000,413.00000000,-6.00000000,4,out_of_time,369.15688894,366.52211447,147.64512388,-0.04922199,2023-03-12
pg-b6929fefa5c97e66,ESPORTSTMNT01_3336455,2023-03-30T23:58:27,2023-03-30,2023,Unknown,1,13.05,Blue,oe:team:9aa855d087642f20ad7e3a7ae5c8251,Spectacled Bears,oe:team:32c3055d495d91676e208b0c8997536,Incubus,oe:player:18eff78d8fbeb94244572cef0bb4536,Alowhed,mid,Vex,oe:player:5323274d1d895fb72872217f95701c6,LeBlanc,mid:Vex,lineup-3b10fe8019e141d6,1,1810.00000000,30.16666667,4,0,2,6.00000000,12065.00000000,11245.00000000,252,372.76243094,0.20880205,0.22845476,48,1.59116022,0.46153846,-533.00000000,503.00000000,-9.00000000,4,out_of_time,616.38115028,612.68980600,223.91265296,-1.08800783,2023-03-12
pg-17b42619a1b98b96,ESPORTSTMNT01_3336455,2023-03-30T23:58:27,2023-03-30,2023,Unknown,1,13.05,Blue,oe:team:9aa855d087642f20ad7e3a7ae5c8251,Spectacled Bears,oe:team:32c3055d495d91676e208b0c8997536,Incubus,oe:player:30edf70db68aa84f05d3e72326807b0,Bucket,sup,Blitzcrank,oe:player:1a78e472bae7d14a62db8e30ea6cfd9,Thresh,sup:Blitzcrank,lineup-3b10fe8019e141d6,1,1810.00000000,30.16666667,1,2,6,3.50000000,7528.00000000,2015.00000000,27,66.79558011,0.13028279,0.04093698,85,2.81767956,0.53846154,251.00000000,-78.00000000,-1.00000000,4,out_of_time,263.02656655,211.76743413,95.27228785,-2.05968588,2023-03-12
pg-ed71ed52605f7b08,ESPORTSTMNT01_3336455,2023-03-30T23:58:27,2023-03-30,2023,Unknown,1,13.05,Blue,oe:team:9aa855d087642f20ad7e3a7ae5c8251,Spectacled Bears,oe:team:32c3055d495d91676e208b0c8997536,Incubus,oe:player:36b92108c1f71cd425ded7abc50b86b,Akunma,top,Renekton,oe:player:dfeef0ad11329eb650c8146697b943e,Jax,top:Renekton,lineup-3b10fe8019e141d6,1,1810.00000000,30.16666667,2,2,6,4.00000000,12124.00000000,11823.00000000,248,391.92265193,0.20982313,0.24019747,39,1.29281768,0.61538462,874.00000000,906.00000000,15.00000000,4,out_of_time,538.32058128,543.83998045,210.20624953,-0.69644899,2023-03-12
pg-a3109e84c32ef08c,ESPORTSTMNT01_3336455,2023-03-30T23:58:27,2023-03-30,2023,Unknown,1,13.05,Red,oe:team:32c3055d495d91676e208b0c8997536,Incubus,oe:team:9aa855d087642f20ad7e3a7ae5c8251,Spectacled Bears,oe:player:54861efdd06fc309e1c9a420feff98e,Scenario,bot,Jinx,oe:player:4d17518b7fc605b3fa42992ec61dd9c,Xayah,bot:Jinx,lineup-fc51ce60bc518eb2,0,1810.00000000,30.16666667,1,1,2,3.00000000,12519.00000000,10503.00000000,344,348.16574586,0.25745486,0.27768084,39,1.29281768,0.60000000,41.00000000,118.00000000,13.00000000,4,out_of_time,577.49517612,603.18773159,264.95209444,-0.86555055,2023-03-12
pg-8893664ac19f2182,ESPORTSTMNT01_3336455,2023-03-30T23:58:27,2023-03-30,2023,Unknown,1,13.05,Red,oe:team:32c3055d495d91676e208b0c8997536,Incubus,oe:team:9aa855d087642f20ad7e3a7ae5c8251,Spectacled Bears,oe:player:e48399fc3f73709f52da476693e76ac,Shall,jng,Lee Sin,oe:player:224734629348b393f3a6d6140e59956,Wukong,jng:Lee Sin,lineup-fc51ce60bc518eb2,0,1810.00000000,30.16666667,1,5,3,0.80000000,8934.00000000,3276.00000000,164,108.59668508,0.18372887,0.08661168,39,1.29281768,0.80000000,-903.00000000,-413.00000000,6.00000000,4,out_of_time,396.03717001,366.52211447,147.64512388,-1.94683358,2023-03-12
pg-3a8088dd327c721d,ESPORTSTMNT01_3336455,2023-03-30T23:58:27,2023-03-30,2023,Unknown,1,13.05,Red,oe:team:32c3055d495d91676e208b0c8997536,Incubus,oe:team:9aa855d087642f20ad7e3a7ae5c8251,Spectacled Bears,oe:player:5323274d1d895fb72872217f95701c6,Dinastik,mid,LeBlanc,oe:player:18eff78d8fbeb94244572cef0bb4536,Vex,mid:LeBlanc,lineup-fc51ce60bc518eb2,0,1810.00000000,30.16666667,1,1,2,3.00000000,10243.00000000,5428.00000000,251,179.93370166,0.21064862,0.14350677,43,1.42541436,0.60000000,533.00000000,-503.00000000,9.00000000,4,out_of_time,618.62891891,612.68980600,223.91265296,-1.95922478,2023-03-12
pg-05ff3ca3400dd515,ESPORTSTMNT01_3336455,2023-03-30T23:58:27,2023-03-30,2023,Unknown,1,13.05,Red,oe:team:32c3055d495d91676e208b0c8997536,Incubus,oe:team:9aa855d087642f20ad7e3a7ae5c8251,Spectacled Bears,oe:player:1a78e472bae7d14a62db8e30ea6cfd9,Ceviche,sup,Thresh,oe:player:30edf70db68aa84f05d3e72326807b0,Blitzcrank,sup:Thresh,lineup-fc51ce60bc518eb2,0,1810.00000000,30.16666667,0,2,3,1.50000000,5904.00000000,4232.00000000,31,140.28729282,0.12141653,0.11188663,62,2.05524862,0.60000000,-251.00000000,78.00000000,1.00000000,4,out_of_time,265.22522639,211.76743413,95.27228785,-1.31137749,2023-03-12
pg-af7cd99fb7863fe3,ESPORTSTMNT01_3336455,2023-03-30T23:58:27,2023-03-30,2023,Unknown,1,13.05,Red,oe:team:32c3055d495d91676e208b0c8997536,Incubus,oe:team:9aa855d087642f20ad7e3a7ae5c8251,Spectacled Bears,oe:player:dfeef0ad11329eb650c8146697b943e,JuanDeDios,top,Jax,oe:player:36b92108c1f71cd425ded7abc50b86b,Renekton,top:Jax,lineup-fc51ce60bc518eb2,0,1810.00000000,30.16666667,2,4,1,0.75000000,11026.00000000,14385.00000000,254,476.85082873,0.22675112,0.38031409,33,1.09392265,0.60000000,-874.00000000,-906.00000000,-15.00000000,4,out_of_time,583.22533601,543.83998045,210.20624953,-0.50604826,2023-03-12
pg-55c663df4c04db31,ESPORTSTMNT01_3337370,2023-03-31T01:15:28,2023-03-31,2023,Unknown,1,13.05,Blue,oe:team:9aa855d087642f20ad7e3a7ae5c8251,Spectacled Bears,oe:team:32c3055d495d91676e208b0c8997536,Incubus,oe:player:4d17518b7fc605b3fa42992ec61dd9c,CaTzzz,bot,Jinx,oe:player:54861efdd06fc309e1c9a420feff98e,Xayah,bot:Jinx,lineup-3b10fe8019e141d6,0,1479.00000000,24.65000000,0,5,0,0.00000000,8490.00000000,10921.00000000,213,443.04259635,0.23675404,0.29574566,30,1.21703854,0.00000000,-250.00000000,-790.00000000,-12.00000000,4,out_of_time,563.51484220,603.18773159,264.95209444,-0.45469445,2023-03-12
pg-72a756ecb36544cb,ESPORTSTMNT01_3337370,2023-03-31T01:15:28,2023-03-31,2023,Unknown,1,13.05,Blue,oe:team:9aa855d087642f20ad7e3a7ae5c8251,Spectacled Bears,oe:team:32c3055d495d91676e208b0c8997536,Incubus,oe:player:224734629348b393f3a6d6140e59956,1Curioso,jng,Sejuani,oe:player:e48399fc3f73709f52da476693e76ac,Jarvan IV,jng:Sejuani,lineup-3b10fe8019e141d6,0,1479.00000000,24.65000000,1,3,1,0.66666667,6595.00000000,5157.00000000,109,209.20892495,0.18390965,0.13965391,24,0.97363083,1.00000000,-544.00000000,-6.00000000,19.00000000,4,out_of_time,357.95924327,366.52211447,147.64512388,-1.00748548,2023-03-12
pg-82d2d031d16be6ac,ESPORTSTMNT01_3337370,2023-03-31T01:15:28,2023-03-31,2023,Unknown,1,13.05,Blue,oe:team:9aa855d087642f20ad7e3a7ae5c8251,Spectacled Bears,oe:team:32c3055d495d91676e208b0c8997536,Incubus,oe:player:18eff78d8fbeb94244572cef0bb4536,Alowhed,mid,LeBlanc,oe:player:5323274d1d895fb72872217f95701c6,Ahri,mid:LeBlanc,lineup-3b10fe8019e141d6,0,1479.00000000,24.65000000,1,2,1,1.00000000,8108.00000000,11952.00000000,208,484.86815416,0.22610151,0.32366561,40,1.62271805,1.00000000,-168.00000000,-50.00000000,-5.00000000,4,out_of_time,625.67460837,612.68980600,223.91265296,-0.62884546,2023-03-12
pg-dca59af0e8d6ea84,ESPORTSTMNT01_3337370,2023-03-31T01:15:28,2023-03-31,2023,Unknown,1,13.05,Blue,oe:team:9aa855d087642f20ad7e3a7ae5c8251,Spectacled Bears,oe:team:32c3055d495d91676e208b0c8997536,Incubus,oe:player:30edf70db68aa84f05d3e72326807b0,Bucket,sup,Lulu,oe:player:1a78e472bae7d14a62db8e30ea6cfd9,Rakan,sup:Lulu,lineup-3b10fe8019e141d6,0,1479.00000000,24.65000000,0,3,1,0.33333333,5153.00000000,2942.00000000,34,119.35091278,0.14369771,0.07967070,50,2.02839757,0.50000000,119.00000000,174.00000000,1.00000000,4,out_of_time,219.16504423,211.76743413,95.27228785,-1.04767224,2023-03-12
pg-79194d3545fd86c5,ESPORTSTMNT01_3337370,2023-03-31T01:15:28,2023-03-31,2023,Unknown,1,13.05,Blue,oe:team:9aa855d087642f20ad7e3a7ae5c8251,Spectacled Bears,oe:team:32c3055d495d91676e208b0c8997536,Incubus,oe:player:36b92108c1f71cd425ded7abc50b86b,Akunma,top,Renekton,oe:player:dfeef0ad11329eb650c8146697b943e,Gnar,top:Renekton,lineup-3b10fe8019e141d6,0,1479.00000000,24.65000000,0,3,0,0.00000000,7514.00000000,5955.00000000,201,241.58215010,0.20953709,0.16126412,23,0.93306288,0.00000000,-1294.00000000,-1101.00000000,-22.00000000,4,out_of_time,505.21896851,543.83998045,210.20624953,-1.25418164,2023-03-12
pg-93b6f3fec630a218,ESPORTSTMNT01_3337370,2023-03-31T01:15:28,2023-03-31,2023,Unknown,1,13.05,Red,oe:team:32c3055d495d91676e208b0c8997536,Incubus,oe:team:9aa855d087642f20ad7e3a7ae5c8251,Spectacled Bears,oe:player:54861efdd06fc309e1c9a420feff98e,Scenario,bot,Xayah,oe:player:4d17518b7fc605b3fa42992ec61dd9c,Jinx,bot:Xayah,lineup-fc51ce60bc518eb2,1,1479.00000000,24.65000000,4,0,10,14.00000000,11234.00000000,13812.00000000,235,560.32454361,0.22728008,0.24921961,30,1.21703854,0.87500000,250.00000000,790.00000000,12.00000000,4,out_of_time,599.39695042,603.18773159,264.95209444,-0.14746970,2023-03-12
pg-fb23b41daca162d0,ESPORTSTMNT01_3337370,2023-03-31T01:15:28,2023-03-31,2023,Unknown,1,13.05,Red,oe:team:32c3055d495d91676e208b0c8997536,Incubus,oe:team:9aa855d087642f20ad7e3a7ae5c8251,Spectacled Bears,oe:player:e48399fc3f73709f52da476693e76ac,Shall,jng,Jarvan IV,oe:player:224734629348b393f3a6d6140e59956,Sejuani,jng:Jarvan IV,lineup-fc51ce60bc518eb2,1,1479.00000000,24.65000000,2,0,13,15.00000000,9374.00000000,5812.00000000,119,235.78093306,0.18964959,0.10487000,33,1.33874239,0.93750000,544.00000000,6.00000000,-19.00000000,4,out_of_time,409.21798266,366.52211447,147.64512388,-1.17468864,2023-03-12
pg-bcaf68d7c35bda13,ESPORTSTMNT01_3337370,2023-03-31T01:15:28,2023-03-31,2023,Unknown,1,13.05,Red,oe:team:32c3055d495d91676e208b0c8997536,Incubus,oe:team:9aa855d087642f20ad7e3a7ae5c8251,Spectacled Bears,oe:player:5323274d1d895fb72872217f95701c6,Dinastik,mid,Ahri,oe:player:18eff78d8fbeb94244572cef0bb4536,LeBlanc,mid:Ahri,lineup-fc51ce60bc518eb2,1,1479.00000000,24.65000000,7,1,5,12.00000000,11011.00000000,13038.00000000,208,528.92494929,0.22276847,0.23525378,19,0.77079108,0.75000000,168.00000000,50.00000000,5.00000000,4,out_of_time,630.69356306,612.68980600,223.91265296,-0.45450140,2023-03-12
pg-f5b40437e94d9744,ESPORTSTMNT01_3337370,2023-03-31T01:15:28,2023-03-31,2023,Unknown,1,13.05,Red,oe:team:32c3055d495d91676e208b0c8997536,Incubus,oe:team:9aa855d087642f20ad7e3a7ae5c8251,Spectacled Bears,oe:player:1a78e472bae7d14a62db8e30ea6cfd9,Ceviche,sup,Rakan,oe:player:30edf70db68aa84f05d3e72326807b0,Lulu,sup:Rakan,lineup-fc51ce60bc518eb2,1,1479.00000000,24.65000000,1,0,14,15.00000000,6792.00000000,5091.00000000,33,206.53144016,0.13741199,0.09186049,63,2.55578093,0.93750000,-119.00000000,-174.00000000,-1.00000000,4,out_of_time,220.59666609,211.76743413,95.27228785,-0.14763187,2023-03-12
pg-c84057d97f0de3b8,ESPORTSTMNT01_3337370,2023-03-31T01:15:28,2023-03-31,2023,Unknown,1,13.05,Red,oe:team:32c3055d495d91676e208b0c8997536,Incubus,oe:team:9aa855d087642f20ad7e3a7ae5c8251,Spectacled Bears,oe:player:dfeef0ad11329eb650c8146697b943e,JuanDeDios,top,Gnar,oe:player:36b92108c1f71cd425ded7abc50b86b,Renekton,top:Gnar,lineup-fc51ce60bc518eb2,1,1479.00000000,24.65000000,2,1,9,11.00000000,11017.00000000,17668.00000000,224,716.75456389,0.22288986,0.31879612,22,0.89249493,0.68750000,1294.00000000,1101.00000000,22.00000000,4,out_of_time,598.85632641,543.83998045,210.20624953,0.56086933,2023-03-12
pg-68e7cf2a7ee8517c,ESPORTSTMNT01_3336473,2023-03-31T02:16:13,2023-03-31,2023,Unknown,1,13.05,Blue,oe:team:9aa855d087642f20ad7e3a7ae5c8251,Spectacled Bears,oe:team:32c3055d495d91676e208b0c8997536,Incubus,oe:player:4d17518b7fc605b3fa42992ec61dd9c,CaTzzz,bot,Kai'Sa,oe:player:54861efdd06fc309e1c9a420feff98e,Xayah,bot:Kai'Sa,lineup-3b10fe8019e141d6,1,1515.00000000,25.25000000,10,1,8,18.00000000,13037.00000000,18290.00000000,238,724.35643564,0.24026022,0.29779059,42,1.66336634,0.75000000,517.00000000,44.00000000,-16.00000000,4,out_of_time,578.00744016,603.18773159,264.95209444,0.55236021,2023-03-12
pg-67473df193dbb398,ESPORTSTMNT01_3336473,2023-03-31T02:16:13,2023-03-31,2023,Unknown,1,13.05,Blue,oe:team:9aa855d087642f20ad7e3a7ae5c8251,Spectacled Bears,oe:team:32c3055d495d91676e208b0c8997536,Incubus,oe:player:224734629348b393f3a6d6140e59956,1Curioso,jng,Jarvan IV,oe:player:e48399fc3f73709f52da476693e76ac,Vi,jng:Jarvan IV,lineup-3b10fe8019e141d6,1,1515.00000000,25.25000000,5,0,16,21.00000000,11506.00000000,9418.00000000,148,372.99009901,0.21204526,0.15334017,29,1.14851485,0.87500000,1459.00000000,28.00000000,-12.00000000,4,out_of_time,403.11642502,366.52211447,147.64512388,-0.20404552,2023-03-12
pg-112be6acd1f18ae6,ESPORTSTMNT01_3336473,2023-03-31T02:16:13,2023-03-31,2023,Unknown,1,13.05,Blue,oe:team:9aa855d087642f20ad7e3a7ae5c8251,Spectacled Bears,oe:team:32c3055d495d91676e208b0c8997536,Incubus,oe:player:18eff78d8fbeb94244572cef0bb4536,Alowhed,mid,Lissandra,oe:player:5323274d1d895fb72872217f95701c6,Jayce,mid:Lissandra,lineup-3b10fe8019e141d6,1,1515.00000000,25.25000000,4,0,16,20.00000000,12278.00000000,18712.00000000,250,741.06930693,0.22627253,0.30466142,27,1.06930693,0.83333333,614.00000000,1356.00000000,25.00000000,4,out_of_time,573.86035450,612.68980600,223.91265296,0.74675973,2023-03-12
pg-005d47f8a6852e46,ESPORTSTMNT01_3336473,2023-03-31T02:16:13,2023-03-31,2023,Unknown,1,13.05,Blue,oe:team:9aa855d087642f20ad7e3a7ae5c8251,Spectacled Bears,oe:team:32c3055d495d91676e208b0c8997536,Incubus,oe:player:30edf70db68aa84f05d3e72326807b0,Bucket,sup,Braum,oe:player:1a78e472bae7d14a62db8e30ea6cfd9,Thresh,sup:Braum,lineup-3b10fe8019e141d6,1,1515.00000000,25.25000000,0,1,15,15.00000000,6532.00000000,4679.00000000,25,185.30693069,0.12037890,0.07618164,57,2.25742574,0.62500000,44.00000000,-31.00000000,-3.00000000,4,out_of_time,225.99487558,211.76743413,95.27228785,-0.42707009,2023-03-12
pg-b0ab5a8257b720fb,ESPORTSTMNT01_3336473,2023-03-31T02:16:13,2023-03-31,2023,Unknown,1,13.05,Blue,oe:team:9aa855d087642f20ad7e3a7ae5c8251,Spectacled Bears,oe:team:32c3055d495d91676e208b0c8997536,Incubus,oe:player:36b92108c1f71cd425ded7abc50b86b,Akunma,top,Renekton,oe:player:dfeef0ad11329eb650c8146697b943e,Mordekaiser,top:Renekton,lineup-3b10fe8019e141d6,1,1515.00000000,25.25000000,5,0,11,16.00000000,10909.00000000,10320.00000000,208,408.71287129,0.20104309,0.16802618,29,1.14851485,0.66666667,346.00000000,-180.00000000,7.00000000,4,out_of_time,526.05081461,543.83998045,210.20624953,-0.55820388,2023-03-12
pg-87874154a878bf5c,ESPORTSTMNT01_3336473,2023-03-31T02:16:13,2023-03-31,2023,Unknown,1,13.05,Red,oe:team:32c3055d495d91676e208b0c8997536,Incubus,oe:team:9aa855d087642f20ad7e3a7ae5c8251,Spectacled Bears,oe:player:54861efdd06fc309e1c9a420feff98e,Scenario,bot,Xayah,oe:player:4d17518b7fc605b3fa42992ec61dd9c,Kai'Sa,bot:Xayah,lineup-fc51ce60bc518eb2,0,1515.00000000,25.25000000,0,4,1,0.25000000,9555.00000000,14852.00000000,259,588.19801980,0.24462366,0.33317630,32,1.26732673,1.00000000,-517.00000000,-44.00000000,16.00000000,4,out_of_time,590.91907017,603.18773159,264.95209444,-0.01026997,2023-03-12
pg-ef84cbd2d18b32d2,ESPORTSTMNT01_3336473,2023-03-31T02:16:13,2023-03-31,2023,Unknown,1,13.05,Red,oe:team:32c3055d495d91676e208b0c8997536,Incubus,oe:team:9aa855d087642f20ad7e3a7ae5c8251,Spectacled Bears,oe:player:e48399fc3f73709f52da476693e76ac,Shall,jng,Vi,oe:player:224734629348b393f3a6d6140e59956,Jarvan IV,jng:Vi,lineup-fc51ce60bc518eb2,0,1515.00000000,25.25000000,0,5,1,0.20000000,7189.00000000,4904.00000000,136,194.21782178,0.18405018,0.11001189,43,1.70297030,1.00000000,-1459.00000000,-28.00000000,12.00000000,4,out_of_time,351.72691385,366.52211447,147.64512388,-1.06680863,2023-03-12
pg-575f8da9cb8fc6e8,ESPORTSTMNT01_3336473,2023-03-31T02:16:13,2023-03-31,2023,Unknown,1,13.05,Red,oe:team:32c3055d495d91676e208b0c8997536,Incubus,oe:team:9aa855d087642f20ad7e3a7ae5c8251,Spectacled Bears,oe:player:5323274d1d895fb72872217f95701c6,Dinastik,mid,Jayce,oe:player:18eff78d8fbeb94244572cef0bb4536,Lissandra,mid:Jayce,lineup-fc51ce60bc518eb2,0,1515.00000000,25.25000000,1,8,0,0.12500000,8967.00000000,10396.00000000,199,411.72277228,0.22956989,0.23321444,16,0.63366337,1.00000000,-614.00000000,-1356.00000000,-25.00000000,4,out_of_time,679.70468843,612.68980600,223.91265296,-1.19681453,2023-03-12
pg-ca3126c60e130e46,ESPORTSTMNT01_3336473,2023-03-31T02:16:13,2023-03-31,2023,Unknown,1,13.05,Red,oe:team:32c3055d495d91676e208b0c8997536,Incubus,oe:team:9aa855d087642f20ad7e3a7ae5c8251,Spectacled Bears,oe:player:1a78e472bae7d14a62db8e30ea6cfd9,Ceviche,sup,Thresh,oe:player:30edf70db68aa84f05d3e72326807b0,Braum,sup:Thresh,lineup-fc51ce60bc518eb2,0,1515.00000000,25.25000000,0,3,1,0.33333333,5225.00000000,4667.00000000,32,184.83168317,0.13376856,0.10469525,46,1.82178218,1.00000000,-44.00000000,31.00000000,3.00000000,4,out_of_time,242.76204760,211.76743413,95.27228785,-0.60805052,2023-03-12
pg-307f9728407808a9,ESPORTSTMNT01_3336473,2023-03-31T02:16:13,2023-03-31,2023,Unknown,1,13.05,Red,oe:team:32c3055d495d91676e208b0c8997536,Incubus,oe:team:9aa855d087642f20ad7e3a7ae5c8251,Spectacled Bears,oe:player:dfeef0ad11329eb650c8146697b943e,JuanDeDios,top,Mordekaiser,oe:player:36b92108c1f71cd425ded7abc50b86b,Renekton,top:Mordekaiser,lineup-fc51ce60bc518eb2,0,1515.00000000,25.25000000,0,4,0,0.00000000,8124.00000000,9758.00000000,198,386.45544554,0.20798771,0.21890212,17,0.67326733,0.00000000,-346.00000000,180.00000000,-7.00000000,4,out_of_time,582.81465258,543.83998045,210.20624953,-0.93412640,2023-03-12
pg-96698070f08b7ae9,ESPORTSTMNT01_3338378,2023-03-31T03:02:09,2023-03-31,2023,Unknown,1,13.05,Blue,oe:team:9aa855d087642f20ad7e3a7ae5c8251,Spectacled Bears,oe:team:32c3055d495d91676e208b0c8997536,Incubus,oe:player:4d17518b7fc605b3fa42992ec61dd9c,CaTzzz,bot,Kai'Sa,oe:player:54861efdd06fc309e1c9a420feff98e,Ezreal,bot:Kai'Sa,lineup-3b10fe8019e141d6,1,2609.00000000,43.48333333,15,4,14,7.25000000,23008.00000000,51127.00000000,375,1175.78382522,0.28284815,0.34076943,81,1.86278268,0.85294118,57.00000000,100.00000000,4.00000000,4,out_of_time,580.32257245,603.18773159,264.95209444,2.24742988,2023-03-12
pg-3049508289f4b4db,ESPORTSTMNT01_3338378,2023-03-31T03:02:09,2023-03-31,2023,Unknown,1,13.05,Blue,oe:team:9aa855d087642f20ad7e3a7ae5c8251,Spectacled Bears,oe:team:32c3055d495d91676e208b0c8997536,Incubus,oe:player:224734629348b393f3a6d6140e59956,1Curioso,jng,Lee Sin,oe:player:e48399fc3f73709f52da476693e76ac,Jarvan IV,jng:Lee Sin,lineup-3b10fe8019e141d6,1,2609.00000000,43.48333333,7,5,18,5.00000000,16133.00000000,19854.00000000,199,456.58873131,0.19833055,0.13233001,61,1.40283634,0.73529412,148.00000000,-592.00000000,-5.00000000,4,out_of_time,404.03342886,366.52211447,147.64512388,0.35595691,2023-03-12
pg-a7ed25c0fcb48ee1,ESPORTSTMNT01_3338378,2023-03-31T03:02:09,2023-03-31,2023,Unknown,1,13.05,Blue,oe:team:9aa855d087642f20ad7e3a7ae5c8251,Spectacled Bears,oe:team:32c3055d495d91676e208b0c8997536,Incubus,oe:player:18eff78d8fbeb94244572cef0bb4536,Alowhed,mid,LeBlanc,oe:player:5323274d1d895fb72872217f95701c6,Akali,mid:LeBlanc,lineup-3b10fe8019e141d6,1,2609.00000000,43.48333333,9,1,19,28.00000000,18557.00000000,47088.00000000,334,1082.89766194,0.22812992,0.31384886,57,1.31084707,0.82352941,-141.00000000,670.00000000,0.00000000,4,out_of_time,620.88220336,612.68980600,223.91265296,2.06337361,2023-03-12
pg-95873280fc938018,ESPORTSTMNT01_3338378,2023-03-31T03:02:09,2023-03-31,2023,Unknown,1,13.05,Blue,oe:team:9aa855d087642f20ad7e3a7ae5c8251,Spectacled Bears,oe:team:32c3055d495d91676e208b0c8997536,Incubus,oe:player:30edf70db68aa84f05d3e72326807b0,Bucket,sup,Blitzcrank,oe:player:1a78e472bae7d14a62db8e30ea6cfd9,Thresh,sup:Blitzcrank,lineup-3b10fe8019e141d6,1,2609.00000000,43.48333333,0,5,28,5.60000000,10118.00000000,7509.00000000,28,172.68685320,0.12438533,0.05004866,130,2.98965121,0.82352941,-193.00000000,-175.00000000,-1.00000000,4,out_of_time,263.02656655,211.76743413,95.27228785,-0.94822656,2023-03-12
pg-bb29ec04523e0883,ESPORTSTMNT01_3338378,2023-03-31T03:02:09,2023-03-31,2023,Unknown,1,13.05,Blue,oe:team:9aa855d087642f20ad7e3a7ae5c8251,Spectacled Bears,oe:team:32c3055d495d91676e208b0c8997536,Incubus,oe:player:36b92108c1f71cd425ded7abc50b86b,Akunma,top,Kennen,oe:player:dfeef0ad11329eb650c8146697b943e,Irelia,top:Kennen,lineup-3b10fe8019e141d6,1,2609.00000000,43.48333333,3,8,20,2.87500000,13528.00000000,24456.00000000,207,562.42238406,0.16630606,0.16300305,66,1.51782292,0.67647059,-1098.00000000,-1150.00000000,-48.00000000,4,out_of_time,556.20408107,543.83998045,210.20624953,0.02958191,2023-03-12
pg-90a8f22541290a66,ESPORTSTMNT01_3338378,2023-03-31T03:02:09,2023-03-31,2023,Unknown,1,13.05,Red,oe:team:32c3055d495d91676e208b0c8997536,Incubus,oe:team:9aa855d087642f20ad7e3a7ae5c8251,Spectacled Bears,oe:player:54861efdd06fc309e1c9a420feff98e,Scenario,bot,Ezreal,oe:player:4d17518b7fc605b3fa42992ec61dd9c,Kai'Sa,bot:Ezreal,lineup-fc51ce60bc518eb2,0,2609.00000000,43.48333333,9,3,7,5.33333333,20004.00000000,58136.00000000,410,1336.97201993,0.27311452,0.45045366,42,0.96588731,0.69565217,-57.00000000,-100.00000000,-4.00000000,4,out_of_time,665.97857089,603.18773159,264.95209444,2.53250857,2023-03-12
pg-eaf911ec084e14bc,ESPORTSTMNT01_3338378,2023-03-31T03:02:09,2023-03-31,2023,Unknown,1,13.05,Red,oe:team:32c3055d495d91676e208b0c8997536,Incubus,oe:team:9aa855d087642f20ad7e3a7ae5c8251,Spectacled Bears,oe:player:e48399fc3f73709f52da476693e76ac,Shall,jng,Jarvan IV,oe:player:224734629348b393f3a6d6140e59956,Lee Sin,jng:Jarvan IV,lineup-fc51ce60bc518eb2,0,2609.00000000,43.48333333,4,9,18,2.44444444,12839.00000000,15470.00000000,164,355.76849368,0.17529081,0.11986580,75,1.72479877,0.95652174,-148.00000000,592.00000000,5.00000000,4,out_of_time,393.11210983,366.52211447,147.64512388,-0.25292820,2023-03-12
pg-0654db51de927d83,ESPORTSTMNT01_3338378,2023-03-31T03:02:09,2023-03-31,2023,Unknown,1,13.05,Red,oe:team:32c3055d495d91676e208b0c8997536,Incubus,oe:team:9aa855d087642f20ad7e3a7ae5c8251,Spectacled Bears,oe:player:5323274d1d895fb72872217f95701c6,Dinastik,mid,Akali,oe:player:18eff78d8fbeb94244572cef0bb4536,LeBlanc,mid:Akali,lineup-fc51ce60bc518eb2,0,2609.00000000,43.48333333,6,5,10,3.20000000,14553.00000000,21588.00000000,299,496.46607896,0.19869204,0.16726974,30,0.68991951,0.69565217,141.00000000,-670.00000000,0.00000000,4,out_of_time,646.66527227,612.68980600,223.91265296,-0.67079368,2023-03-12
pg-6b3242710eb12f64,ESPORTSTMNT01_3338378,2023-03-31T03:02:09,2023-03-31,2023,Unknown,1,13.05,Red,oe:team:32c3055d495d91676e208b0c8997536,Incubus,oe:team:9aa855d087642f20ad7e3a7ae5c8251,Spectacled Bears,oe:player:1a78e472bae7d14a62db8e30ea6cfd9,Ceviche,sup,Thresh,oe:player:30edf70db68aa84f05d3e72326807b0,Blitzcrank,sup:Thresh,lineup-fc51ce60bc518eb2,0,2609.00000000,43.48333333,1,9,14,1.66666667,9136.00000000,9291.00000000,45,213.66807206,0.12473377,0.07198921,130,2.98965121,0.65217391,193.00000000,175.00000000,1.00000000,4,out_of_time,265.22522639,211.76743413,95.27228785,-0.54115583,2023-03-12
pg-b91d495d66a5ddeb,ESPORTSTMNT01_3338378,2023-03-31T03:02:09,2023-03-31,2023,Unknown,1,13.05,Red,oe:team:32c3055d495d91676e208b0c8997536,Incubus,oe:team:9aa855d087642f20ad7e3a7ae5c8251,Spectacled Bears,oe:player:dfeef0ad11329eb650c8146697b943e,JuanDeDios,top,Irelia,oe:player:36b92108c1f71cd425ded7abc50b86b,Kennen,top:Irelia,lineup-fc51ce60bc518eb2,0,2609.00000000,43.48333333,3,8,14,2.12500000,16712.00000000,24576.00000000,354,565.18206209,0.22816886,0.19042158,35,0.80490609,0.73913043,1098.00000000,1150.00000000,48.00000000,4,out_of_time,548.38999611,543.83998045,210.20624953,0.07988376,2023-03-12
