lineup_id,team_id,team,season,top_id,top_player,jng_id,jng_player,mid_id,mid_player,bot_id,bot_player,sup_id,sup_player,n_games_total,n_games,n_days,mean_impact,shrunk_impact,ci_low,ci_high,eligible,win_rate,mean_dpm,mean_vision_per_minute,gold_concentration,damage_concentration,top_gold_share,top_damage_share,jng_gold_share,jng_damage_share,mid_gold_share,mid_damage_share,bot_gold_share,bot_damage_share,sup_gold_share,sup_damage_share,affinity_score
lineup-04d55cf29eac3f0f,oe:team:e7121adad88546bce0ff2cc41c2d343,Axolotl,2023,oe:player:4b54bd2134c923b7b6a9bab64ef00cd,Dreampull,oe:player:d7d4d06e35ad3ffd2eed6844c5c1c8b,tooshi,oe:player:fe9ef7441c7dd52bebd1ce72a43612b,Furby,oe:player:28e2371121f5f788287013559cd9c6f,Cimpo,oe:player:cf92da6a565cf411663430c9b2a0f3b,Enryy,14,14,14,-0.37832064,-0.22068704,-0.35614461,-0.09071715,True,0.35714286,414.88526742,1.22010736,0.20773449,0.23967691,0.22215782,0.24539266,0.20858114,0.21315229,0.20666666,0.20405427,0.22944576,0.25440559,0.13314862,0.08299519,"{""version"":1,""players"":[{""id"":""oe:player:4b54bd2134c923b7b6a9bab64ef00cd"",""name"":""Dreampull"",""role"":""top""},{""id"":""oe:player:d7d4d06e35ad3ffd2eed6844c5c1c8b"",""name"":""tooshi"",""role"":""jng""},{""id"":""oe:player:fe9ef7441c7dd52bebd1ce72a43612b"",""name"":""Furby"",""role"":""mid""},{""id"":""oe:player:28e2371121f5f788287013559cd9c6f"",""name"":""Cimpo"",""role"":""bot""},{""id"":""oe:player:cf92da6a565cf411663430c9b2a0f3b"",""name"":""Enryy"",""role"":""sup""}],""cells"":[{""row"":0,""col"":0,""kind"":""self"",""pair"":null,""value"":null},{""row"":0,""col"":1,""kind"":""eligible"",""pair"":{""id"":""pair-0aad15d5b4d67cb5"",""teamId"":""oe:team:e7121adad88546bce0ff2cc41c2d343"",""teamName"":""Axolotl"",""playerAId"":""oe:player:4b54bd2134c923b7b6a9bab64ef00cd"",""playerBId"":""oe:player:d7d4d06e35ad3ffd2eed6844c5c1c8b"",""playerA"":""Dreampull"",""playerB"":""tooshi"",""stats"":{""eligible"":true,""n_games_total"":14.0,""n_games"":14.0,""n_days"":14.0,""mean_impact"":-0.12003697,""shrunk_impact"":-0.07002157,""ci_low"":-0.21647659,""ci_high"":0.09350524,""win_rate"":0.35714286}},""value"":-0.07002157},{""row"":0,""col"":2,""kind"":""eligible"",""pair"":{""id"":""pair-01b722eb6b19c788"",""teamId"":""oe:team:e7121adad88546bce0ff2cc41c2d343"",""teamName"":""Axolotl"",""playerAId"":""oe:player:4b54bd2134c923b7b6a9bab64ef00cd"",""playerBId"":""oe:player:fe9ef7441c7dd52bebd1ce72a43612b"",""playerA"":""Dreampull"",""playerB"":""Furby"",""stats"":{""eligible"":true,""n_games_total"":14.0,""n_games"":14.0,""n_days"":14.0,""mean_impact"":-0.45282568,""shrunk_impact"":-0.26414831,""ci_low"":-0.42324787,""ci_high"":-0.08870971,""win_rate"":0.35714286}},""value"":-0.26414831},{""row"":0,""col"":3,""kind"":""eligible"",""pair"":{""id"":""pair-c3a544c3d6a6a26b"",""teamId"":""oe:team:e7121adad88546bce0ff2cc41c2d343"",""teamName"":""Axolotl"",""playerAId"":""oe:player:28e2371121f5f788287013559cd9c6f"",""playerBId"":""oe:player:4b54bd2134c923b7b6a9bab64ef00cd"",""playerA"":""Cimpo"",""playerB"":""Dreampull"",""stats"":{""eligible"":true,""n_games_total"":14.0,""n_games"":14.0,""n_days"":14.0,""mean_impact"":-0.24574293,""shrunk_impact"":-0.14335004,""ci_low"":-0.30941056,""ci_high"":0.04044103,""win_rate"":0.35714286}},""value"":-0.14335004},{""row"":0,""col"":4,""kind"":""eligible"",""pair"":{""id"":""pair-279090dff3d90266"",""teamId"":""oe:team:e7121adad88546bce0ff2cc41c2d343"",""teamName"":""Axolotl"",""playerAId"":""oe:player:4b54bd2134c923b7b6a9bab64ef00cd"",""playerBId"":""oe:player:cf92da6a565cf411663430c9b2a0f3b"",""playerA"":""Dreampull"",""playerB"":""Enryy"",""stats"":{""eligible"":true,""n_games_total"":14.0,""n_games"":14.0,""n_days"":14.0,""mean_impact"":-0.37515561,""shrunk_impact"":-0.21884077,""ci_low"":-0.33834992,""ci_high"":-0.08544294,""win_rate"":0.35714286}},""value"":-0.21884077},{""row"":1,""col"":0,""kind"":""eligible"",""pair"":{""id"":""pair-0aad15d5b4d67cb5"",""teamId"":""oe:team:e7121adad88546bce0ff2cc41c2d343"",""teamName"":""Axolotl"",""playerAId"":""oe:player:4b54bd2134c923b7b6a9bab64ef00cd"",""playerBId"":""oe:player:d7d4d06e35ad3ffd2eed6844c5c1c8b"",""playerA"":""Dreampull"",""playerB"":""tooshi"",""stats"":{""eligible"":true,""n_games_total"":14.0,""n_games"":14.0,""n_days"":14.0,""mean_impact"":-0.12003697,""shrunk_impact"":-0.07002157,""ci_low"":-0.21647659,""ci_high"":0.09350524,""win_rate"":0.35714286}},""value"":-0.07002157},{""row"":1,""col"":1,""kind"":""self"",""pair"":null,""value"":null},{""row"":1,""col"":2,""kind"":""eligible"",""pair"":{""id"":""pair-f8af6eb5b0615429"",""teamId"":""oe:team:e7121adad88546bce0ff2cc41c2d343"",""teamName"":""Axolotl"",""playerAId"":""oe:player:d7d4d06e35ad3ffd2eed6844c5c1c8b"",""playerBId"":""oe:player:fe9ef7441c7dd52bebd1ce72a43612b"",""playerA"":""tooshi"",""playerB"":""Furby"",""stats"":{""eligible"":true,""n_games_total"":14.0,""n_games"":14.0,""n_days"":14.0,""mean_impact"":-0.40755625,""shrunk_impact"":-0.23774115,""ci_low"":-0.40880191,""ci_high"":-0.05617004,""win_rate"":0.35714286}},""value"":-0.23774115},{""row"":1,""col"":3,""kind"":""eligible"",""pair"":{""id"":""pair-c25efbfe25c6b247"",""teamId"":""oe:team:e7121adad88546bce0ff2cc41c2d343"",""teamName"":""Axolotl"",""playerAId"":""oe:player:28e2371121f5f788287013559cd9c6f"",""playerBId"":""oe:player:d7d4d06e35ad3ffd2eed6844c5c1c8b"",""playerA"":""Cimpo"",""playerB"":""tooshi"",""stats"":{""eligible"":true,""n_games_total"":14.0,""n_games"":14.0,""n_days"":14.0,""mean_impact"":-0.20047351,""shrunk_impact"":-0.11694288,""ci_low"":-0.28040939,""ci_high"":0.04609292,""win_rate"":0.35714286}},""value"":-0.11694288},{""row"":1,""col"":4,""kind"":""eligible"",""pair"":{""id"":""pair-02a5516b506c1750"",""teamId"":""oe:team:e7121adad88546bce0ff2cc41c2d343"",""teamName"":""Axolotl"",""playerAId"":""oe:player:cf92da6a565cf411663430c9b2a0f3b"",""playerBId"":""oe:player:d7d4d06e35ad3ffd2eed6844c5c1c8b"",""playerA"":""Enryy"",""playerB"":""tooshi"",""stats"":{""eligible"":true,""n_games_total"":14.0,""n_games"":14.0,""n_days"":14.0,""mean_impact"":-0.32988619,""shrunk_impact"":-0.19243361,""ci_low"":-0.33207141,""ci_high"":-0.0485348,""win_rate"":0.35714286}},""value"":-0.19243361},{""row"":2,""col"":0,""kind"":""eligible"",""pair"":{""id"":""pair-01b722eb6b19c788"",""teamId"":""oe:team:e7121adad88546bce0ff2cc41c2d343"",""teamName"":""Axolotl"",""playerAId"":""oe:player:4b54bd2134c923b7b6a9bab64ef00cd"",""playerBId"":""oe:player:fe9ef7441c7dd52bebd1ce72a43612b"",""playerA"":""Dreampull"",""playerB"":""Furby"",""stats"":{""eligible"":true,""n_games_total"":14.0,""n_games"":14.0,""n_days"":14.0,""mean_impact"":-0.45282568,""shrunk_impact"":-0.26414831,""ci_low"":-0.42324787,""ci_high"":-0.08870971,""win_rate"":0.35714286}},""value"":-0.26414831},{""row"":2,""col"":1,""kind"":""eligible"",""pair"":{""id"":""pair-f8af6eb5b0615429"",""teamId"":""oe:team:e7121adad88546bce0ff2cc41c2d343"",""teamName"":""Axolotl"",""playerAId"":""oe:player:d7d4d06e35ad3ffd2eed6844c5c1c8b"",""playerBId"":""oe:player:fe9ef7441c7dd52bebd1ce72a43612b"",""playerA"":""tooshi"",""playerB"":""Furby"",""stats"":{""eligible"":true,""n_games_total"":14.0,""n_games"":14.0,""n_days"":14.0,""mean_impact"":-0.40755625,""shrunk_impact"":-0.23774115,""ci_low"":-0.40880191,""ci_high"":-0.05617004,""win_rate"":0.35714286}},""value"":-0.23774115},{""row"":2,""col"":2,""kind"":""self"",""pair"":null,""value"":null},{""row"":2,""col"":3,""kind"":""eligible"",""pair"":{""id"":""pair-f8c350496d227e9a"",""teamId"":""oe:team:e7121adad88546bce0ff2cc41c2d343"",""teamName"":""Axolotl"",""playerAId"":""oe:player:28e2371121f5f788287013559cd9c6f"",""playerBId"":""oe:player:fe9ef7441c7dd52bebd1ce72a43612b"",""playerA"":""Cimpo"",""playerB"":""Furby"",""stats"":{""eligible"":true,""n_games_total"":14.0,""n_games"":14.0,""n_days"":14.0,""mean_impact"":-0.53326221,""shrunk_impact"":-0.31106962,""ci_low"":-0.52696987,""ci_high"":-0.09021576,""win_rate"":0.35714286}},""value"":-0.31106962},{""row"":2,""col"":4,""kind"":""eligible"",""pair"":{""id"":""pair-fc8e746c98fa9a39"",""teamId"":""oe:team:e7121adad88546bce0ff2cc41c2d343"",""teamName"":""Axolotl"",""playerAId"":""oe:player:cf92da6a565cf411663430c9b2a0f3b"",""playerBId"":""oe:player:fe9ef7441c7dd52bebd1ce72a43612b"",""playerA"":""Enryy"",""playerB"":""Furby"",""stats"":{""eligible"":true,""n_games_total"":14.0,""n_games"":14.0,""n_days"":14.0,""mean_impact"":-0.66267489,""shrunk_impact"":-0.38656035,""ci_low"":-0.58173959,""ci_high"":-0.18560079,""win_rate"":0.35714286}},""value"":-0.38656035},{""row"":3,""col"":0,""kind"":""eligible"",""pair"":{""id"":""pair-c3a544c3d6a6a26b"",""teamId"":""oe:team:e7121adad88546bce0ff2cc41c2d343"",""teamName"":""Axolotl"",""playerAId"":""oe:player:28e2371121f5f788287013559cd9c6f"",""playerBId"":""oe:player:4b54bd2134c923b7b6a9bab64ef00cd"",""playerA"":""Cimpo"",""playerB"":""Dreampull"",""stats"":{""eligible"":true,""n_games_total"":14.0,""n_games"":14.0,""n_days"":14.0,""mean_impact"":-0.24574293,""shrunk_impact"":-0.14335004,""ci_low"":-0.30941056,""ci_high"":0.04044103,""win_rate"":0.35714286}},""value"":-0.14335004},{""row"":3,""col"":1,""kind"":""eligible"",""pair"":{""id"":""pair-c25efbfe25c6b247"",""teamId"":""oe:team:e7121adad88546bce0ff2cc41c2d343"",""teamName"":""Axolotl"",""playerAId"":""oe:player:28e2371121f5f788287013559cd9c6f"",""playerBId"":""oe:player:d7d4d06e35ad3ffd2eed6844c5c1c8b"",""playerA"":""Cimpo"",""playerB"":""tooshi"",""stats"":{""eligible"":true,""n_games_total"":14.0,""n_games"":14.0,""n_days"":14.0,""mean_impact"":-0.20047351,""shrunk_impact"":-0.11694288,""ci_low"":-0.28040939,""ci_high"":0.04609292,""win_rate"":0.35714286}},""value"":-0.11694288},{""row"":3,""col"":2,""kind"":""eligible"",""pair"":{""id"":""pair-f8c350496d227e9a"",""teamId"":""oe:team:e7121adad88546bce0ff2cc41c2d343"",""teamName"":""Axolotl"",""playerAId"":""oe:player:28e2371121f5f788287013559cd9c6f"",""playerBId"":""oe:player:fe9ef7441c7dd52bebd1ce72a43612b"",""playerA"":""Cimpo"",""playerB"":""Furby"",""stats"":{""eligible"":true,""n_games_total"":14.0,""n_games"":14.0,""n_days"":14.0,""mean_impact"":-0.53326221,""shrunk_impact"":-0.31106962,""ci_low"":-0.52696987,""ci_high"":-0.09021576,""win_rate"":0.35714286}},""value"":-0.31106962},{""row"":3,""col"":3,""kind"":""self"",""pair"":null,""value"":null},{""row"":3,""col"":4,""kind"":""eligible"",""pair"":{""id"":""pair-967a690c98bf701f"",""teamId"":""oe:team:e7121adad88546bce0ff2cc41c2d343"",""teamName"":""Axolotl"",""playerAId"":""oe:player:28e2371121f5f788287013559cd9c6f"",""playerBId"":""oe:player:cf92da6a565cf411663430c9b2a0f3b"",""playerA"":""Cimpo"",""playerB"":""Enryy"",""stats"":{""eligible"":true,""n_games_total"":14.0,""n_games"":14.0,""n_days"":14.0,""mean_impact"":-0.45559214,""shrunk_impact"":-0.26576208,""ci_low"":-0.44272251,""ci_high"":-0.07135696,""win_rate"":0.35714286}},""value"":-0.26576208},{""row"":4,""col"":0,""kind"":""eligible"",""pair"":{""id"":""pair-279090dff3d90266"",""teamId"":""oe:team:e7121adad88546bce0ff2cc41c2d343"",""teamName"":""Axolotl"",""playerAId"":""oe:player:4b54bd2134c923b7b6a9bab64ef00cd"",""playerBId"":""oe:player:cf92da6a565cf411663430c9b2a0f3b"",""playerA"":""Dreampull"",""playerB"":""Enryy"",""stats"":{""eligible"":true,""n_games_total"":14.0,""n_games"":14.0,""n_days"":14.0,""mean_impact"":-0.37515561,""shrunk_impact"":-0.21884077,""ci_low"":-0.33834992,""ci_high"":-0.08544294,""win_rate"":0.35714286}},""value"":-0.21884077},{""row"":4,""col"":1,""kind"":""eligible"",""pair"":{""id"":""pair-02a5516b506c1750"",""teamId"":""oe:team:e7121adad88546bce0ff2cc41c2d343"",""teamName"":""Axolotl"",""playerAId"":""oe:player:cf92da6a565cf411663430c9b2a0f3b"",""playerBId"":""oe:player:d7d4d06e35ad3ffd2eed6844c5c1c8b"",""playerA"":""Enryy"",""playerB"":""tooshi"",""stats"":{""eligible"":true,""n_games_total"":14.0,""n_games"":14.0,""n_days"":14.0,""mean_impact"":-0.32988619,""shrunk_impact"":-0.19243361,""ci_low"":-0.33207141,""ci_high"":-0.0485348,""win_rate"":0.35714286}},""value"":-0.19243361},{""row"":4,""col"":2,""kind"":""eligible"",""pair"":{""id"":""pair-fc8e746c98fa9a39"",""teamId"":""oe:team:e7121adad88546bce0ff2cc41c2d343"",""teamName"":""Axolotl"",""playerAId"":""oe:player:cf92da6a565cf411663430c9b2a0f3b"",""playerBId"":""oe:player:fe9ef7441c7dd52bebd1ce72a43612b"",""playerA"":""Enryy"",""playerB"":""Furby"",""stats"":{""eligible"":true,""n_games_total"":14.0,""n_games"":14.0,""n_days"":14.0,""mean_impact"":-0.66267489,""shrunk_impact"":-0.38656035,""ci_low"":-0.58173959,""ci_high"":-0.18560079,""win_rate"":0.35714286}},""value"":-0.38656035},{""row"":4,""col"":3,""kind"":""eligible"",""pair"":{""id"":""pair-967a690c98bf701f"",""teamId"":""oe:team:e7121adad88546bce0ff2cc41c2d343"",""teamName"":""Axolotl"",""playerAId"":""oe:player:28e2371121f5f788287013559cd9c6f"",""playerBId"":""oe:player:cf92da6a565cf411663430c9b2a0f3b"",""playerA"":""Cimpo"",""playerB"":""Enryy"",""stats"":{""eligible"":true,""n_games_total"":14.0,""n_games"":14.0,""n_days"":14.0,""mean_impact"":-0.45559214,""shrunk_impact"":-0.26576208,""ci_low"":-0.44272251,""ci_high"":-0.07135696,""win_rate"":0.35714286}},""value"":-0.26576208},{""row"":4,""col"":4,""kind"":""self"",""pair"":null,""value"":null}],""limit"":0.38656035,""hasEligiblePair"":true}"
lineup-056c76a9e3f57f8b,oe:team:7894460f171d66e8ffc149c05b056a8,Cyberground Gaming,2023,oe:player:dda1e64c8150531b8c60ac8607accb7,Aytekn,oe:player:5ce2ea92f949e2b50f4944d5d8f5693,Scofield,oe:player:c08f75d1d70bf068013b32f60fe96a5,Vigil,oe:player:99b95ef29b1e18c587457d79910c685,JaVaaa,oe:player:a5c70cdfcff6537d4af4e9204ad252c,Tinelli,7,6,6,-0.77026441,-0.28884915,-0.40741100,-0.14614746,False,0.16666667,399.41339983,1.17192301,0.20777728,0.24107042,0.21554579,0.20783229,0.18234719,0.15044859,0.21535901,0.25779734,0.24878179,0.29648919,0.13796623,0.08743259,"{""version"":1,""players"":[{""id"":""oe:player:dda1e64c8150531b8c60ac8607accb7"",""name"":""Aytekn"",""role"":""top""},{""id"":""oe:player:5ce2ea92f949e2b50f4944d5d8f5693"",""name"":""Scofield"",""role"":""jng""},{""id"":""oe:player:c08f75d1d70bf068013b32f60fe96a5"",""name"":""Vigil"",""role"":""mid""},{""id"":""oe:player:99b95ef29b1e18c587457d79910c685"",""name"":""JaVaaa"",""role"":""bot""},{""id"":""oe:player:a5c70cdfcff6537d4af4e9204ad252c"",""name"":""Tinelli"",""role"":""sup""}],""cells"":[{""row"":0,""col"":0,""kind"":""self"",""pair"":null,""value"":null},{""row"":0,""col"":1,""kind"":""sparse"",""pair"":{""id"":""pair-2d8d5a2a1a51517e"",""teamId"":""oe:team:7894460f171d66e8ffc149c05b056a8"",""teamName"":""Cyberground Gaming"",""playerAId"":""oe:player:5ce2ea92f949e2b50f4944d5d8f5693"",""playerBId"":""oe:player:dda1e64c8150531b8c60ac8607accb7"",""playerA"":""Scofield"",""playerB"":""Aytekn"",""stats"":{""eligible"":false,""n_games_total"":7.0,""n_games"":6.0,""n_days"":6.0,""mean_impact"":-0.82122843,""shrunk_impact"":-0.30796066,""ci_low"":-0.45142962,""ci_high"":-0.1603399,""win_rate"":0.16666667}},""value"":-0.30796066},{""row"":0,""col"":2,""kind"":""sparse"",""pair"":{""id"":""pair-75c72ab74b754abe"",""teamId"":""oe:team:7894460f171d66e8ffc149c05b056a8"",""teamName"":""Cyberground Gaming"",""playerAId"":""oe:player:c08f75d1d70bf068013b32f60fe96a5"",""playerBId"":""oe:player:dda1e64c8150531b8c60ac8607accb7"",""playerA"":""Vigil"",""playerB"":""Aytekn"",""stats"":{""eligible"":false,""n_games_total"":7.0,""n_games"":6.0,""n_days"":6.0,""mean_impact"":-0.68202141,""shrunk_impact"":-0.25575803,""ci_low"":-0.37102062,""ci_high"":-0.11760339,""win_rate"":0.16666667}},""value"":-0.25575803},{""row"":0,""col"":3,""kind"":""sparse"",""pair"":{""id"":""pair-19a3c50a3c6f185b"",""teamId"":""oe:team:7894460f171d66e8ffc149c05b056a8"",""teamName"":""Cyberground Gaming"",""playerAId"":""oe:player:99b95ef29b1e18c587457d79910c685"",""playerBId"":""oe:player:dda1e64c8150531b8c60ac8607accb7"",""playerA"":""JaVaaa"",""playerB"":""Aytekn"",""stats"":{""eligible"":false,""n_games_total"":7.0,""n_games"":6.0,""n_days"":6.0,""mean_impact"":-0.47008784,""shrunk_impact"":-0.17628294,""ci_low"":-0.40032642,""ci_high"":0.07534305,""win_rate"":0.16666667}},""value"":-0.17628294},{""row"":0,""col"":4,""kind"":""sparse"",""pair"":{""id"":""pair-21de7a9a2dcc88a6"",""teamId"":""oe:team:7894460f171d66e8ffc149c05b056a8"",""teamName"":""Cyberground Gaming"",""playerAId"":""oe:player:a5c70cdfcff6537d4af4e9204ad252c"",""playerBId"":""oe:player:dda1e64c8150531b8c60ac8607accb7"",""playerA"":""Tinelli"",""playerB"":""Aytekn"",""stats"":{""eligible"":false,""n_games_total"":7.0,""n_games"":6.0,""n_days"":6.0,""mean_impact"":-1.07427851,""shrunk_impact"":-0.40285444,""ci_low"":-0.5263503,""ci_high"":-0.27515639,""win_rate"":0.16666667}},""value"":-0.40285444},{""row"":1,""col"":0,""kind"":""sparse"",""pair"":{""id"":""pair-2d8d5a2a1a51517e"",""teamId"":""oe:team:7894460f171d66e8ffc149c05b056a8"",""teamName"":""Cyberground Gaming"",""playerAId"":""oe:player:5ce2ea92f949e2b50f4944d5d8f5693"",""playerBId"":""oe:player:dda1e64c8150531b8c60ac8607accb7"",""playerA"":""Scofield"",""playerB"":""Aytekn"",""stats"":{""eligible"":false,""n_games_total"":7.0,""n_games"":6.0,""n_days"":6.0,""mean_impact"":-0.82122843,""shrunk_impact"":-0.30796066,""ci_low"":-0.45142962,""ci_high"":-0.1603399,""win_rate"":0.16666667}},""value"":-0.30796066},{""row"":1,""col"":1,""kind"":""self"",""pair"":null,""value"":null},{""row"":1,""col"":2,""kind"":""sparse"",""pair"":{""id"":""pair-3d97625d72697f69"",""teamId"":""oe:team:7894460f171d66e8ffc149c05b056a8"",""teamName"":""Cyberground Gaming"",""playerAId"":""oe:player:5ce2ea92f949e2b50f4944d5d8f5693"",""playerBId"":""oe:player:c08f75d1d70bf068013b32f60fe96a5"",""playerA"":""Scofield"",""playerB"":""Vigil"",""stats"":{""eligible"":false,""n_games_total"":7.0,""n_games"":6.0,""n_days"":6.0,""mean_impact"":-0.75527973,""shrunk_impact"":-0.2832299,""ci_low"":-0.38009858,""ci_high"":-0.17438638,""win_rate"":0.16666667}},""value"":-0.2832299},{""row"":1,""col"":3,""kind"":""sparse"",""pair"":{""id"":""pair-be527a02272173f8"",""teamId"":""oe:team:7894460f171d66e8ffc149c05b056a8"",""teamName"":""Cyberground Gaming"",""playerAId"":""oe:player:5ce2ea92f949e2b50f4944d5d8f5693"",""playerBId"":""oe:player:99b95ef29b1e18c587457d79910c685"",""playerA"":""Scofield"",""playerB"":""JaVaaa"",""stats"":{""eligible"":false,""n_games_total"":7.0,""n_games"":6.0,""n_days"":6.0,""mean_impact"":-0.54334615,""shrunk_impact"":-0.20375481,""ci_low"":-0.39605694,""ci_high"":0.00628415,""win_rate"":0.16666667}},""value"":-0.20375481},{""row"":1,""col"":4,""kind"":""sparse"",""pair"":{""id"":""pair-4e62749c8dca97a9"",""teamId"":""oe:team:7894460f171d66e8ffc149c05b056a8"",""teamName"":""Cyberground Gaming"",""playerAId"":""oe:player:5ce2ea92f949e2b50f4944d5d8f5693"",""playerBId"":""oe:player:a5c70cdfcff6537d4af4e9204ad252c"",""playerA"":""Scofield"",""playerB"":""Tinelli"",""stats"":{""eligible"":false,""n_games_total"":7.0,""n_games"":6.0,""n_days"":6.0,""mean_impact"":-1.14753683,""shrunk_impact"":-0.43032631,""ci_low"":-0.51521891,""ci_high"":-0.33643851,""win_rate"":0.16666667}},""value"":-0.43032631},{""row"":2,""col"":0,""kind"":""sparse"",""pair"":{""id"":""pair-75c72ab74b754abe"",""teamId"":""oe:team:7894460f171d66e8ffc149c05b056a8"",""teamName"":""Cyberground Gaming"",""playerAId"":""oe:player:c08f75d1d70bf068013b32f60fe96a5"",""playerBId"":""oe:player:dda1e64c8150531b8c60ac8607accb7"",""playerA"":""Vigil"",""playerB"":""Aytekn"",""stats"":{""eligible"":false,""n_games_total"":7.0,""n_games"":6.0,""n_days"":6.0,""mean_impact"":-0.68202141,""shrunk_impact"":-0.25575803,""ci_low"":-0.37102062,""ci_high"":-0.11760339,""win_rate"":0.16666667}},""value"":-0.25575803},{""row"":2,""col"":1,""kind"":""sparse"",""pair"":{""id"":""pair-3d97625d72697f69"",""teamId"":""oe:team:7894460f171d66e8ffc149c05b056a8"",""teamName"":""Cyberground Gaming"",""playerAId"":""oe:player:5ce2ea92f949e2b50f4944d5d8f5693"",""playerBId"":""oe:player:c08f75d1d70bf068013b32f60fe96a5"",""playerA"":""Scofield"",""playerB"":""Vigil"",""stats"":{""eligible"":false,""n_games_total"":7.0,""n_games"":6.0,""n_days"":6.0,""mean_impact"":-0.75527973,""shrunk_impact"":-0.2832299,""ci_low"":-0.38009858,""ci_high"":-0.17438638,""win_rate"":0.16666667}},""value"":-0.2832299},{""row"":2,""col"":2,""kind"":""self"",""pair"":null,""value"":null},{""row"":2,""col"":3,""kind"":""sparse"",""pair"":{""id"":""pair-edf465064a97d37c"",""teamId"":""oe:team:7894460f171d66e8ffc149c05b056a8"",""teamName"":""Cyberground Gaming"",""playerAId"":""oe:player:99b95ef29b1e18c587457d79910c685"",""playerBId"":""oe:player:c08f75d1d70bf068013b32f60fe96a5"",""playerA"":""JaVaaa"",""playerB"":""Vigil"",""stats"":{""eligible"":false,""n_games_total"":13.0,""n_games"":6.0,""n_days"":6.0,""mean_impact"":-0.40413913,""shrunk_impact"":-0.15155217,""ci_low"":-0.30204631,""ci_high"":0.04950864,""win_rate"":0.16666667}},""value"":-0.15155217},{""row"":2,""col"":4,""kind"":""sparse"",""pair"":{""id"":""pair-51593667434d5466"",""teamId"":""oe:team:7894460f171d66e8ffc149c05b056a8"",""teamName"":""Cyberground Gaming"",""playerAId"":""oe:player:a5c70cdfcff6537d4af4e9204ad252c"",""playerBId"":""oe:player:c08f75d1d70bf068013b32f60fe96a5"",""playerA"":""Tinelli"",""playerB"":""Vigil"",""stats"":{""eligible"":false,""n_games_total"":13.0,""n_games"":6.0,""n_days"":6.0,""mean_impact"":-1.0083298,""shrunk_impact"":-0.37812368,""ci_low"":-0.46164365,""ci_high"":-0.28824005,""win_rate"":0.16666667}},""value"":-0.37812368},{""row"":3,""col"":0,""kind"":""sparse"",""pair"":{""id"":""pair-19a3c50a3c6f185b"",""teamId"":""oe:team:7894460f171d66e8ffc149c05b056a8"",""teamName"":""Cyberground Gaming"",""playerAId"":""oe:player:99b95ef29b1e18c587457d79910c685"",""playerBId"":""oe:player:dda1e64c8150531b8c60ac8607accb7"",""playerA"":""JaVaaa"",""playerB"":""Aytekn"",""stats"":{""eligible"":false,""n_games_total"":7.0,""n_games"":6.0,""n_days"":6.0,""mean_impact"":-0.47008784,""shrunk_impact"":-0.17628294,""ci_low"":-0.40032642,""ci_high"":0.07534305,""win_rate"":0.16666667}},""value"":-0.17628294},{""row"":3,""col"":1,""kind"":""sparse"",""pair"":{""id"":""pair-be527a02272173f8"",""teamId"":""oe:team:7894460f171d66e8ffc149c05b056a8"",""teamName"":""Cyberground Gaming"",""playerAId"":""oe:player:5ce2ea92f949e2b50f4944d5d8f5693"",""playerBId"":""oe:player:99b95ef29b1e18c587457d79910c685"",""playerA"":""Scofield"",""playerB"":""JaVaaa"",""stats"":{""eligible"":false,""n_games_total"":7.0,""n_games"":6.0,""n_days"":6.0,""mean_impact"":-0.54334615,""shrunk_impact"":-0.20375481,""ci_low"":-0.39605694,""ci_high"":0.00628415,""win_rate"":0.16666667}},""value"":-0.20375481},{""row"":3,""col"":2,""kind"":""sparse"",""pair"":{""id"":""pair-edf465064a97d37c"",""teamId"":""oe:team:7894460f171d66e8ffc149c05b056a8"",""teamName"":""Cyberground Gaming"",""playerAId"":""oe:player:99b95ef29b1e18c587457d79910c685"",""playerBId"":""oe:player:c08f75d1d70bf068013b32f60fe96a5"",""playerA"":""JaVaaa"",""playerB"":""Vigil"",""stats"":{""eligible"":false,""n_games_total"":13.0,""n_games"":6.0,""n_days"":6.0,""mean_impact"":-0.40413913,""shrunk_impact"":-0.15155217,""ci_low"":-0.30204631,""ci_high"":0.04950864,""win_rate"":0.16666667}},""value"":-0.15155217},{""row"":3,""col"":3,""kind"":""self"",""pair"":null,""value"":null},{""row"":3,""col"":4,""kind"":""sparse"",""pair"":{""id"":""pair-b40ea8fab4da5e61"",""teamId"":""oe:team:7894460f171d66e8ffc149c05b056a8"",""teamName"":""Cyberground Gaming"",""playerAId"":""oe:player:99b95ef29b1e18c587457d79910c685"",""playerBId"":""oe:player:a5c70cdfcff6537d4af4e9204ad252c"",""playerA"":""JaVaaa"",""playerB"":""Tinelli"",""stats"":{""eligible"":false,""n_games_total"":13.0,""n_games"":6.0,""n_days"":6.0,""mean_impact"":-0.79639623,""shrunk_impact"":-0.29864859,""ci_low"":-0.47669831,""ci_high"":-0.10564778,""win_rate"":0.16666667}},""value"":-0.29864859},{""row"":4,""col"":0,""kind"":""sparse"",""pair"":{""id"":""pair-21de7a9a2dcc88a6"",""teamId"":""oe:team:7894460f171d66e8ffc149c05b056a8"",""teamName"":""Cyberground Gaming"",""playerAId"":""oe:player:a5c70cdfcff6537d4af4e9204ad252c"",""playerBId"":""oe:player:dda1e64c8150531b8c60ac8607accb7"",""playerA"":""Tinelli"",""playerB"":""Aytekn"",""stats"":{""eligible"":false,""n_games_total"":7.0,""n_games"":6.0,""n_days"":6.0,""mean_impact"":-1.07427851,""shrunk_impact"":-0.40285444,""ci_low"":-0.5263503,""ci_high"":-0.27515639,""win_rate"":0.16666667}},""value"":-0.40285444},{""row"":4,""col"":1,""kind"":""sparse"",""pair"":{""id"":""pair-4e62749c8dca97a9"",""teamId"":""oe:team:7894460f171d66e8ffc149c05b056a8"",""teamName"":""Cyberground Gaming"",""playerAId"":""oe:player:5ce2ea92f949e2b50f4944d5d8f5693"",""playerBId"":""oe:player:a5c70cdfcff6537d4af4e9204ad252c"",""playerA"":""Scofield"",""playerB"":""Tinelli"",""stats"":{""eligible"":false,""n_games_total"":7.0,""n_games"":6.0,""n_days"":6.0,""mean_impact"":-1.14753683,""shrunk_impact"":-0.43032631,""ci_low"":-0.51521891,""ci_high"":-0.33643851,""win_rate"":0.16666667}},""value"":-0.43032631},{""row"":4,""col"":2,""kind"":""sparse"",""pair"":{""id"":""pair-51593667434d5466"",""teamId"":""oe:team:7894460f171d66e8ffc149c05b056a8"",""teamName"":""Cyberground Gaming"",""playerAId"":""oe:player:a5c70cdfcff6537d4af4e9204ad252c"",""playerBId"":""oe:player:c08f75d1d70bf068013b32f60fe96a5"",""playerA"":""Tinelli"",""playerB"":""Vigil"",""stats"":{""eligible"":false,""n_games_total"":13.0,""n_games"":6.0,""n_days"":6.0,""mean_impact"":-1.0083298,""shrunk_impact"":-0.37812368,""ci_low"":-0.46164365,""ci_high"":-0.28824005,""win_rate"":0.16666667}},""value"":-0.37812368},{""row"":4,""col"":3,""kind"":""sparse"",""pair"":{""id"":""pair-b40ea8fab4da5e61"",""teamId"":""oe:team:7894460f171d66e8ffc149c05b056a8"",""teamName"":""Cyberground Gaming"",""playerAId"":""oe:player:99b95ef29b1e18c587457d79910c685"",""playerBId"":""oe:player:a5c70cdfcff6537d4af4e9204ad252c"",""playerA"":""JaVaaa"",""playerB"":""Tinelli"",""stats"":{""eligible"":false,""n_games_total"":13.0,""n_games"":6.0,""n_days"":6.0,""mean_impact"":-0.79639623,""shrunk_impact"":-0.29864859,""ci_low"":-0.47669831,""ci_high"":-0.10564778,""win_rate"":0.16666667}},""value"":-0.29864859},{""row"":4,""col"":4,""kind"":""self"",""pair"":null,""value"":null}],""limit"":0.43032631,""hasEligiblePair"":false}"
lineup-0fc0271071d13372,oe:team:e7121adad88546bce0ff2cc41c2d343,Axolotl,2023,oe:player:bf25b0b83e4ba2b9b179d8b56f73bd5,Nostrapangus,oe:player:827d69320ce75d5eb8b6a3a82087344,Shaolai,oe:player:eecfe6cdce097029c1360b48a55215f,David1,oe:player:c652d5d02475a70e3981f0ea484e63c,Bold,oe:player:7e08476c4e4d6bd73d262ca48b4014b,NTK5,4,4,4,-0.05505734,-0.01573067,-0.18030950,0.14884816,False,0.25000000,449.81489431,1.07194473,0.20688247,0.24758832,0.20541607,0.19960598,0.20505422,0.14421243,0.22520504,0.33444261,0.23110050,0.24801873,0.13322417,0.07372025,"{""version"":1,""players"":[{""id"":""oe:player:bf25b0b83e4ba2b9b179d8b56f73bd5"",""name"":""Nostrapangus"",""role"":""top""},{""id"":""oe:player:827d69320ce75d5eb8b6a3a82087344"",""name"":""Shaolai"",""role"":""jng""},{""id"":""oe:player:eecfe6cdce097029c1360b48a55215f"",""name"":""David1"",""role"":""mid""},{""id"":""oe:player:c652d5d02475a70e3981f0ea484e63c"",""name"":""Bold"",""role"":""bot""},{""id"":""oe:player:7e08476c4e4d6bd73d262ca48b4014b"",""name"":""NTK5"",""role"":""sup""}],""cells"":[{""row"":0,""col"":0,""kind"":""self"",""pair"":null,""value"":null},{""row"":0,""col"":1,""kind"":""sparse"",""pair"":{""id"":""pair-12dad238b48341b7"",""teamId"":""oe:team:e7121adad88546bce0ff2cc41c2d343"",""teamName"":""Axolotl"",""playerAId"":""oe:player:827d69320ce75d5eb8b6a3a82087344"",""playerBId"":""oe:player:bf25b0b83e4ba2b9b179d8b56f73bd5"",""playerA"":""Shaolai"",""playerB"":""Nostrapangus"",""stats"":{""eligible"":false,""n_games_total"":4.0,""n_games"":4.0,""n_days"":4.0,""mean_impact"":-0.26490871,""shrunk_impact"":-0.0756882,""ci_low"":-0.23805805,""ci_high"":0.08668165,""win_rate"":0.25}},""value"":-0.0756882},{""row"":0,""col"":2,""kind"":""sparse"",""pair"":{""id"":""pair-9cb1333b30eee01b"",""teamId"":""oe:team:e7121adad88546bce0ff2cc41c2d343"",""teamName"":""Axolotl"",""playerAId"":""oe:player:bf25b0b83e4ba2b9b179d8b56f73bd5"",""playerBId"":""oe:player:eecfe6cdce097029c1360b48a55215f"",""playerA"":""Nostrapangus"",""playerB"":""David1"",""stats"":{""eligible"":false,""n_games_total"":4.0,""n_games"":4.0,""n_days"":4.0,""mean_impact"":0.32443788,""shrunk_impact"":0.09269654,""ci_low"":-0.09146113,""ci_high"":0.2768542,""win_rate"":0.25}},""value"":0.09269654},{""row"":0,""col"":3,""kind"":""sparse"",""pair"":{""id"":""pair-28ca2fb02733bc21"",""teamId"":""oe:team:e7121adad88546bce0ff2cc41c2d343"",""teamName"":""Axolotl"",""playerAId"":""oe:player:bf25b0b83e4ba2b9b179d8b56f73bd5"",""playerBId"":""oe:player:c652d5d02475a70e3981f0ea484e63c"",""playerA"":""Nostrapangus"",""playerB"":""Bold"",""stats"":{""eligible"":false,""n_games_total"":4.0,""n_games"":4.0,""n_days"":4.0,""mean_impact"":-0.16054764,""shrunk_impact"":-0.04587075,""ci_low"":-0.20176013,""ci_high"":0.14885254,""win_rate"":0.25}},""value"":-0.04587075},{""row"":0,""col"":4,""kind"":""sparse"",""pair"":{""id"":""pair-c480f4696aa74f27"",""teamId"":""oe:team:e7121adad88546bce0ff2cc41c2d343"",""teamName"":""Axolotl"",""playerAId"":""oe:player:7e08476c4e4d6bd73d262ca48b4014b"",""playerBId"":""oe:player:bf25b0b83e4ba2b9b179d8b56f73bd5"",""playerA"":""NTK5"",""playerB"":""Nostrapangus"",""stats"":{""eligible"":false,""n_games_total"":4.0,""n_games"":4.0,""n_days"":4.0,""mean_impact"":-0.14880442,""shrunk_impact"":-0.04251555,""ci_low"":-0.16127439,""ci_high"":0.11831648,""win_rate"":0.25}},""value"":-0.04251555},{""row"":1,""col"":0,""kind"":""sparse"",""pair"":{""id"":""pair-12dad238b48341b7"",""teamId"":""oe:team:e7121adad88546bce0ff2cc41c2d343"",""teamName"":""Axolotl"",""playerAId"":""oe:player:827d69320ce75d5eb8b6a3a82087344"",""playerBId"":""oe:player:bf25b0b83e4ba2b9b179d8b56f73bd5"",""playerA"":""Shaolai"",""playerB"":""Nostrapangus"",""stats"":{""eligible"":false,""n_games_total"":4.0,""n_games"":4.0,""n_days"":4.0,""mean_impact"":-0.26490871,""shrunk_impact"":-0.0756882,""ci_low"":-0.23805805,""ci_high"":0.08668165,""win_rate"":0.25}},""value"":-0.0756882},{""row"":1,""col"":1,""kind"":""self"",""pair"":null,""value"":null},{""row"":1,""col"":2,""kind"":""sparse"",""pair"":{""id"":""pair-08b555a98e67fd02"",""teamId"":""oe:team:e7121adad88546bce0ff2cc41c2d343"",""teamName"":""Axolotl"",""playerAId"":""oe:player:827d69320ce75d5eb8b6a3a82087344"",""playerBId"":""oe:player:eecfe6cdce097029c1360b48a55215f"",""playerA"":""Shaolai"",""playerB"":""David1"",""stats"":{""eligible"":false,""n_games_total"":4.0,""n_games"":4.0,""n_days"":4.0,""mean_impact"":0.13431553,""shrunk_impact"":0.03837587,""ci_low"":-0.18954251,""ci_high"":0.27566461,""win_rate"":0.25}},""value"":0.03837587},{""row"":1,""col"":3,""kind"":""sparse"",""pair"":{""id"":""pair-36ce13264c0efc65"",""teamId"":""oe:team:e7121adad88546bce0ff2cc41c2d343"",""teamName"":""Axolotl"",""playerAId"":""oe:player:827d69320ce75d5eb8b6a3a82087344"",""playerBId"":""oe:player:c652d5d02475a70e3981f0ea484e63c"",""playerA"":""Shaolai"",""playerB"":""Bold"",""stats"":{""eligible"":false,""n_games_total"":4.0,""n_games"":4.0,""n_days"":4.0,""mean_impact"":-0.35066999,""shrunk_impact"":-0.10019142,""ci_low"":-0.29447872,""ci_high"":0.09409587,""win_rate"":0.25}},""value"":-0.10019142},{""row"":1,""col"":4,""kind"":""sparse"",""pair"":{""id"":""pair-4dda10c08f8de5cd"",""teamId"":""oe:team:e7121adad88546bce0ff2cc41c2d343"",""teamName"":""Axolotl"",""playerAId"":""oe:player:7e08476c4e4d6bd73d262ca48b4014b"",""playerBId"":""oe:player:827d69320ce75d5eb8b6a3a82087344"",""playerA"":""NTK5"",""playerB"":""Shaolai"",""stats"":{""eligible"":false,""n_games_total"":4.0,""n_games"":4.0,""n_days"":4.0,""mean_impact"":-0.33892677,""shrunk_impact"":-0.09683622,""ci_low"":-0.23290361,""ci_high"":0.03923117,""win_rate"":0.25}},""value"":-0.09683622},{""row"":2,""col"":0,""kind"":""sparse"",""pair"":{""id"":""pair-9cb1333b30eee01b"",""teamId"":""oe:team:e7121adad88546bce0ff2cc41c2d343"",""teamName"":""Axolotl"",""playerAId"":""oe:player:bf25b0b83e4ba2b9b179d8b56f73bd5"",""playerBId"":""oe:player:eecfe6cdce097029c1360b48a55215f"",""playerA"":""Nostrapangus"",""playerB"":""David1"",""stats"":{""eligible"":false,""n_games_total"":4.0,""n_games"":4.0,""n_days"":4.0,""mean_impact"":0.32443788,""shrunk_impact"":0.09269654,""ci_low"":-0.09146113,""ci_high"":0.2768542,""win_rate"":0.25}},""value"":0.09269654},{""row"":2,""col"":1,""kind"":""sparse"",""pair"":{""id"":""pair-08b555a98e67fd02"",""teamId"":""oe:team:e7121adad88546bce0ff2cc41c2d343"",""teamName"":""Axolotl"",""playerAId"":""oe:player:827d69320ce75d5eb8b6a3a82087344"",""playerBId"":""oe:player:eecfe6cdce097029c1360b48a55215f"",""playerA"":""Shaolai"",""playerB"":""David1"",""stats"":{""eligible"":false,""n_games_total"":4.0,""n_games"":4.0,""n_days"":4.0,""mean_impact"":0.13431553,""shrunk_impact"":0.03837587,""ci_low"":-0.18954251,""ci_high"":0.27566461,""win_rate"":0.25}},""value"":0.03837587},{""row"":2,""col"":2,""kind"":""self"",""pair"":null,""value"":null},{""row"":2,""col"":3,""kind"":""sparse"",""pair"":{""id"":""pair-6a80ce8acbea45e8"",""teamId"":""oe:team:e7121adad88546bce0ff2cc41c2d343"",""teamName"":""Axolotl"",""playerAId"":""oe:player:c652d5d02475a70e3981f0ea484e63c"",""playerBId"":""oe:player:eecfe6cdce097029c1360b48a55215f"",""playerA"":""Bold"",""playerB"":""David1"",""stats"":{""eligible"":false,""n_games_total"":4.0,""n_games"":4.0,""n_days"":4.0,""mean_impact"":0.23867661,""shrunk_impact"":0.06819332,""ci_low"":-0.14788179,""ci_high"":0.28426843,""win_rate"":0.25}},""value"":0.06819332},{""row"":2,""col"":4,""kind"":""sparse"",""pair"":{""id"":""pair-5965715a0fafbaf7"",""teamId"":""oe:team:e7121adad88546bce0ff2cc41c2d343"",""teamName"":""Axolotl"",""playerAId"":""oe:player:7e08476c4e4d6bd73d262ca48b4014b"",""playerBId"":""oe:player:eecfe6cdce097029c1360b48a55215f"",""playerA"":""NTK5"",""playerB"":""David1"",""stats"":{""eligible"":false,""n_games_total"":4.0,""n_games"":4.0,""n_days"":4.0,""mean_impact"":0.25041983,""shrunk_impact"":0.07154852,""ci_low"":-0.08630668,""ci_high"":0.22940372,""win_rate"":0.25}},""value"":0.07154852},{""row"":3,""col"":0,""kind"":""sparse"",""pair"":{""id"":""pair-28ca2fb02733bc21"",""teamId"":""oe:team:e7121adad88546bce0ff2cc41c2d343"",""teamName"":""Axolotl"",""playerAId"":""oe:player:bf25b0b83e4ba2b9b179d8b56f73bd5"",""playerBId"":""oe:player:c652d5d02475a70e3981f0ea484e63c"",""playerA"":""Nostrapangus"",""playerB"":""Bold"",""stats"":{""eligible"":false,""n_games_total"":4.0,""n_games"":4.0,""n_days"":4.0,""mean_impact"":-0.16054764,""shrunk_impact"":-0.04587075,""ci_low"":-0.20176013,""ci_high"":0.14885254,""win_rate"":0.25}},""value"":-0.04587075},{""row"":3,""col"":1,""kind"":""sparse"",""pair"":{""id"":""pair-36ce13264c0efc65"",""teamId"":""oe:team:e7121adad88546bce0ff2cc41c2d343"",""teamName"":""Axolotl"",""playerAId"":""oe:player:827d69320ce75d5eb8b6a3a82087344"",""playerBId"":""oe:player:c652d5d02475a70e3981f0ea484e63c"",""playerA"":""Shaolai"",""playerB"":""Bold"",""stats"":{""eligible"":false,""n_games_total"":4.0,""n_games"":4.0,""n_days"":4.0,""mean_impact"":-0.35066999,""shrunk_impact"":-0.10019142,""ci_low"":-0.29447872,""ci_high"":0.09409587,""win_rate"":0.25}},""value"":-0.10019142},{""row"":3,""col"":2,""kind"":""sparse"",""pair"":{""id"":""pair-6a80ce8acbea45e8"",""teamId"":""oe:team:e7121adad88546bce0ff2cc41c2d343"",""teamName"":""Axolotl"",""playerAId"":""oe:player:c652d5d02475a70e3981f0ea484e63c"",""playerBId"":""oe:player:eecfe6cdce097029c1360b48a55215f"",""playerA"":""Bold"",""playerB"":""David1"",""stats"":{""eligible"":false,""n_games_total"":4.0,""n_games"":4.0,""n_days"":4.0,""mean_impact"":0.23867661,""shrunk_impact"":0.06819332,""ci_low"":-0.14788179,""ci_high"":0.28426843,""win_rate"":0.25}},""value"":0.06819332},{""row"":3,""col"":3,""kind"":""self"",""pair"":null,""value"":null},{""row"":3,""col"":4,""kind"":""sparse"",""pair"":{""id"":""pair-60d1f262e658b413"",""teamId"":""oe:team:e7121adad88546bce0ff2cc41c2d343"",""teamName"":""Axolotl"",""playerAId"":""oe:player:7e08476c4e4d6bd73d262ca48b4014b"",""playerBId"":""oe:player:c652d5d02475a70e3981f0ea484e63c"",""playerA"":""NTK5"",""playerB"":""Bold"",""stats"":{""eligible"":false,""n_games_total"":4.0,""n_games"":4.0,""n_days"":4.0,""mean_impact"":-0.23456569,""shrunk_impact"":-0.06701877,""ci_low"":-0.19124289,""ci_high"":0.08778308,""win_rate"":0.25}},""value"":-0.06701877},{""row"":4,""col"":0,""kind"":""sparse"",""pair"":{""id"":""pair-c480f4696aa74f27"",""teamId"":""oe:team:e7121adad88546bce0ff2cc41c2d343"",""teamName"":""Axolotl"",""playerAId"":""oe:player:7e08476c4e4d6bd73d262ca48b4014b"",""playerBId"":""oe:player:bf25b0b83e4ba2b9b179d8b56f73bd5"",""playerA"":""NTK5"",""playerB"":""Nostrapangus"",""stats"":{""eligible"":false,""n_games_total"":4.0,""n_games"":4.0,""n_days"":4.0,""mean_impact"":-0.14880442,""shrunk_impact"":-0.04251555,""ci_low"":-0.16127439,""ci_high"":0.11831648,""win_rate"":0.25}},""value"":-0.04251555},{""row"":4,""col"":1,""kind"":""sparse"",""pair"":{""id"":""pair-4dda10c08f8de5cd"",""teamId"":""oe:team:e7121adad88546bce0ff2cc41c2d343"",""teamName"":""Axolotl"",""playerAId"":""oe:player:7e08476c4e4d6bd73d262ca48b4014b"",""playerBId"":""oe:player:827d69320ce75d5eb8b6a3a82087344"",""playerA"":""NTK5"",""playerB"":""Shaolai"",""stats"":{""eligible"":false,""n_games_total"":4.0,""n_games"":4.0,""n_days"":4.0,""mean_impact"":-0.33892677,""shrunk_impact"":-0.09683622,""ci_low"":-0.23290361,""ci_high"":0.03923117,""win_rate"":0.25}},""value"":-0.09683622},{""row"":4,""col"":2,""kind"":""sparse"",""pair"":{""id"":""pair-5965715a0fafbaf7"",""teamId"":""oe:team:e7121adad88546bce0ff2cc41c2d343"",""teamName"":""Axolotl"",""playerAId"":""oe:player:7e08476c4e4d6bd73d262ca48b4014b"",""playerBId"":""oe:player:eecfe6cdce097029c1360b48a55215f"",""playerA"":""NTK5"",""playerB"":""David1"",""stats"":{""eligible"":false,""n_games_total"":4.0,""n_games"":4.0,""n_days"":4.0,""mean_impact"":0.25041983,""shrunk_impact"":0.07154852,""ci_low"":-0.08630668,""ci_high"":0.22940372,""win_rate"":0.25}},""value"":0.07154852},{""row"":4,""col"":3,""kind"":""sparse"",""pair"":{""id"":""pair-60d1f262e658b413"",""teamId"":""oe:team:e7121adad88546bce0ff2cc41c2d343"",""teamName"":""Axolotl"",""playerAId"":""oe:player:7e08476c4e4d6bd73d262ca48b4014b"",""playerBId"":""oe:player:c652d5d02475a70e3981f0ea484e63c"",""playerA"":""NTK5"",""playerB"":""Bold"",""stats"":{""eligible"":false,""n_games_total"":4.0,""n_games"":4.0,""n_days"":4.0,""mean_impact"":-0.23456569,""shrunk_impact"":-0.06701877,""ci_low"":-0.19124289,""ci_high"":0.08778308,""win_rate"":0.25}},""value"":-0.06701877},{""row"":4,""col"":4,""kind"":""self"",""pair"":null,""value"":null}],""limit"":0.15,""hasEligiblePair"":false}"
lineup-10e20bc93115072b,oe:team:ee569c9f5e85fba8fcf57d51b1b78ed,DREN Esports,2023,oe:player:4b54bd2134c923b7b6a9bab64ef00cd,Dreampull,oe:player:2255ff4942064b8bcd54c7f27267683,MxDragon,oe:player:b8c5bfbff49a0f1459f1c15d824fde7,Sebekx,oe:player:ae47062e8906d12c9f92a2ec49fce87,Endz,oe:player:330649b30536a93ea9363a7dd17e7dd,Cospect,7,3,3,-0.66058950,-0.15244373,-0.31811424,0.07193597,False,0.66666667,372.88392595,1.38704191,0.20863899,0.23569305,0.20148120,0.13773548,0.20814604,0.22825305,0.20644597,0.28435351,0.24976518,0.27265894,0.13416161,0.07699902,"{""version"":1,""players"":[{""id"":""oe:player:4b54bd2134c923b7b6a9bab64ef00cd"",""name"":""Dreampull"",""role"":""top""},{""id"":""oe:player:2255ff4942064b8bcd54c7f27267683"",""name"":""MxDragon"",""role"":""jng""},{""id"":""oe:player:b8c5bfbff49a0f1459f1c15d824fde7"",""name"":""Sebekx"",""role"":""mid""},{""id"":""oe:player:ae47062e8906d12c9f92a2ec49fce87"",""name"":""Endz"",""role"":""bot""},{""id"":""oe:player:330649b30536a93ea9363a7dd17e7dd"",""name"":""Cospect"",""role"":""sup""}],""cells"":[{""row"":0,""col"":0,""kind"":""self"",""pair"":null,""value"":null},{""row"":0,""col"":1,""kind"":""sparse"",""pair"":{""id"":""pair-330aff8cc9de2396"",""teamId"":""oe:team:ee569c9f5e85fba8fcf57d51b1b78ed"",""teamName"":""DREN Esports"",""playerAId"":""oe:player:2255ff4942064b8bcd54c7f27267683"",""playerBId"":""oe:player:4b54bd2134c923b7b6a9bab64ef00cd"",""playerA"":""MxDragon"",""playerB"":""Dreampull"",""stats"":{""eligible"":false,""n_games_total"":9.0,""n_games"":3.0,""n_days"":3.0,""mean_impact"":-0.66392229,""shrunk_impact"":-0.15321284,""ci_low"":-0.30304739,""ci_high"":0.04629054,""win_rate"":0.66666667}},""value"":-0.15321284},{""row"":0,""col"":2,""kind"":""sparse"",""pair"":{""id"":""pair-949f17efb59449b3"",""teamId"":""oe:team:ee569c9f5e85fba8fcf57d51b1b78ed"",""teamName"":""DREN Esports"",""playerAId"":""oe:player:4b54bd2134c923b7b6a9bab64ef00cd"",""playerBId"":""oe:player:b8c5bfbff49a0f1459f1c15d824fde7"",""playerA"":""Dreampull"",""playerB"":""Sebekx"",""stats"":{""eligible"":false,""n_games_total"":9.0,""n_games"":3.0,""n_days"":3.0,""mean_impact"":-0.82986164,""shrunk_impact"":-0.19150653,""ci_low"":-0.36063448,""ci_high"":0.02764982,""win_rate"":0.66666667}},""value"":-0.19150653},{""row"":0,""col"":3,""kind"":""sparse"",""pair"":{""id"":""pair-4084e6398175806c"",""teamId"":""oe:team:ee569c9f5e85fba8fcf57d51b1b78ed"",""teamName"":""DREN Esports"",""playerAId"":""oe:player:4b54bd2134c923b7b6a9bab64ef00cd"",""playerBId"":""oe:player:ae47062e8906d12c9f92a2ec49fce87"",""playerA"":""Dreampull"",""playerB"":""Endz"",""stats"":{""eligible"":false,""n_games_total"":9.0,""n_games"":3.0,""n_days"":3.0,""mean_impact"":-0.83981428,""shrunk_impact"":-0.19380329,""ci_low"":-0.31214903,""ci_high"":0.03938034,""win_rate"":0.66666667}},""value"":-0.19380329},{""row"":0,""col"":4,""kind"":""sparse"",""pair"":{""id"":""pair-d2ea32504bbee9e8"",""teamId"":""oe:team:ee569c9f5e85fba8fcf57d51b1b78ed"",""teamName"":""DREN Esports"",""playerAId"":""oe:player:330649b30536a93ea9363a7dd17e7dd"",""playerBId"":""oe:player:4b54bd2134c923b7b6a9bab64ef00cd"",""playerA"":""Cospect"",""playerB"":""Dreampull"",""stats"":{""eligible"":false,""n_games_total"":7.0,""n_games"":3.0,""n_days"":3.0,""mean_impact"":-1.1604698,""shrunk_impact"":-0.26780072,""ci_low"":-0.38831222,""ci_high"":-0.06271842,""win_rate"":0.66666667}},""value"":-0.26780072},{""row"":1,""col"":0,""kind"":""sparse"",""pair"":{""id"":""pair-330aff8cc9de2396"",""teamId"":""oe:team:ee569c9f5e85fba8fcf57d51b1b78ed"",""teamName"":""DREN Esports"",""playerAId"":""oe:player:2255ff4942064b8bcd54c7f27267683"",""playerBId"":""oe:player:4b54bd2134c923b7b6a9bab64ef00cd"",""playerA"":""MxDragon"",""playerB"":""Dreampull"",""stats"":{""eligible"":false,""n_games_total"":9.0,""n_games"":3.0,""n_days"":3.0,""mean_impact"":-0.66392229,""shrunk_impact"":-0.15321284,""ci_low"":-0.30304739,""ci_high"":0.04629054,""win_rate"":0.66666667}},""value"":-0.15321284},{""row"":1,""col"":1,""kind"":""self"",""pair"":null,""value"":null},{""row"":1,""col"":2,""kind"":""sparse"",""pair"":{""id"":""pair-979225cb59a8ddb2"",""teamId"":""oe:team:ee569c9f5e85fba8fcf57d51b1b78ed"",""teamName"":""DREN Esports"",""playerAId"":""oe:player:2255ff4942064b8bcd54c7f27267683"",""playerBId"":""oe:player:b8c5bfbff49a0f1459f1c15d824fde7"",""playerA"":""MxDragon"",""playerB"":""Sebekx"",""stats"":{""eligible"":false,""n_games_total"":9.0,""n_games"":3.0,""n_days"":3.0,""mean_impact"":-0.26538775,""shrunk_impact"":-0.06124333,""ci_low"":-0.28444352,""ci_high"":0.16009878,""win_rate"":0.66666667}},""value"":-0.06124333},{""row"":1,""col"":3,""kind"":""sparse"",""pair"":{""id"":""pair-798c731d1fb30f81"",""teamId"":""oe:team:ee569c9f5e85fba8fcf57d51b1b78ed"",""teamName"":""DREN Esports"",""playerAId"":""oe:player:2255ff4942064b8bcd54c7f27267683"",""playerBId"":""oe:player:ae47062e8906d12c9f92a2ec49fce87"",""playerA"":""MxDragon"",""playerB"":""Endz"",""stats"":{""eligible"":false,""n_games_total"":9.0,""n_games"":3.0,""n_days"":3.0,""mean_impact"":-0.27534039,""shrunk_impact"":-0.06354009,""ci_low"":-0.23595807,""ci_high"":0.1718293,""win_rate"":0.66666667}},""value"":-0.06354009},{""row"":1,""col"":4,""kind"":""sparse"",""pair"":{""id"":""pair-70591f72e50bea7c"",""teamId"":""oe:team:ee569c9f5e85fba8fcf57d51b1b78ed"",""teamName"":""DREN Esports"",""playerAId"":""oe:player:2255ff4942064b8bcd54c7f27267683"",""playerBId"":""oe:player:330649b30536a93ea9363a7dd17e7dd"",""playerA"":""MxDragon"",""playerB"":""Cospect"",""stats"":{""eligible"":false,""n_games_total"":7.0,""n_games"":3.0,""n_days"":3.0,""mean_impact"":-0.59599591,""shrunk_impact"":-0.13753752,""ci_low"":-0.31212126,""ci_high"":0.06973054,""win_rate"":0.66666667}},""value"":-0.13753752},{""row"":2,""col"":0,""kind"":""sparse"",""pair"":{""id"":""pair-949f17efb59449b3"",""teamId"":""oe:team:ee569c9f5e85fba8fcf57d51b1b78ed"",""teamName"":""DREN Esports"",""playerAId"":""oe:player:4b54bd2134c923b7b6a9bab64ef00cd"",""playerBId"":""oe:player:b8c5bfbff49a0f1459f1c15d824fde7"",""playerA"":""Dreampull"",""playerB"":""Sebekx"",""stats"":{""eligible"":false,""n_games_total"":9.0,""n_games"":3.0,""n_days"":3.0,""mean_impact"":-0.82986164,""shrunk_impact"":-0.19150653,""ci_low"":-0.36063448,""ci_high"":0.02764982,""win_rate"":0.66666667}},""value"":-0.19150653},{""row"":2,""col"":1,""kind"":""sparse"",""pair"":{""id"":""pair-979225cb59a8ddb2"",""teamId"":""oe:team:ee569c9f5e85fba8fcf57d51b1b78ed"",""teamName"":""DREN Esports"",""playerAId"":""oe:player:2255ff4942064b8bcd54c7f27267683"",""playerBId"":""oe:player:b8c5bfbff49a0f1459f1c15d824fde7"",""playerA"":""MxDragon"",""playerB"":""Sebekx"",""stats"":{""eligible"":false,""n_games_total"":9.0,""n_games"":3.0,""n_days"":3.0,""mean_impact"":-0.26538775,""shrunk_impact"":-0.06124333,""ci_low"":-0.28444352,""ci_high"":0.16009878,""win_rate"":0.66666667}},""value"":-0.06124333},{""row"":2,""col"":2,""kind"":""self"",""pair"":null,""value"":null},{""row"":2,""col"":3,""kind"":""sparse"",""pair"":{""id"":""pair-0ad41f7d8823bb84"",""teamId"":""oe:team:ee569c9f5e85fba8fcf57d51b1b78ed"",""teamName"":""DREN Esports"",""playerAId"":""oe:player:ae47062e8906d12c9f92a2ec49fce87"",""playerBId"":""oe:player:b8c5bfbff49a0f1459f1c15d824fde7"",""playerA"":""Endz"",""playerB"":""Sebekx"",""stats"":{""eligible"":false,""n_games_total"":9.0,""n_games"":3.0,""n_days"":3.0,""mean_impact"":-0.44127974,""shrunk_impact"":-0.10183379,""ci_low"":-0.29354517,""ci_high"":0.15318858,""win_rate"":0.66666667}},""value"":-0.10183379},{""row"":2,""col"":4,""kind"":""sparse"",""pair"":{""id"":""pair-d1f015cc7c65f808"",""teamId"":""oe:team:ee569c9f5e85fba8fcf57d51b1b78ed"",""teamName"":""DREN Esports"",""playerAId"":""oe:player:330649b30536a93ea9363a7dd17e7dd"",""playerBId"":""oe:player:b8c5bfbff49a0f1459f1c15d824fde7"",""playerA"":""Cospect"",""playerB"":""Sebekx"",""stats"":{""eligible"":false,""n_games_total"":7.0,""n_games"":3.0,""n_days"":3.0,""mean_impact"":-0.76193527,""shrunk_impact"":-0.17583122,""ci_low"":-0.36970835,""ci_high"":0.05108982,""win_rate"":0.66666667}},""value"":-0.17583122},{""row"":3,""col"":0,""kind"":""sparse"",""pair"":{""id"":""pair-4084e6398175806c"",""teamId"":""oe:team:ee569c9f5e85fba8fcf57d51b1b78ed"",""teamName"":""DREN Esports"",""playerAId"":""oe:player:4b54bd2134c923b7b6a9bab64ef00cd"",""playerBId"":""oe:player:ae47062e8906d12c9f92a2ec49fce87"",""playerA"":""Dreampull"",""playerB"":""Endz"",""stats"":{""eligible"":false,""n_games_total"":9.0,""n_games"":3.0,""n_days"":3.0,""mean_impact"":-0.83981428,""shrunk_impact"":-0.19380329,""ci_low"":-0.31214903,""ci_high"":0.03938034,""win_rate"":0.66666667}},""value"":-0.19380329},{""row"":3,""col"":1,""kind"":""sparse"",""pair"":{""id"":""pair-798c731d1fb30f81"",""teamId"":""oe:team:ee569c9f5e85fba8fcf57d51b1b78ed"",""teamName"":""DREN Esports"",""playerAId"":""oe:player:2255ff4942064b8bcd54c7f27267683"",""playerBId"":""oe:player:ae47062e8906d12c9f92a2ec49fce87"",""playerA"":""MxDragon"",""playerB"":""Endz"",""stats"":{""eligible"":false,""n_games_total"":9.0,""n_games"":3.0,""n_days"":3.0,""mean_impact"":-0.27534039,""shrunk_impact"":-0.06354009,""ci_low"":-0.23595807,""ci_high"":0.1718293,""win_rate"":0.66666667}},""value"":-0.06354009},{""row"":3,""col"":2,""kind"":""sparse"",""pair"":{""id"":""pair-0ad41f7d8823bb84"",""teamId"":""oe:team:ee569c9f5e85fba8fcf57d51b1b78ed"",""teamName"":""DREN Esports"",""playerAId"":""oe:player:ae47062e8906d12c9f92a2ec49fce87"",""playerBId"":""oe:player:b8c5bfbff49a0f1459f1c15d824fde7"",""playerA"":""Endz"",""playerB"":""Sebekx"",""stats"":{""eligible"":false,""n_games_total"":9.0,""n_games"":3.0,""n_days"":3.0,""mean_impact"":-0.44127974,""shrunk_impact"":-0.10183379,""ci_low"":-0.29354517,""ci_high"":0.15318858,""win_rate"":0.66666667}},""value"":-0.10183379},{""row"":3,""col"":3,""kind"":""self"",""pair"":null,""value"":null},{""row"":3,""col"":4,""kind"":""sparse"",""pair"":{""id"":""pair-ec8b75f75015adbb"",""teamId"":""oe:team:ee569c9f5e85fba8fcf57d51b1b78ed"",""teamName"":""DREN Esports"",""playerAId"":""oe:player:330649b30536a93ea9363a7dd17e7dd"",""playerBId"":""oe:player:ae47062e8906d12c9f92a2ec49fce87"",""playerA"":""Cospect"",""playerB"":""Endz"",""stats"":{""eligible"":false,""n_games_total"":7.0,""n_games"":3.0,""n_days"":3.0,""mean_impact"":-0.77188791,""shrunk_impact"":-0.17812798,""ci_low"":-0.3212229,""ci_high"":0.06282034,""win_rate"":0.66666667}},""value"":-0.17812798},{""row"":4,""col"":0,""kind"":""sparse"",""pair"":{""id"":""pair-d2ea32504bbee9e8"",""teamId"":""oe:team:ee569c9f5e85fba8fcf57d51b1b78ed"",""teamName"":""DREN Esports"",""playerAId"":""oe:player:330649b30536a93ea9363a7dd17e7dd"",""playerBId"":""oe:player:4b54bd2134c923b7b6a9bab64ef00cd"",""playerA"":""Cospect"",""playerB"":""Dreampull"",""stats"":{""eligible"":false,""n_games_total"":7.0,""n_games"":3.0,""n_days"":3.0,""mean_impact"":-1.1604698,""shrunk_impact"":-0.26780072,""ci_low"":-0.38831222,""ci_high"":-0.06271842,""win_rate"":0.66666667}},""value"":-0.26780072},{""row"":4,""col"":1,""kind"":""sparse"",""pair"":{""id"":""pair-70591f72e50bea7c"",""teamId"":""oe:team:ee569c9f5e85fba8fcf57d51b1b78ed"",""teamName"":""DREN Esports"",""playerAId"":""oe:player:2255ff4942064b8bcd54c7f27267683"",""playerBId"":""oe:player:330649b30536a93ea9363a7dd17e7dd"",""playerA"":""MxDragon"",""playerB"":""Cospect"",""stats"":{""eligible"":false,""n_games_total"":7.0,""n_games"":3.0,""n_days"":3.0,""mean_impact"":-0.59599591,""shrunk_impact"":-0.13753752,""ci_low"":-0.31212126,""ci_high"":0.06973054,""win_rate"":0.66666667}},""value"":-0.13753752},{""row"":4,""col"":2,""kind"":""sparse"",""pair"":{""id"":""pair-d1f015cc7c65f808"",""teamId"":""oe:team:ee569c9f5e85fba8fcf57d51b1b78ed"",""teamName"":""DREN Esports"",""playerAId"":""oe:player:330649b30536a93ea9363a7dd17e7dd"",""playerBId"":""oe:player:b8c5bfbff49a0f1459f1c15d824fde7"",""playerA"":""Cospect"",""playerB"":""Sebekx"",""stats"":{""eligible"":false,""n_games_total"":7.0,""n_games"":3.0,""n_days"":3.0,""mean_impact"":-0.76193527,""shrunk_impact"":-0.17583122,""ci_low"":-0.36970835,""ci_high"":0.05108982,""win_rate"":0.66666667}},""value"":-0.17583122},{""row"":4,""col"":3,""kind"":""sparse"",""pair"":{""id"":""pair-ec8b75f75015adbb"",""teamId"":""oe:team:ee569c9f5e85fba8fcf57d51b1b78ed"",""teamName"":""DREN Esports"",""playerAId"":""oe:player:330649b30536a93ea9363a7dd17e7dd"",""playerBId"":""oe:player:ae47062e8906d12c9f92a2ec49fce87"",""playerA"":""Cospect"",""playerB"":""Endz"",""stats"":{""eligible"":false,""n_games_total"":7.0,""n_games"":3.0,""n_days"":3.0,""mean_impact"":-0.77188791,""shrunk_impact"":-0.17812798,""ci_low"":-0.3212229,""ci_high"":0.06282034,""win_rate"":0.66666667}},""value"":-0.17812798},{""row"":4,""col"":4,""kind"":""self"",""pair"":null,""value"":null}],""limit"":0.26780072,""hasEligiblePair"":false}"
lineup-164bbc42d804afc7,oe:team:cd6b4265231d4ba346274357681c335,aNc Outplayed,2023,oe:player:ee3b248c3891b6a76a1d12d4ead39df,WeiZoR,oe:player:3697b5086f8d4511f75070f95c95aae,Faith,oe:player:1ac2ee65fd6df4e3bdb08fca90fded6,Dream Maker,oe:player:06f016d5551322d49fad225b21de646,kehvo,oe:player:e58cdf8eba80387a09db24e165d7d1c,S1D,3,3,3,-0.31377052,-0.07240858,-0.13514466,0.03729653,False,1.00000000,470.82260232,1.32269431,0.21056439,0.25691579,0.22883857,0.27658340,0.19096923,0.20891403,0.21688566,0.25544245,0.23538818,0.23716218,0.12791837,0.02189793,"{""version"":1,""players"":[{""id"":""oe:player:ee3b248c3891b6a76a1d12d4ead39df"",""name"":""WeiZoR"",""role"":""top""},{""id"":""oe:player:3697b5086f8d4511f75070f95c95aae"",""name"":""Faith"",""role"":""jng""},{""id"":""oe:player:1ac2ee65fd6df4e3bdb08fca90fded6"",""name"":""Dream Maker"",""role"":""mid""},{""id"":""oe:player:06f016d5551322d49fad225b21de646"",""name"":""kehvo"",""role"":""bot""},{""id"":""oe:player:e58cdf8eba80387a09db24e165d7d1c"",""name"":""S1D"",""role"":""sup""}],""cells"":[{""row"":0,""col"":0,""kind"":""self"",""pair"":null,""value"":null},{""row"":0,""col"":1,""kind"":""eligible"",""pair"":{""id"":""pair-8209a1e666891572"",""teamId"":""oe:team:cd6b4265231d4ba346274357681c335"",""teamName"":""aNc Outplayed"",""playerAId"":""oe:player:3697b5086f8d4511f75070f95c95aae"",""playerBId"":""oe:player:ee3b248c3891b6a76a1d12d4ead39df"",""playerA"":""Faith"",""playerB"":""WeiZoR"",""stats"":{""eligible"":true,""n_games_total"":14.0,""n_games"":14.0,""n_days"":14.0,""mean_impact"":0.08956497,""shrunk_impact"":0.05224623,""ci_low"":-0.24940393,""ci_high"":0.3924665,""win_rate"":0.35714286}},""value"":0.05224623},{""row"":0,""col"":2,""kind"":""sparse"",""pair"":{""id"":""pair-a4d2dba583cf416c"",""teamId"":""oe:team:cd6b4265231d4ba346274357681c335"",""teamName"":""aNc Outplayed"",""playerAId"":""oe:player:1ac2ee65fd6df4e3bdb08fca90fded6"",""playerBId"":""oe:player:ee3b248c3891b6a76a1d12d4ead39df"",""playerA"":""Dream Maker"",""playerB"":""WeiZoR"",""stats"":{""eligible"":false,""n_games_total"":3.0,""n_games"":3.0,""n_days"":3.0,""mean_impact"":0.16940506,""shrunk_impact"":0.03909348,""ci_low"":-0.02759747,""ci_high"":0.16691623,""win_rate"":1.0}},""value"":0.03909348},{""row"":0,""col"":3,""kind"":""eligible"",""pair"":{""id"":""pair-bca3a2c78cb202b3"",""teamId"":""oe:team:cd6b4265231d4ba346274357681c335"",""teamName"":""aNc Outplayed"",""playerAId"":""oe:player:06f016d5551322d49fad225b21de646"",""playerBId"":""oe:player:ee3b248c3891b6a76a1d12d4ead39df"",""playerA"":""kehvo"",""playerB"":""WeiZoR"",""stats"":{""eligible"":true,""n_games_total"":14.0,""n_games"":14.0,""n_days"":14.0,""mean_impact"":0.22196946,""shrunk_impact"":0.12948218,""ci_low"":-0.08766757,""ci_high"":0.40844297,""win_rate"":0.35714286}},""value"":0.12948218},{""row"":0,""col"":4,""kind"":""eligible"",""pair"":{""id"":""pair-8f9e6ea55ca2e7a6"",""teamId"":""oe:team:cd6b4265231d4ba346274357681c335"",""teamName"":""aNc Outplayed"",""playerAId"":""oe:player:e58cdf8eba80387a09db24e165d7d1c"",""playerBId"":""oe:player:ee3b248c3891b6a76a1d12d4ead39df"",""playerA"":""S1D"",""playerB"":""WeiZoR"",""stats"":{""eligible"":true,""n_games_total"":14.0,""n_games"":14.0,""n_days"":14.0,""mean_impact"":-0.47214732,""shrunk_impact"":-0.27541927,""ci_low"":-0.4607338,""ci_high"":-0.01599552,""win_rate"":0.35714286}},""value"":-0.27541927},{""row"":1,""col"":0,""kind"":""eligible"",""pair"":{""id"":""pair-8209a1e666891572"",""teamId"":""oe:team:cd6b4265231d4ba346274357681c335"",""teamName"":""aNc Outplayed"",""playerAId"":""oe:player:3697b5086f8d4511f75070f95c95aae"",""playerBId"":""oe:player:ee3b248c3891b6a76a1d12d4ead39df"",""playerA"":""Faith"",""playerB"":""WeiZoR"",""stats"":{""eligible"":true,""n_games_total"":14.0,""n_games"":14.0,""n_days"":14.0,""mean_impact"":0.08956497,""shrunk_impact"":0.05224623,""ci_low"":-0.24940393,""ci_high"":0.3924665,""win_rate"":0.35714286}},""value"":0.05224623},{""row"":1,""col"":1,""kind"":""self"",""pair"":null,""value"":null},{""row"":1,""col"":2,""kind"":""sparse"",""pair"":{""id"":""pair-66d8673a7015cbff"",""teamId"":""oe:team:cd6b4265231d4ba346274357681c335"",""teamName"":""aNc Outplayed"",""playerAId"":""oe:player:1ac2ee65fd6df4e3bdb08fca90fded6"",""playerBId"":""oe:player:3697b5086f8d4511f75070f95c95aae"",""playerA"":""Dream Maker"",""playerB"":""Faith"",""stats"":{""eligible"":false,""n_games_total"":3.0,""n_games"":3.0,""n_days"":3.0,""mean_impact"":0.01051946,""shrunk_impact"":0.00242757,""ci_low"":-0.25062511,""ci_high"":0.32353803,""win_rate"":1.0}},""value"":0.00242757},{""row"":1,""col"":3,""kind"":""eligible"",""pair"":{""id"":""pair-1476d438d6ccf063"",""teamId"":""oe:team:cd6b4265231d4ba346274357681c335"",""teamName"":""aNc Outplayed"",""playerAId"":""oe:player:06f016d5551322d49fad225b21de646"",""playerBId"":""oe:player:3697b5086f8d4511f75070f95c95aae"",""playerA"":""kehvo"",""playerB"":""Faith"",""stats"":{""eligible"":true,""n_games_total"":14.0,""n_games"":14.0,""n_days"":14.0,""mean_impact"":0.06205379,""shrunk_impact"":0.03619804,""ci_low"":-0.17981518,""ci_high"":0.24867657,""win_rate"":0.35714286}},""value"":0.03619804},{""row"":1,""col"":4,""kind"":""eligible"",""pair"":{""id"":""pair-5c344f6f3400b78c"",""teamId"":""oe:team:cd6b4265231d4ba346274357681c335"",""teamName"":""aNc Outplayed"",""playerAId"":""oe:player:3697b5086f8d4511f75070f95c95aae"",""playerBId"":""oe:player:e58cdf8eba80387a09db24e165d7d1c"",""playerA"":""Faith"",""playerB"":""S1D"",""stats"":{""eligible"":true,""n_games_total"":14.0,""n_games"":14.0,""n_days"":14.0,""mean_impact"":-0.63206299,""shrunk_impact"":-0.36870341,""ci_low"":-0.57217641,""ci_high"":-0.18251222,""win_rate"":0.35714286}},""value"":-0.36870341},{""row"":2,""col"":0,""kind"":""sparse"",""pair"":{""id"":""pair-a4d2dba583cf416c"",""teamId"":""oe:team:cd6b4265231d4ba346274357681c335"",""teamName"":""aNc Outplayed"",""playerAId"":""oe:player:1ac2ee65fd6df4e3bdb08fca90fded6"",""playerBId"":""oe:player:ee3b248c3891b6a76a1d12d4ead39df"",""playerA"":""Dream Maker"",""playerB"":""WeiZoR"",""stats"":{""eligible"":false,""n_games_total"":3.0,""n_games"":3.0,""n_days"":3.0,""mean_impact"":0.16940506,""shrunk_impact"":0.03909348,""ci_low"":-0.02759747,""ci_high"":0.16691623,""win_rate"":1.0}},""value"":0.03909348},{""row"":2,""col"":1,""kind"":""sparse"",""pair"":{""id"":""pair-66d8673a7015cbff"",""teamId"":""oe:team:cd6b4265231d4ba346274357681c335"",""teamName"":""aNc Outplayed"",""playerAId"":""oe:player:1ac2ee65fd6df4e3bdb08fca90fded6"",""playerBId"":""oe:player:3697b5086f8d4511f75070f95c95aae"",""playerA"":""Dream Maker"",""playerB"":""Faith"",""stats"":{""eligible"":false,""n_games_total"":3.0,""n_games"":3.0,""n_days"":3.0,""mean_impact"":0.01051946,""shrunk_impact"":0.00242757,""ci_low"":-0.25062511,""ci_high"":0.32353803,""win_rate"":1.0}},""value"":0.00242757},{""row"":2,""col"":2,""kind"":""self"",""pair"":null,""value"":null},{""row"":2,""col"":3,""kind"":""sparse"",""pair"":{""id"":""pair-60d61c87671b932f"",""teamId"":""oe:team:cd6b4265231d4ba346274357681c335"",""teamName"":""aNc Outplayed"",""playerAId"":""oe:player:06f016d5551322d49fad225b21de646"",""playerBId"":""oe:player:1ac2ee65fd6df4e3bdb08fca90fded6"",""playerA"":""kehvo"",""playerB"":""Dream Maker"",""stats"":{""eligible"":false,""n_games_total"":3.0,""n_games"":3.0,""n_days"":3.0,""mean_impact"":-0.101758,""shrunk_impact"":-0.02348262,""ci_low"":-0.15601176,""ci_high"":0.10405209,""win_rate"":1.0}},""value"":-0.02348262},{""row"":2,""col"":4,""kind"":""sparse"",""pair"":{""id"":""pair-765376d5d1771b85"",""teamId"":""oe:team:cd6b4265231d4ba346274357681c335"",""teamName"":""aNc Outplayed"",""playerAId"":""oe:player:1ac2ee65fd6df4e3bdb08fca90fded6"",""playerBId"":""oe:player:e58cdf8eba80387a09db24e165d7d1c"",""playerA"":""Dream Maker"",""playerB"":""S1D"",""stats"":{""eligible"":false,""n_games_total"":3.0,""n_games"":3.0,""n_days"":3.0,""mean_impact"":-0.85540111,""shrunk_impact"":-0.19740026,""ci_low"":-0.30364427,""ci_high"":-0.0645738,""win_rate"":1.0}},""value"":-0.19740026},{""row"":3,""col"":0,""kind"":""eligible"",""pair"":{""id"":""pair-bca3a2c78cb202b3"",""teamId"":""oe:team:cd6b4265231d4ba346274357681c335"",""teamName"":""aNc Outplayed"",""playerAId"":""oe:player:06f016d5551322d49fad225b21de646"",""playerBId"":""oe:player:ee3b248c3891b6a76a1d12d4ead39df"",""playerA"":""kehvo"",""playerB"":""WeiZoR"",""stats"":{""eligible"":true,""n_games_total"":14.0,""n_games"":14.0,""n_days"":14.0,""mean_impact"":0.22196946,""shrunk_impact"":0.12948218,""ci_low"":-0.08766757,""ci_high"":0.40844297,""win_rate"":0.35714286}},""value"":0.12948218},{""row"":3,""col"":1,""kind"":""eligible"",""pair"":{""id"":""pair-1476d438d6ccf063"",""teamId"":""oe:team:cd6b4265231d4ba346274357681c335"",""teamName"":""aNc Outplayed"",""playerAId"":""oe:player:06f016d5551322d49fad225b21de646"",""playerBId"":""oe:player:3697b5086f8d4511f75070f95c95aae"",""playerA"":""kehvo"",""playerB"":""Faith"",""stats"":{""eligible"":true,""n_games_total"":14.0,""n_games"":14.0,""n_days"":14.0,""mean_impact"":0.06205379,""shrunk_impact"":0.03619804,""ci_low"":-0.17981518,""ci_high"":0.24867657,""win_rate"":0.35714286}},""value"":0.03619804},{""row"":3,""col"":2,""kind"":""sparse"",""pair"":{""id"":""pair-60d61c87671b932f"",""teamId"":""oe:team:cd6b4265231d4ba346274357681c335"",""teamName"":""aNc Outplayed"",""playerAId"":""oe:player:06f016d5551322d49fad225b21de646"",""playerBId"":""oe:player:1ac2ee65fd6df4e3bdb08fca90fded6"",""playerA"":""kehvo"",""playerB"":""Dream Maker"",""stats"":{""eligible"":false,""n_games_total"":3.0,""n_games"":3.0,""n_days"":3.0,""mean_impact"":-0.101758,""shrunk_impact"":-0.02348262,""ci_low"":-0.15601176,""ci_high"":0.10405209,""win_rate"":1.0}},""value"":-0.02348262},{""row"":3,""col"":3,""kind"":""self"",""pair"":null,""value"":null},{""row"":3,""col"":4,""kind"":""eligible"",""pair"":{""id"":""pair-9aea667efc306c67"",""teamId"":""oe:team:cd6b4265231d4ba346274357681c335"",""teamName"":""aNc Outplayed"",""playerAId"":""oe:player:06f016d5551322d49fad225b21de646"",""playerBId"":""oe:player:e58cdf8eba80387a09db24e165d7d1c"",""playerA"":""kehvo"",""playerB"":""S1D"",""stats"":{""eligible"":true,""n_games_total"":14.0,""n_games"":14.0,""n_days"":14.0,""mean_impact"":-0.4996585,""shrunk_impact"":-0.29146746,""ci_low"":-0.47579264,""ci_high"":-0.11326548,""win_rate"":0.35714286}},""value"":-0.29146746},{""row"":4,""col"":0,""kind"":""eligible"",""pair"":{""id"":""pair-8f9e6ea55ca2e7a6"",""teamId"":""oe:team:cd6b4265231d4ba346274357681c335"",""teamName"":""aNc Outplayed"",""playerAId"":""oe:player:e58cdf8eba80387a09db24e165d7d1c"",""playerBId"":""oe:player:ee3b248c3891b6a76a1d12d4ead39df"",""playerA"":""S1D"",""playerB"":""WeiZoR"",""stats"":{""eligible"":true,""n_games_total"":14.0,""n_games"":14.0,""n_days"":14.0,""mean_impact"":-0.47214732,""shrunk_impact"":-0.27541927,""ci_low"":-0.4607338,""ci_high"":-0.01599552,""win_rate"":0.35714286}},""value"":-0.27541927},{""row"":4,""col"":1,""kind"":""eligible"",""pair"":{""id"":""pair-5c344f6f3400b78c"",""teamId"":""oe:team:cd6b4265231d4ba346274357681c335"",""teamName"":""aNc Outplayed"",""playerAId"":""oe:player:3697b5086f8d4511f75070f95c95aae"",""playerBId"":""oe:player:e58cdf8eba80387a09db24e165d7d1c"",""playerA"":""Faith"",""playerB"":""S1D"",""stats"":{""eligible"":true,""n_games_total"":14.0,""n_games"":14.0,""n_days"":14.0,""mean_impact"":-0.63206299,""shrunk_impact"":-0.36870341,""ci_low"":-0.57217641,""ci_high"":-0.18251222,""win_rate"":0.35714286}},""value"":-0.36870341},{""row"":4,""col"":2,""kind"":""sparse"",""pair"":{""id"":""pair-765376d5d1771b85"",""teamId"":""oe:team:cd6b4265231d4ba346274357681c335"",""teamName"":""aNc Outplayed"",""playerAId"":""oe:player:1ac2ee65fd6df4e3bdb08fca90fded6"",""playerBId"":""oe:player:e58cdf8eba80387a09db24e165d7d1c"",""playerA"":""Dream Maker"",""playerB"":""S1D"",""stats"":{""eligible"":false,""n_games_total"":3.0,""n_games"":3.0,""n_days"":3.0,""mean_impact"":-0.85540111,""shrunk_impact"":-0.19740026,""ci_low"":-0.30364427,""ci_high"":-0.0645738,""win_rate"":1.0}},""value"":-0.19740026},{""row"":4,""col"":3,""kind"":""eligible"",""pair"":{""id"":""pair-9aea667efc306c67"",""teamId"":""oe:team:cd6b4265231d4ba346274357681c335"",""teamName"":""aNc Outplayed"",""playerAId"":""oe:player:06f016d5551322d49fad225b21de646"",""playerBId"":""oe:player:e58cdf8eba80387a09db24e165d7d1c"",""playerA"":""kehvo"",""playerB"":""S1D"",""stats"":{""eligible"":true,""n_games_total"":14.0,""n_games"":14.0,""n_days"":14.0,""mean_impact"":-0.4996585,""shrunk_impact"":-0.29146746,""ci_low"":-0.47579264,""ci_high"":-0.11326548,""win_rate"":0.35714286}},""value"":-0.29146746},{""row"":4,""col"":4,""kind"":""self"",""pair"":null,""value"":null}],""limit"":0.36870341,""hasEligiblePair"":true}"
lineup-1ed8f4d7706d6005,oe:team:7894460f171d66e8ffc149c05b056a8,Cyberground Gaming,2023,oe:player:ec596621f8c01e1b79c177346b4a158,NuQ,oe:player:a68581f40d30119bad63673b157e660,Velja,oe:player:c08f75d1d70bf068013b32f60fe96a5,Vigil,oe:player:99b95ef29b1e18c587457d79910c685,JaVaaa,oe:player:a5c70cdfcff6537d4af4e9204ad252c,Tinelli,4,0,0,,,,,False,,,,,,,,,,,,,,,,"{""version"":1,""players"":[{""id"":""oe:player:ec596621f8c01e1b79c177346b4a158"",""name"":""NuQ"",""role"":""top""},{""id"":""oe:player:a68581f40d30119bad63673b157e660"",""name"":""Velja"",""role"":""jng""},{""id"":""oe:player:c08f75d1d70bf068013b32f60fe96a5"",""name"":""Vigil"",""role"":""mid""},{""id"":""oe:player:99b95ef29b1e18c587457d79910c685"",""name"":""JaVaaa"",""role"":""bot""},{""id"":""oe:player:a5c70cdfcff6537d4af4e9204ad252c"",""name"":""Tinelli"",""role"":""sup""}],""cells"":[{""row"":0,""col"":0,""kind"":""self"",""pair"":null,""value"":null},{""row"":0,""col"":1,""kind"":""missing"",""pair"":{""id"":""pair-2e0f18bd6725316f"",""teamId"":""oe:team:7894460f171d66e8ffc149c05b056a8"",""teamName"":""Cyberground Gaming"",""playerAId"":""oe:player:a68581f40d30119bad63673b157e660"",""playerBId"":""oe:player:ec596621f8c01e1b79c177346b4a158"",""playerA"":""Velja"",""playerB"":""NuQ"",""stats"":{""eligible"":false,""n_games_total"":4.0,""n_games"":0.0,""n_days"":0.0,""mean_impact"":null,""shrunk_impact"":null,""ci_low"":null,""ci_high"":null,""win_rate"":null}},""value"":null},{""row"":0,""col"":2,""kind"":""missing"",""pair"":{""id"":""pair-3bb1b517811528b0"",""teamId"":""oe:team:7894460f171d66e8ffc149c05b056a8"",""teamName"":""Cyberground Gaming"",""playerAId"":""oe:player:c08f75d1d70bf068013b32f60fe96a5"",""playerBId"":""oe:player:ec596621f8c01e1b79c177346b4a158"",""playerA"":""Vigil"",""playerB"":""NuQ"",""stats"":{""eligible"":false,""n_games_total"":4.0,""n_games"":0.0,""n_days"":0.0,""mean_impact"":null,""shrunk_impact"":null,""ci_low"":null,""ci_high"":null,""win_rate"":null}},""value"":null},{""row"":0,""col"":3,""kind"":""missing"",""pair"":{""id"":""pair-87ee2d51f80bcad8"",""teamId"":""oe:team:7894460f171d66e8ffc149c05b056a8"",""teamName"":""Cyberground Gaming"",""playerAId"":""oe:player:99b95ef29b1e18c587457d79910c685"",""playerBId"":""oe:player:ec596621f8c01e1b79c177346b4a158"",""playerA"":""JaVaaa"",""playerB"":""NuQ"",""stats"":{""eligible"":false,""n_games_total"":4.0,""n_games"":0.0,""n_days"":0.0,""mean_impact"":null,""shrunk_impact"":null,""ci_low"":null,""ci_high"":null,""win_rate"":null}},""value"":null},{""row"":0,""col"":4,""kind"":""missing"",""pair"":{""id"":""pair-35f39f28b48a78e6"",""teamId"":""oe:team:7894460f171d66e8ffc149c05b056a8"",""teamName"":""Cyberground Gaming"",""playerAId"":""oe:player:a5c70cdfcff6537d4af4e9204ad252c"",""playerBId"":""oe:player:ec596621f8c01e1b79c177346b4a158"",""playerA"":""Tinelli"",""playerB"":""NuQ"",""stats"":{""eligible"":false,""n_games_total"":4.0,""n_games"":0.0,""n_days"":0.0,""mean_impact"":null,""shrunk_impact"":null,""ci_low"":null,""ci_high"":null,""win_rate"":null}},""value"":null},{""row"":1,""col"":0,""kind"":""missing"",""pair"":{""id"":""pair-2e0f18bd6725316f"",""teamId"":""oe:team:7894460f171d66e8ffc149c05b056a8"",""teamName"":""Cyberground Gaming"",""playerAId"":""oe:player:a68581f40d30119bad63673b157e660"",""playerBId"":""oe:player:ec596621f8c01e1b79c177346b4a158"",""playerA"":""Velja"",""playerB"":""NuQ"",""stats"":{""eligible"":false,""n_games_total"":4.0,""n_games"":0.0,""n_days"":0.0,""mean_impact"":null,""shrunk_impact"":null,""ci_low"":null,""ci_high"":null,""win_rate"":null}},""value"":null},{""row"":1,""col"":1,""kind"":""self"",""pair"":null,""value"":null},{""row"":1,""col"":2,""kind"":""missing"",""pair"":{""id"":""pair-4475d3370f1d5e34"",""teamId"":""oe:team:7894460f171d66e8ffc149c05b056a8"",""teamName"":""Cyberground Gaming"",""playerAId"":""oe:player:a68581f40d30119bad63673b157e660"",""playerBId"":""oe:player:c08f75d1d70bf068013b32f60fe96a5"",""playerA"":""Velja"",""playerB"":""Vigil"",""stats"":{""eligible"":false,""n_games_total"":6.0,""n_games"":0.0,""n_days"":0.0,""mean_impact"":null,""shrunk_impact"":null,""ci_low"":null,""ci_high"":null,""win_rate"":null}},""value"":null},{""row"":1,""col"":3,""kind"":""missing"",""pair"":{""id"":""pair-8e7f4111150ede75"",""teamId"":""oe:team:7894460f171d66e8ffc149c05b056a8"",""teamName"":""Cyberground Gaming"",""playerAId"":""oe:player:99b95ef29b1e18c587457d79910c685"",""playerBId"":""oe:player:a68581f40d30119bad63673b157e660"",""playerA"":""JaVaaa"",""playerB"":""Velja"",""stats"":{""eligible"":false,""n_games_total"":6.0,""n_games"":0.0,""n_days"":0.0,""mean_impact"":null,""shrunk_impact"":null,""ci_low"":null,""ci_high"":null,""win_rate"":null}},""value"":null},{""row"":1,""col"":4,""kind"":""missing"",""pair"":{""id"":""pair-16411c550a69ef0f"",""teamId"":""oe:team:7894460f171d66e8ffc149c05b056a8"",""teamName"":""Cyberground Gaming"",""playerAId"":""oe:player:a5c70cdfcff6537d4af4e9204ad252c"",""playerBId"":""oe:player:a68581f40d30119bad63673b157e660"",""playerA"":""Tinelli"",""playerB"":""Velja"",""stats"":{""eligible"":false,""n_games_total"":6.0,""n_games"":0.0,""n_days"":0.0,""mean_impact"":null,""shrunk_impact"":null,""ci_low"":null,""ci_high"":null,""win_rate"":null}},""value"":null},{""row"":2,""col"":0,""kind"":""missing"",""pair"":{""id"":""pair-3bb1b517811528b0"",""teamId"":""oe:team:7894460f171d66e8ffc149c05b056a8"",""teamName"":""Cyberground Gaming"",""playerAId"":""oe:player:c08f75d1d70bf068013b32f60fe96a5"",""playerBId"":""oe:player:ec596621f8c01e1b79c177346b4a158"",""playerA"":""Vigil"",""playerB"":""NuQ"",""stats"":{""eligible"":false,""n_games_total"":4.0,""n_games"":0.0,""n_days"":0.0,""mean_impact"":null,""shrunk_impact"":null,""ci_low"":null,""ci_high"":null,""win_rate"":null}},""value"":null},{""row"":2,""col"":1,""kind"":""missing"",""pair"":{""id"":""pair-4475d3370f1d5e34"",""teamId"":""oe:team:7894460f171d66e8ffc149c05b056a8"",""teamName"":""Cyberground Gaming"",""playerAId"":""oe:player:a68581f40d30119bad63673b157e660"",""playerBId"":""oe:player:c08f75d1d70bf068013b32f60fe96a5"",""playerA"":""Velja"",""playerB"":""Vigil"",""stats"":{""eligible"":false,""n_games_total"":6.0,""n_games"":0.0,""n_days"":0.0,""mean_impact"":null,""shrunk_impact"":null,""ci_low"":null,""ci_high"":null,""win_rate"":null}},""value"":null},{""row"":2,""col"":2,""kind"":""self"",""pair"":null,""value"":null},{""row"":2,""col"":3,""kind"":""sparse"",""pair"":{""id"":""pair-edf465064a97d37c"",""teamId"":""oe:team:7894460f171d66e8ffc149c05b056a8"",""teamName"":""Cyberground Gaming"",""playerAId"":""oe:player:99b95ef29b1e18c587457d79910c685"",""playerBId"":""oe:player:c08f75d1d70bf068013b32f60fe96a5"",""playerA"":""JaVaaa"",""playerB"":""Vigil"",""stats"":{""eligible"":false,""n_games_total"":13.0,""n_games"":6.0,""n_days"":6.0,""mean_impact"":-0.40413913,""shrunk_impact"":-0.15155217,""ci_low"":-0.30204631,""ci_high"":0.04950864,""win_rate"":0.16666667}},""value"":-0.15155217},{""row"":2,""col"":4,""kind"":""sparse"",""pair"":{""id"":""pair-51593667434d5466"",""teamId"":""oe:team:7894460f171d66e8ffc149c05b056a8"",""teamName"":""Cyberground Gaming"",""playerAId"":""oe:player:a5c70cdfcff6537d4af4e9204ad252c"",""playerBId"":""oe:player:c08f75d1d70bf068013b32f60fe96a5"",""playerA"":""Tinelli"",""playerB"":""Vigil"",""stats"":{""eligible"":false,""n_games_total"":13.0,""n_games"":6.0,""n_days"":6.0,""mean_impact"":-1.0083298,""shrunk_impact"":-0.37812368,""ci_low"":-0.46164365,""ci_high"":-0.28824005,""win_rate"":0.16666667}},""value"":-0.37812368},{""row"":3,""col"":0,""kind"":""missing"",""pair"":{""id"":""pair-87ee2d51f80bcad8"",""teamId"":""oe:team:7894460f171d66e8ffc149c05b056a8"",""teamName"":""Cyberground Gaming"",""playerAId"":""oe:player:99b95ef29b1e18c587457d79910c685"",""playerBId"":""oe:player:ec596621f8c01e1b79c177346b4a158"",""playerA"":""JaVaaa"",""playerB"":""NuQ"",""stats"":{""eligible"":false,""n_games_total"":4.0,""n_games"":0.0,""n_days"":0.0,""mean_impact"":null,""shrunk_impact"":null,""ci_low"":null,""ci_high"":null,""win_rate"":null}},""value"":null},{""row"":3,""col"":1,""kind"":""missing"",""pair"":{""id"":""pair-8e7f4111150ede75"",""teamId"":""oe:team:7894460f171d66e8ffc149c05b056a8"",""teamName"":""Cyberground Gaming"",""playerAId"":""oe:player:99b95ef29b1e18c587457d79910c685"",""playerBId"":""oe:player:a68581f40d30119bad63673b157e660"",""playerA"":""JaVaaa"",""playerB"":""Velja"",""stats"":{""eligible"":false,""n_games_total"":6.0,""n_games"":0.0,""n_days"":0.0,""mean_impact"":null,""shrunk_impact"":null,""ci_low"":null,""ci_high"":null,""win_rate"":null}},""value"":null},{""row"":3,""col"":2,""kind"":""sparse"",""pair"":{""id"":""pair-edf465064a97d37c"",""teamId"":""oe:team:7894460f171d66e8ffc149c05b056a8"",""teamName"":""Cyberground Gaming"",""playerAId"":""oe:player:99b95ef29b1e18c587457d79910c685"",""playerBId"":""oe:player:c08f75d1d70bf068013b32f60fe96a5"",""playerA"":""JaVaaa"",""playerB"":""Vigil"",""stats"":{""eligible"":false,""n_games_total"":13.0,""n_games"":6.0,""n_days"":6.0,""mean_impact"":-0.40413913,""shrunk_impact"":-0.15155217,""ci_low"":-0.30204631,""ci_high"":0.04950864,""win_rate"":0.16666667}},""value"":-0.15155217},{""row"":3,""col"":3,""kind"":""self"",""pair"":null,""value"":null},{""row"":3,""col"":4,""kind"":""sparse"",""pair"":{""id"":""pair-b40ea8fab4da5e61"",""teamId"":""oe:team:7894460f171d66e8ffc149c05b056a8"",""teamName"":""Cyberground Gaming"",""playerAId"":""oe:player:99b95ef29b1e18c587457d79910c685"",""playerBId"":""oe:player:a5c70cdfcff6537d4af4e9204ad252c"",""playerA"":""JaVaaa"",""playerB"":""Tinelli"",""stats"":{""eligible"":false,""n_games_total"":13.0,""n_games"":6.0,""n_days"":6.0,""mean_impact"":-0.79639623,""shrunk_impact"":-0.29864859,""ci_low"":-0.47669831,""ci_high"":-0.10564778,""win_rate"":0.16666667}},""value"":-0.29864859},{""row"":4,""col"":0,""kind"":""missing"",""pair"":{""id"":""pair-35f39f28b48a78e6"",""teamId"":""oe:team:7894460f171d66e8ffc149c05b056a8"",""teamName"":""Cyberground Gaming"",""playerAId"":""oe:player:a5c70cdfcff6537d4af4e9204ad252c"",""playerBId"":""oe:player:ec596621f8c01e1b79c177346b4a158"",""playerA"":""Tinelli"",""playerB"":""NuQ"",""stats"":{""eligible"":false,""n_games_total"":4.0,""n_games"":0.0,""n_days"":0.0,""mean_impact"":null,""shrunk_impact"":null,""ci_low"":null,""ci_high"":null,""win_rate"":null}},""value"":null},{""row"":4,""col"":1,""kind"":""missing"",""pair"":{""id"":""pair-16411c550a69ef0f"",""teamId"":""oe:team:7894460f171d66e8ffc149c05b056a8"",""teamName"":""Cyberground Gaming"",""playerAId"":""oe:player:a5c70cdfcff6537d4af4e9204ad252c"",""playerBId"":""oe:player:a68581f40d30119bad63673b157e660"",""playerA"":""Tinelli"",""playerB"":""Velja"",""stats"":{""eligible"":false,""n_games_total"":6.0,""n_games"":0.0,""n_days"":0.0,""mean_impact"":null,""shrunk_impact"":null,""ci_low"":null,""ci_high"":null,""win_rate"":null}},""value"":null},{""row"":4,""col"":2,""kind"":""sparse"",""pair"":{""id"":""pair-51593667434d5466"",""teamId"":""oe:team:7894460f171d66e8ffc149c05b056a8"",""teamName"":""Cyberground Gaming"",""playerAId"":""oe:player:a5c70cdfcff6537d4af4e9204ad252c"",""playerBId"":""oe:player:c08f75d1d70bf068013b32f60fe96a5"",""playerA"":""Tinelli"",""playerB"":""Vigil"",""stats"":{""eligible"":false,""n_games_total"":13.0,""n_games"":6.0,""n_days"":6.0,""mean_impact"":-1.0083298,""shrunk_impact"":-0.37812368,""ci_low"":-0.46164365,""ci_high"":-0.28824005,""win_rate"":0.16666667}},""value"":-0.37812368},{""row"":4,""col"":3,""kind"":""sparse"",""pair"":{""id"":""pair-b40ea8fab4da5e61"",""teamId"":""oe:team:7894460f171d66e8ffc149c05b056a8"",""teamName"":""Cyberground Gaming"",""playerAId"":""oe:player:99b95ef29b1e18c587457d79910c685"",""playerBId"":""oe:player:a5c70cdfcff6537d4af4e9204ad252c"",""playerA"":""JaVaaa"",""playerB"":""Tinelli"",""stats"":{""eligible"":false,""n_games_total"":13.0,""n_games"":6.0,""n_days"":6.0,""mean_impact"":-0.79639623,""shrunk_impact"":-0.29864859,""ci_low"":-0.47669831,""ci_high"":-0.10564778,""win_rate"":0.16666667}},""value"":-0.29864859},{""row"":4,""col"":4,""kind"":""self"",""pair"":null,""value"":null}],""limit"":0.37812368,""hasEligiblePair"":false}"
lineup-22694922d2123d1e,oe:team:7894460f171d66e8ffc149c05b056a8,Cyberground Gaming,2023,oe:player:b70546af050c6dc68402812a5cf17f8,ImTheTitan,oe:player:27b383e6eed837ff756c825f9e11468,Gabbo,oe:player:369527480223407c4bc2a0f8f1c3437,Crocomux,oe:player:2120baa196033069d0f850af69a0853,BlackVodka,oe:player:96780e8959ce77ff5cfce9a491e7f22,Banino,3,3,3,0.47018108,0.10850333,-0.12232204,0.26874897,False,0.66666667,564.21179357,1.30459825,0.20654251,0.22081376,0.19248269,0.20376346,0.21997182,0.22523415,0.21747634,0.23023217,0.22756072,0.24592558,0.14250842,0.09484465,"{""version"":1,""players"":[{""id"":""oe:player:b70546af050c6dc68402812a5cf17f8"",""name"":""ImTheTitan"",""role"":""top""},{""id"":""oe:player:27b383e6eed837ff756c825f9e11468"",""name"":""Gabbo"",""role"":""jng""},{""id"":""oe:player:369527480223407c4bc2a0f8f1c3437"",""name"":""Crocomux"",""role"":""mid""},{""id"":""oe:player:2120baa196033069d0f850af69a0853"",""name"":""BlackVodka"",""role"":""bot""},{""id"":""oe:player:96780e8959ce77ff5cfce9a491e7f22"",""name"":""Banino"",""role"":""sup""}],""cells"":[{""row"":0,""col"":0,""kind"":""self"",""pair"":null,""value"":null},{""row"":0,""col"":1,""kind"":""sparse"",""pair"":{""id"":""pair-e256e3ed542983f0"",""teamId"":""oe:team:7894460f171d66e8ffc149c05b056a8"",""teamName"":""Cyberground Gaming"",""playerAId"":""oe:player:27b383e6eed837ff756c825f9e11468"",""playerBId"":""oe:player:b70546af050c6dc68402812a5cf17f8"",""playerA"":""Gabbo"",""playerB"":""ImTheTitan"",""stats"":{""eligible"":false,""n_games_total"":3.0,""n_games"":3.0,""n_days"":3.0,""mean_impact"":0.57955483,""shrunk_impact"":0.13374342,""ci_low"":-0.05635843,""ci_high"":0.28461527,""win_rate"":0.66666667}},""value"":0.13374342},{""row"":0,""col"":2,""kind"":""sparse"",""pair"":{""id"":""pair-b60919e1c4f4e661"",""teamId"":""oe:team:7894460f171d66e8ffc149c05b056a8"",""teamName"":""Cyberground Gaming"",""playerAId"":""oe:player:369527480223407c4bc2a0f8f1c3437"",""playerBId"":""oe:player:b70546af050c6dc68402812a5cf17f8"",""playerA"":""Crocomux"",""playerB"":""ImTheTitan"",""stats"":{""eligible"":false,""n_games_total"":6.0,""n_games"":6.0,""n_days"":5.0,""mean_impact"":-0.10474695,""shrunk_impact"":-0.03928011,""ci_low"":-0.20427372,""ci_high"":0.15773164,""win_rate"":0.33333333}},""value"":-0.03928011},{""row"":0,""col"":3,""kind"":""sparse"",""pair"":{""id"":""pair-ad58e7d6f24fa376"",""teamId"":""oe:team:7894460f171d66e8ffc149c05b056a8"",""teamName"":""Cyberground Gaming"",""playerAId"":""oe:player:2120baa196033069d0f850af69a0853"",""playerBId"":""oe:player:b70546af050c6dc68402812a5cf17f8"",""playerA"":""BlackVodka"",""playerB"":""ImTheTitan"",""stats"":{""eligible"":false,""n_games_total"":6.0,""n_games"":6.0,""n_days"":5.0,""mean_impact"":0.02153624,""shrunk_impact"":0.00807609,""ci_low"":-0.22294665,""ci_high"":0.2359942,""win_rate"":0.33333333}},""value"":0.00807609},{""row"":0,""col"":4,""kind"":""sparse"",""pair"":{""id"":""pair-145a74255909cf7d"",""teamId"":""oe:team:7894460f171d66e8ffc149c05b056a8"",""teamName"":""Cyberground Gaming"",""playerAId"":""oe:player:96780e8959ce77ff5cfce9a491e7f22"",""playerBId"":""oe:player:b70546af050c6dc68402812a5cf17f8"",""playerA"":""Banino"",""playerB"":""ImTheTitan"",""stats"":{""eligible"":false,""n_games_total"":4.0,""n_games"":4.0,""n_days"":4.0,""mean_impact"":0.09332362,""shrunk_impact"":0.02666389,""ci_low"":-0.1438492,""ci_high"":0.19717698,""win_rate"":0.5}},""value"":0.02666389},{""row"":1,""col"":0,""kind"":""sparse"",""pair"":{""id"":""pair-e256e3ed542983f0"",""teamId"":""oe:team:7894460f171d66e8ffc149c05b056a8"",""teamName"":""Cyberground Gaming"",""playerAId"":""oe:player:27b383e6eed837ff756c825f9e11468"",""playerBId"":""oe:player:b70546af050c6dc68402812a5cf17f8"",""playerA"":""Gabbo"",""playerB"":""ImTheTitan"",""stats"":{""eligible"":false,""n_games_total"":3.0,""n_games"":3.0,""n_days"":3.0,""mean_impact"":0.57955483,""shrunk_impact"":0.13374342,""ci_low"":-0.05635843,""ci_high"":0.28461527,""win_rate"":0.66666667}},""value"":0.13374342},{""row"":1,""col"":1,""kind"":""self"",""pair"":null,""value"":null},{""row"":1,""col"":2,""kind"":""sparse"",""pair"":{""id"":""pair-94f0f411b490ce3f"",""teamId"":""oe:team:7894460f171d66e8ffc149c05b056a8"",""teamName"":""Cyberground Gaming"",""playerAId"":""oe:player:27b383e6eed837ff756c825f9e11468"",""playerBId"":""oe:player:369527480223407c4bc2a0f8f1c3437"",""playerA"":""Gabbo"",""playerB"":""Crocomux"",""stats"":{""eligible"":false,""n_games_total"":3.0,""n_games"":3.0,""n_days"":3.0,""mean_impact"":0.63643214,""shrunk_impact"":0.14686896,""ci_low"":-0.06294496,""ci_high"":0.3916681,""win_rate"":0.66666667}},""value"":0.14686896},{""row"":1,""col"":3,""kind"":""sparse"",""pair"":{""id"":""pair-53da5752dbbfc85e"",""teamId"":""oe:team:7894460f171d66e8ffc149c05b056a8"",""teamName"":""Cyberground Gaming"",""playerAId"":""oe:player:2120baa196033069d0f850af69a0853"",""playerBId"":""oe:player:27b383e6eed837ff756c825f9e11468"",""playerA"":""BlackVodka"",""playerB"":""Gabbo"",""stats"":{""eligible"":false,""n_games_total"":3.0,""n_games"":3.0,""n_days"":3.0,""mean_impact"":0.71518723,""shrunk_impact"":0.16504321,""ci_low"":-0.13902734,""ci_high"":0.35882324,""win_rate"":0.66666667}},""value"":0.16504321},{""row"":1,""col"":4,""kind"":""sparse"",""pair"":{""id"":""pair-237a6b20749bba99"",""teamId"":""oe:team:7894460f171d66e8ffc149c05b056a8"",""teamName"":""Cyberground Gaming"",""playerAId"":""oe:player:27b383e6eed837ff756c825f9e11468"",""playerBId"":""oe:player:96780e8959ce77ff5cfce9a491e7f22"",""playerA"":""Gabbo"",""playerB"":""Banino"",""stats"":{""eligible"":false,""n_games_total"":3.0,""n_games"":3.0,""n_days"":3.0,""mean_impact"":0.71816829,""shrunk_impact"":0.16573114,""ci_low"":-0.03702533,""ci_high"":0.35676602,""win_rate"":0.66666667}},""value"":0.16573114},{""row"":2,""col"":0,""kind"":""sparse"",""pair"":{""id"":""pair-b60919e1c4f4e661"",""teamId"":""oe:team:7894460f171d66e8ffc149c05b056a8"",""teamName"":""Cyberground Gaming"",""playerAId"":""oe:player:369527480223407c4bc2a0f8f1c3437"",""playerBId"":""oe:player:b70546af050c6dc68402812a5cf17f8"",""playerA"":""Crocomux"",""playerB"":""ImTheTitan"",""stats"":{""eligible"":false,""n_games_total"":6.0,""n_games"":6.0,""n_days"":5.0,""mean_impact"":-0.10474695,""shrunk_impact"":-0.03928011,""ci_low"":-0.20427372,""ci_high"":0.15773164,""win_rate"":0.33333333}},""value"":-0.03928011},{""row"":2,""col"":1,""kind"":""sparse"",""pair"":{""id"":""pair-94f0f411b490ce3f"",""teamId"":""oe:team:7894460f171d66e8ffc149c05b056a8"",""teamName"":""Cyberground Gaming"",""playerAId"":""oe:player:27b383e6eed837ff756c825f9e11468"",""playerBId"":""oe:player:369527480223407c4bc2a0f8f1c3437"",""playerA"":""Gabbo"",""playerB"":""Crocomux"",""stats"":{""eligible"":false,""n_games_total"":3.0,""n_games"":3.0,""n_days"":3.0,""mean_impact"":0.63643214,""shrunk_impact"":0.14686896,""ci_low"":-0.06294496,""ci_high"":0.3916681,""win_rate"":0.66666667}},""value"":0.14686896},{""row"":2,""col"":2,""kind"":""self"",""pair"":null,""value"":null},{""row"":2,""col"":3,""kind"":""sparse"",""pair"":{""id"":""pair-ad4807293225a2a2"",""teamId"":""oe:team:7894460f171d66e8ffc149c05b056a8"",""teamName"":""Cyberground Gaming"",""playerAId"":""oe:player:2120baa196033069d0f850af69a0853"",""playerBId"":""oe:player:369527480223407c4bc2a0f8f1c3437"",""playerA"":""BlackVodka"",""playerB"":""Crocomux"",""stats"":{""eligible"":false,""n_games_total"":6.0,""n_games"":6.0,""n_days"":5.0,""mean_impact"":0.02805918,""shrunk_impact"":0.01052219,""ci_low"":-0.21511995,""ci_high"":0.25885017,""win_rate"":0.33333333}},""value"":0.01052219},{""row"":2,""col"":4,""kind"":""sparse"",""pair"":{""id"":""pair-28592c4b8a593971"",""teamId"":""oe:team:7894460f171d66e8ffc149c05b056a8"",""teamName"":""Cyberground Gaming"",""playerAId"":""oe:player:369527480223407c4bc2a0f8f1c3437"",""playerBId"":""oe:player:96780e8959ce77ff5cfce9a491e7f22"",""playerA"":""Crocomux"",""playerB"":""Banino"",""stats"":{""eligible"":false,""n_games_total"":4.0,""n_games"":4.0,""n_days"":4.0,""mean_impact"":0.1982648,""shrunk_impact"":0.05664709,""ci_low"":-0.11233617,""ci_high"":0.22619138,""win_rate"":0.5}},""value"":0.05664709},{""row"":3,""col"":0,""kind"":""sparse"",""pair"":{""id"":""pair-ad58e7d6f24fa376"",""teamId"":""oe:team:7894460f171d66e8ffc149c05b056a8"",""teamName"":""Cyberground Gaming"",""playerAId"":""oe:player:2120baa196033069d0f850af69a0853"",""playerBId"":""oe:player:b70546af050c6dc68402812a5cf17f8"",""playerA"":""BlackVodka"",""playerB"":""ImTheTitan"",""stats"":{""eligible"":false,""n_games_total"":6.0,""n_games"":6.0,""n_days"":5.0,""mean_impact"":0.02153624,""shrunk_impact"":0.00807609,""ci_low"":-0.22294665,""ci_high"":0.2359942,""win_rate"":0.33333333}},""value"":0.00807609},{""row"":3,""col"":1,""kind"":""sparse"",""pair"":{""id"":""pair-53da5752dbbfc85e"",""teamId"":""oe:team:7894460f171d66e8ffc149c05b056a8"",""teamName"":""Cyberground Gaming"",""playerAId"":""oe:player:2120baa196033069d0f850af69a0853"",""playerBId"":""oe:player:27b383e6eed837ff756c825f9e11468"",""playerA"":""BlackVodka"",""playerB"":""Gabbo"",""stats"":{""eligible"":false,""n_games_total"":3.0,""n_games"":3.0,""n_days"":3.0,""mean_impact"":0.71518723,""shrunk_impact"":0.16504321,""ci_low"":-0.13902734,""ci_high"":0.35882324,""win_rate"":0.66666667}},""value"":0.16504321},{""row"":3,""col"":2,""kind"":""sparse"",""pair"":{""id"":""pair-ad4807293225a2a2"",""teamId"":""oe:team:7894460f171d66e8ffc149c05b056a8"",""teamName"":""Cyberground Gaming"",""playerAId"":""oe:player:2120baa196033069d0f850af69a0853"",""playerBId"":""oe:player:369527480223407c4bc2a0f8f1c3437"",""playerA"":""BlackVodka"",""playerB"":""Crocomux"",""stats"":{""eligible"":false,""n_games_total"":6.0,""n_games"":6.0,""n_days"":5.0,""mean_impact"":0.02805918,""shrunk_impact"":0.01052219,""ci_low"":-0.21511995,""ci_high"":0.25885017,""win_rate"":0.33333333}},""value"":0.01052219},{""row"":3,""col"":3,""kind"":""self"",""pair"":null,""value"":null},{""row"":3,""col"":4,""kind"":""sparse"",""pair"":{""id"":""pair-3e14508548092ffc"",""teamId"":""oe:team:7894460f171d66e8ffc149c05b056a8"",""teamName"":""Cyberground Gaming"",""playerAId"":""oe:player:2120baa196033069d0f850af69a0853"",""playerBId"":""oe:player:96780e8959ce77ff5cfce9a491e7f22"",""playerA"":""BlackVodka"",""playerB"":""Banino"",""stats"":{""eligible"":false,""n_games_total"":4.0,""n_games"":4.0,""n_days"":4.0,""mean_impact"":0.23329407,""shrunk_impact"":0.06665545,""ci_low"":-0.17317024,""ci_high"":0.30648114,""win_rate"":0.5}},""value"":0.06665545},{""row"":4,""col"":0,""kind"":""sparse"",""pair"":{""id"":""pair-145a74255909cf7d"",""teamId"":""oe:team:7894460f171d66e8ffc149c05b056a8"",""teamName"":""Cyberground Gaming"",""playerAId"":""oe:player:96780e8959ce77ff5cfce9a491e7f22"",""playerBId"":""oe:player:b70546af050c6dc68402812a5cf17f8"",""playerA"":""Banino"",""playerB"":""ImTheTitan"",""stats"":{""eligible"":false,""n_games_total"":4.0,""n_games"":4.0,""n_days"":4.0,""mean_impact"":0.09332362,""shrunk_impact"":0.02666389,""ci_low"":-0.1438492,""ci_high"":0.19717698,""win_rate"":0.5}},""value"":0.02666389},{""row"":4,""col"":1,""kind"":""sparse"",""pair"":{""id"":""pair-237a6b20749bba99"",""teamId"":""oe:team:7894460f171d66e8ffc149c05b056a8"",""teamName"":""Cyberground Gaming"",""playerAId"":""oe:player:27b383e6eed837ff756c825f9e11468"",""playerBId"":""oe:player:96780e8959ce77ff5cfce9a491e7f22"",""playerA"":""Gabbo"",""playerB"":""Banino"",""stats"":{""eligible"":false,""n_games_total"":3.0,""n_games"":3.0,""n_days"":3.0,""mean_impact"":0.71816829,""shrunk_impact"":0.16573114,""ci_low"":-0.03702533,""ci_high"":0.35676602,""win_rate"":0.66666667}},""value"":0.16573114},{""row"":4,""col"":2,""kind"":""sparse"",""pair"":{""id"":""pair-28592c4b8a593971"",""teamId"":""oe:team:7894460f171d66e8ffc149c05b056a8"",""teamName"":""Cyberground Gaming"",""playerAId"":""oe:player:369527480223407c4bc2a0f8f1c3437"",""playerBId"":""oe:player:96780e8959ce77ff5cfce9a491e7f22"",""playerA"":""Crocomux"",""playerB"":""Banino"",""stats"":{""eligible"":false,""n_games_total"":4.0,""n_games"":4.0,""n_days"":4.0,""mean_impact"":0.1982648,""shrunk_impact"":0.05664709,""ci_low"":-0.11233617,""ci_high"":0.22619138,""win_rate"":0.5}},""value"":0.05664709},{""row"":4,""col"":3,""kind"":""sparse"",""pair"":{""id"":""pair-3e14508548092ffc"",""teamId"":""oe:team:7894460f171d66e8ffc149c05b056a8"",""teamName"":""Cyberground Gaming"",""playerAId"":""oe:player:2120baa196033069d0f850af69a0853"",""playerBId"":""oe:player:96780e8959ce77ff5cfce9a491e7f22"",""playerA"":""BlackVodka"",""playerB"":""Banino"",""stats"":{""eligible"":false,""n_games_total"":4.0,""n_games"":4.0,""n_days"":4.0,""mean_impact"":0.23329407,""shrunk_impact"":0.06665545,""ci_low"":-0.17317024,""ci_high"":0.30648114,""win_rate"":0.5}},""value"":0.06665545},{""row"":4,""col"":4,""kind"":""self"",""pair"":null,""value"":null}],""limit"":0.16573114,""hasEligiblePair"":false}"
lineup-263424a5b497d152,oe:team:3e3ca0895ded506fd637e723d6ae2a1,DSYRE,2023,oe:player:9db3f170213f562a9613fe4f99d7dfa,Empyros,oe:player:cbe20c64274a87a21e5bdac1ccc3e77,Rhilech,oe:player:be877a261fb0c3a320db45091bdefec,XoNix,oe:player:d47955c8bc06bf316f24ee15d45407b,Aetinoth,oe:player:6b9f3420febdbc475dd3c1e4e0bcb5e,Nash,39,39,25,0.13720788,0.10920627,-0.03631774,0.26085132,True,0.64102564,504.81284684,1.41945406,0.20809608,0.24442060,0.22114664,0.23543527,0.19850136,0.17787743,0.21565663,0.25372973,0.23267590,0.26264923,0.13201947,0.07030833,"{""version"":1,""players"":[{""id"":""oe:player:9db3f170213f562a9613fe4f99d7dfa"",""name"":""Empyros"",""role"":""top""},{""id"":""oe:player:cbe20c64274a87a21e5bdac1ccc3e77"",""name"":""Rhilech"",""role"":""jng""},{""id"":""oe:player:be877a261fb0c3a320db45091bdefec"",""name"":""XoNix"",""role"":""mid""},{""id"":""oe:player:d47955c8bc06bf316f24ee15d45407b"",""name"":""Aetinoth"",""role"":""bot""},{""id"":""oe:player:6b9f3420febdbc475dd3c1e4e0bcb5e"",""name"":""Nash"",""role"":""sup""}],""cells"":[{""row"":0,""col"":0,""kind"":""self"",""pair"":null,""value"":null},{""row"":0,""col"":1,""kind"":""eligible"",""pair"":{""id"":""pair-872d88706996d134"",""teamId"":""oe:team:3e3ca0895ded506fd637e723d6ae2a1"",""teamName"":""DSYRE"",""playerAId"":""oe:player:9db3f170213f562a9613fe4f99d7dfa"",""playerBId"":""oe:player:cbe20c64274a87a21e5bdac1ccc3e77"",""playerA"":""Empyros"",""playerB"":""Rhilech"",""stats"":{""eligible"":true,""n_games_total"":61.0,""n_games"":54.0,""n_days"":34.0,""mean_impact"":0.23982055,""shrunk_impact"":0.20234859,""ci_low"":0.0197943,""ci_high"":0.36353818,""win_rate"":0.61111111}},""value"":0.20234859},{""row"":0,""col"":2,""kind"":""eligible"",""pair"":{""id"":""pair-c464554262f61aae"",""teamId"":""oe:team:3e3ca0895ded506fd637e723d6ae2a1"",""teamName"":""DSYRE"",""playerAId"":""oe:player:9db3f170213f562a9613fe4f99d7dfa"",""playerBId"":""oe:player:be877a261fb0c3a320db45091bdefec"",""playerA"":""Empyros"",""playerB"":""XoNix"",""stats"":{""eligible"":true,""n_games_total"":61.0,""n_games"":54.0,""n_days"":34.0,""mean_impact"":0.30202163,""shrunk_impact"":0.25483075,""ci_low"":0.10169724,""ci_high"":0.41018227,""win_rate"":0.61111111}},""value"":0.25483075},{""row"":0,""col"":3,""kind"":""eligible"",""pair"":{""id"":""pair-01375e4265fe06f9"",""teamId"":""oe:team:3e3ca0895ded506fd637e723d6ae2a1"",""teamName"":""DSYRE"",""playerAId"":""oe:player:9db3f170213f562a9613fe4f99d7dfa"",""playerBId"":""oe:player:d47955c8bc06bf316f24ee15d45407b"",""playerA"":""Empyros"",""playerB"":""Aetinoth"",""stats"":{""eligible"":true,""n_games_total"":61.0,""n_games"":54.0,""n_days"":34.0,""mean_impact"":0.30027931,""shrunk_impact"":0.25336067,""ci_low"":0.0919803,""ci_high"":0.41995079,""win_rate"":0.61111111}},""value"":0.25336067},{""row"":0,""col"":4,""kind"":""eligible"",""pair"":{""id"":""pair-806b83944b809ce1"",""teamId"":""oe:team:3e3ca0895ded506fd637e723d6ae2a1"",""teamName"":""DSYRE"",""playerAId"":""oe:player:6b9f3420febdbc475dd3c1e4e0bcb5e"",""playerBId"":""oe:player:9db3f170213f562a9613fe4f99d7dfa"",""playerA"":""Nash"",""playerB"":""Empyros"",""stats"":{""eligible"":true,""n_games_total"":39.0,""n_games"":39.0,""n_days"":25.0,""mean_impact"":0.00913956,""shrunk_impact"":0.00727434,""ci_low"":-0.15218037,""ci_high"":0.15688333,""win_rate"":0.64102564}},""value"":0.00727434},{""row"":1,""col"":0,""kind"":""eligible"",""pair"":{""id"":""pair-872d88706996d134"",""teamId"":""oe:team:3e3ca0895ded506fd637e723d6ae2a1"",""teamName"":""DSYRE"",""playerAId"":""oe:player:9db3f170213f562a9613fe4f99d7dfa"",""playerBId"":""oe:player:cbe20c64274a87a21e5bdac1ccc3e77"",""playerA"":""Empyros"",""playerB"":""Rhilech"",""stats"":{""eligible"":true,""n_games_total"":61.0,""n_games"":54.0,""n_days"":34.0,""mean_impact"":0.23982055,""shrunk_impact"":0.20234859,""ci_low"":0.0197943,""ci_high"":0.36353818,""win_rate"":0.61111111}},""value"":0.20234859},{""row"":1,""col"":1,""kind"":""self"",""pair"":null,""value"":null},{""row"":1,""col"":2,""kind"":""eligible"",""pair"":{""id"":""pair-628eacb753a0449b"",""teamId"":""oe:team:3e3ca0895ded506fd637e723d6ae2a1"",""teamName"":""DSYRE"",""playerAId"":""oe:player:be877a261fb0c3a320db45091bdefec"",""playerBId"":""oe:player:cbe20c64274a87a21e5bdac1ccc3e77"",""playerA"":""XoNix"",""playerB"":""Rhilech"",""stats"":{""eligible"":true,""n_games_total"":61.0,""n_games"":54.0,""n_days"":34.0,""mean_impact"":0.2245473,""shrunk_impact"":0.18946179,""ci_low"":0.0278915,""ci_high"":0.34292186,""win_rate"":0.61111111}},""value"":0.18946179},{""row"":1,""col"":3,""kind"":""eligible"",""pair"":{""id"":""pair-1f987919d8c9c37b"",""teamId"":""oe:team:3e3ca0895ded506fd637e723d6ae2a1"",""teamName"":""DSYRE"",""playerAId"":""oe:player:cbe20c64274a87a21e5bdac1ccc3e77"",""playerBId"":""oe:player:d47955c8bc06bf316f24ee15d45407b"",""playerA"":""Rhilech"",""playerB"":""Aetinoth"",""stats"":{""eligible"":true,""n_games_total"":61.0,""n_games"":54.0,""n_days"":34.0,""mean_impact"":0.22280498,""shrunk_impact"":0.1879917,""ci_low"":0.00119374,""ci_high"":0.37506549,""win_rate"":0.61111111}},""value"":0.1879917},{""row"":1,""col"":4,""kind"":""eligible"",""pair"":{""id"":""pair-f2a74a327f129b8d"",""teamId"":""oe:team:3e3ca0895ded506fd637e723d6ae2a1"",""teamName"":""DSYRE"",""playerAId"":""oe:player:6b9f3420febdbc475dd3c1e4e0bcb5e"",""playerBId"":""oe:player:cbe20c64274a87a21e5bdac1ccc3e77"",""playerA"":""Nash"",""playerB"":""Rhilech"",""stats"":{""eligible"":true,""n_games_total"":39.0,""n_games"":39.0,""n_days"":25.0,""mean_impact"":-0.08481606,""shrunk_impact"":-0.06750666,""ci_low"":-0.24062716,""ci_high"":0.08033021,""win_rate"":0.64102564}},""value"":-0.06750666},{""row"":2,""col"":0,""kind"":""eligible"",""pair"":{""id"":""pair-c464554262f61aae"",""teamId"":""oe:team:3e3ca0895ded506fd637e723d6ae2a1"",""teamName"":""DSYRE"",""playerAId"":""oe:player:9db3f170213f562a9613fe4f99d7dfa"",""playerBId"":""oe:player:be877a261fb0c3a320db45091bdefec"",""playerA"":""Empyros"",""playerB"":""XoNix"",""stats"":{""eligible"":true,""n_games_total"":61.0,""n_games"":54.0,""n_days"":34.0,""mean_impact"":0.30202163,""shrunk_impact"":0.25483075,""ci_low"":0.10169724,""ci_high"":0.41018227,""win_rate"":0.61111111}},""value"":0.25483075},{""row"":2,""col"":1,""kind"":""eligible"",""pair"":{""id"":""pair-628eacb753a0449b"",""teamId"":""oe:team:3e3ca0895ded506fd637e723d6ae2a1"",""teamName"":""DSYRE"",""playerAId"":""oe:player:be877a261fb0c3a320db45091bdefec"",""playerBId"":""oe:player:cbe20c64274a87a21e5bdac1ccc3e77"",""playerA"":""XoNix"",""playerB"":""Rhilech"",""stats"":{""eligible"":true,""n_games_total"":61.0,""n_games"":54.0,""n_days"":34.0,""mean_impact"":0.2245473,""shrunk_impact"":0.18946179,""ci_low"":0.0278915,""ci_high"":0.34292186,""win_rate"":0.61111111}},""value"":0.18946179},{""row"":2,""col"":2,""kind"":""self"",""pair"":null,""value"":null},{""row"":2,""col"":3,""kind"":""eligible"",""pair"":{""id"":""pair-f08fa7f6b4a75b34"",""teamId"":""oe:team:3e3ca0895ded506fd637e723d6ae2a1"",""teamName"":""DSYRE"",""playerAId"":""oe:player:be877a261fb0c3a320db45091bdefec"",""playerBId"":""oe:player:d47955c8bc06bf316f24ee15d45407b"",""playerA"":""XoNix"",""playerB"":""Aetinoth"",""stats"":{""eligible"":true,""n_games_total"":61.0,""n_games"":54.0,""n_days"":34.0,""mean_impact"":0.28500606,""shrunk_impact"":0.24047386,""ci_low"":0.03593238,""ci_high"":0.46174452,""win_rate"":0.61111111}},""value"":0.24047386},{""row"":2,""col"":4,""kind"":""eligible"",""pair"":{""id"":""pair-3338ee30d7017148"",""teamId"":""oe:team:3e3ca0895ded506fd637e723d6ae2a1"",""teamName"":""DSYRE"",""playerAId"":""oe:player:6b9f3420febdbc475dd3c1e4e0bcb5e"",""playerBId"":""oe:player:be877a261fb0c3a320db45091bdefec"",""playerA"":""Nash"",""playerB"":""XoNix"",""stats"":{""eligible"":true,""n_games_total"":39.0,""n_games"":39.0,""n_days"":25.0,""mean_impact"":-0.02116283,""shrunk_impact"":-0.01684389,""ci_low"":-0.19195753,""ci_high"":0.15496994,""win_rate"":0.64102564}},""value"":-0.01684389},{""row"":3,""col"":0,""kind"":""eligible"",""pair"":{""id"":""pair-01375e4265fe06f9"",""teamId"":""oe:team:3e3ca0895ded506fd637e723d6ae2a1"",""teamName"":""DSYRE"",""playerAId"":""oe:player:9db3f170213f562a9613fe4f99d7dfa"",""playerBId"":""oe:player:d47955c8bc06bf316f24ee15d45407b"",""playerA"":""Empyros"",""playerB"":""Aetinoth"",""stats"":{""eligible"":true,""n_games_total"":61.0,""n_games"":54.0,""n_days"":34.0,""mean_impact"":0.30027931,""shrunk_impact"":0.25336067,""ci_low"":0.0919803,""ci_high"":0.41995079,""win_rate"":0.61111111}},""value"":0.25336067},{""row"":3,""col"":1,""kind"":""eligible"",""pair"":{""id"":""pair-1f987919d8c9c37b"",""teamId"":""oe:team:3e3ca0895ded506fd637e723d6ae2a1"",""teamName"":""DSYRE"",""playerAId"":""oe:player:cbe20c64274a87a21e5bdac1ccc3e77"",""playerBId"":""oe:player:d47955c8bc06bf316f24ee15d45407b"",""playerA"":""Rhilech"",""playerB"":""Aetinoth"",""stats"":{""eligible"":true,""n_games_total"":61.0,""n_games"":54.0,""n_days"":34.0,""mean_impact"":0.22280498,""shrunk_impact"":0.1879917,""ci_low"":0.00119374,""ci_high"":0.37506549,""win_rate"":0.61111111}},""value"":0.1879917},{""row"":3,""col"":2,""kind"":""eligible"",""pair"":{""id"":""pair-f08fa7f6b4a75b34"",""teamId"":""oe:team:3e3ca0895ded506fd637e723d6ae2a1"",""teamName"":""DSYRE"",""playerAId"":""oe:player:be877a261fb0c3a320db45091bdefec"",""playerBId"":""oe:player:d47955c8bc06bf316f24ee15d45407b"",""playerA"":""XoNix"",""playerB"":""Aetinoth"",""stats"":{""eligible"":true,""n_games_total"":61.0,""n_games"":54.0,""n_days"":34.0,""mean_impact"":0.28500606,""shrunk_impact"":0.24047386,""ci_low"":0.03593238,""ci_high"":0.46174452,""win_rate"":0.61111111}},""value"":0.24047386},{""row"":3,""col"":3,""kind"":""self"",""pair"":null,""value"":null},{""row"":3,""col"":4,""kind"":""eligible"",""pair"":{""id"":""pair-c6b31bcbc71595b6"",""teamId"":""oe:team:3e3ca0895ded506fd637e723d6ae2a1"",""teamName"":""DSYRE"",""playerAId"":""oe:player:6b9f3420febdbc475dd3c1e4e0bcb5e"",""playerBId"":""oe:player:d47955c8bc06bf316f24ee15d45407b"",""playerA"":""Nash"",""playerB"":""Aetinoth"",""stats"":{""eligible"":true,""n_games_total"":39.0,""n_games"":39.0,""n_days"":25.0,""mean_impact"":-0.04470095,""shrunk_impact"":-0.0355783,""ci_low"":-0.19291023,""ci_high"":0.160518,""win_rate"":0.64102564}},""value"":-0.0355783},{""row"":4,""col"":0,""kind"":""eligible"",""pair"":{""id"":""pair-806b83944b809ce1"",""teamId"":""oe:team:3e3ca0895ded506fd637e723d6ae2a1"",""teamName"":""DSYRE"",""playerAId"":""oe:player:6b9f3420febdbc475dd3c1e4e0bcb5e"",""playerBId"":""oe:player:9db3f170213f562a9613fe4f99d7dfa"",""playerA"":""Nash"",""playerB"":""Empyros"",""stats"":{""eligible"":true,""n_games_total"":39.0,""n_games"":39.0,""n_days"":25.0,""mean_impact"":0.00913956,""shrunk_impact"":0.00727434,""ci_low"":-0.15218037,""ci_high"":0.15688333,""win_rate"":0.64102564}},""value"":0.00727434},{""row"":4,""col"":1,""kind"":""eligible"",""pair"":{""id"":""pair-f2a74a327f129b8d"",""teamId"":""oe:team:3e3ca0895ded506fd637e723d6ae2a1"",""teamName"":""DSYRE"",""playerAId"":""oe:player:6b9f3420febdbc475dd3c1e4e0bcb5e"",""playerBId"":""oe:player:cbe20c64274a87a21e5bdac1ccc3e77"",""playerA"":""Nash"",""playerB"":""Rhilech"",""stats"":{""eligible"":true,""n_games_total"":39.0,""n_games"":39.0,""n_days"":25.0,""mean_impact"":-0.08481606,""shrunk_impact"":-0.06750666,""ci_low"":-0.24062716,""ci_high"":0.08033021,""win_rate"":0.64102564}},""value"":-0.06750666},{""row"":4,""col"":2,""kind"":""eligible"",""pair"":{""id"":""pair-3338ee30d7017148"",""teamId"":""oe:team:3e3ca0895ded506fd637e723d6ae2a1"",""teamName"":""DSYRE"",""playerAId"":""oe:player:6b9f3420febdbc475dd3c1e4e0bcb5e"",""playerBId"":""oe:player:be877a261fb0c3a320db45091bdefec"",""playerA"":""Nash"",""playerB"":""XoNix"",""stats"":{""eligible"":true,""n_games_total"":39.0,""n_games"":39.0,""n_days"":25.0,""mean_impact"":-0.02116283,""shrunk_impact"":-0.01684389,""ci_low"":-0.19195753,""ci_high"":0.15496994,""win_rate"":0.64102564}},""value"":-0.01684389},{""row"":4,""col"":3,""kind"":""eligible"",""pair"":{""id"":""pair-c6b31bcbc71595b6"",""teamId"":""oe:team:3e3ca0895ded506fd637e723d6ae2a1"",""teamName"":""DSYRE"",""playerAId"":""oe:player:6b9f3420febdbc475dd3c1e4e0bcb5e"",""playerBId"":""oe:player:d47955c8bc06bf316f24ee15d45407b"",""playerA"":""Nash"",""playerB"":""Aetinoth"",""stats"":{""eligible"":true,""n_games_total"":39.0,""n_games"":39.0,""n_days"":25.0,""mean_impact"":-0.04470095,""shrunk_impact"":-0.0355783,""ci_low"":-0.19291023,""ci_high"":0.160518,""win_rate"":0.64102564}},""value"":-0.0355783},{""row"":4,""col"":4,""kind"":""self"",""pair"":null,""value"":null}],""limit"":0.25483075,""hasEligiblePair"":true}"
lineup-26c4e8403c420197,oe:team:e7121adad88546bce0ff2cc41c2d343,Axolotl,2023,oe:player:48e06b61418cf7d3391acd04e2462a6,Kikis,oe:player:d7d4d06e35ad3ffd2eed6844c5c1c8b,tooshi,oe:player:46c8f3a5fb8d9cf794de4991ee30c40,Obelisk,oe:player:ffc7be970454e6871321d2385be5a22,Creon,oe:player:acc1b36d8d542ce2e2ee369a40267ae,KroMAX,1,1,1,0.55634913,0.05057719,,,False,1.00000000,573.33830846,1.63184080,0.20788601,0.22482491,0.22086585,0.19281332,0.22718844,0.26714451,0.19860156,0.26942668,0.22968657,0.19478311,0.12365758,0.07583239,"{""version"":1,""players"":[{""id"":""oe:player:48e06b61418cf7d3391acd04e2462a6"",""name"":""Kikis"",""role"":""mid""},{""id"":""oe:player:d7d4d06e35ad3ffd2eed6844c5c1c8b"",""name"":""tooshi"",""role"":""jng""},{""id"":""oe:player:46c8f3a5fb8d9cf794de4991ee30c40"",""name"":""Obelisk"",""role"":""mid""},{""id"":""oe:player:ffc7be970454e6871321d2385be5a22"",""name"":""Creon"",""role"":""bot""},{""id"":""oe:player:acc1b36d8d542ce2e2ee369a40267ae"",""name"":""KroMAX"",""role"":""sup""}],""cells"":[{""row"":0,""col"":0,""kind"":""self"",""pair"":null,""value"":null},{""row"":0,""col"":1,""kind"":""sparse"",""pair"":{""id"":""pair-e4194bfa8ab6b6f4"",""teamId"":""oe:team:e7121adad88546bce0ff2cc41c2d343"",""teamName"":""Axolotl"",""playerAId"":""oe:player:48e06b61418cf7d3391acd04e2462a6"",""playerBId"":""oe:player:d7d4d06e35ad3ffd2eed6844c5c1c8b"",""playerA"":""Kikis"",""playerB"":""tooshi"",""stats"":{""eligible"":false,""n_games_total"":3.0,""n_games"":3.0,""n_days"":3.0,""mean_impact"":0.46434301,""shrunk_impact"":0.10715608,""ci_low"":0.0433095,""ci_high"":0.21018179,""win_rate"":1.0}},""value"":0.10715608},{""row"":0,""col"":2,""kind"":""eligible"",""pair"":{""id"":""pair-f9c53b5e3e5fbe92"",""teamId"":""oe:team:e7121adad88546bce0ff2cc41c2d343"",""teamName"":""Axolotl"",""playerAId"":""oe:player:46c8f3a5fb8d9cf794de4991ee30c40"",""playerBId"":""oe:player:48e06b61418cf7d3391acd04e2462a6"",""playerA"":""Obelisk"",""playerB"":""Kikis"",""stats"":{""eligible"":true,""n_games_total"":17.0,""n_games"":10.0,""n_days"":7.0,""mean_impact"":0.42286529,""shrunk_impact"":0.21143265,""ci_low"":0.03381458,""ci_high"":0.30491654,""win_rate"":0.6}},""value"":0.21143265},{""row"":0,""col"":3,""kind"":""eligible"",""pair"":{""id"":""pair-04544c2ac6055103"",""teamId"":""oe:team:e7121adad88546bce0ff2cc41c2d343"",""teamName"":""Axolotl"",""playerAId"":""oe:player:48e06b61418cf7d3391acd04e2462a6"",""playerBId"":""oe:player:ffc7be970454e6871321d2385be5a22"",""playerA"":""Kikis"",""playerB"":""Creon"",""stats"":{""eligible"":true,""n_games_total"":17.0,""n_games"":10.0,""n_days"":7.0,""mean_impact"":0.319476,""shrunk_impact"":0.159738,""ci_low"":-0.11525818,""ci_high"":0.31834782,""win_rate"":0.6}},""value"":0.159738},{""row"":0,""col"":4,""kind"":""eligible"",""pair"":{""id"":""pair-0ba47e15b3455020"",""teamId"":""oe:team:e7121adad88546bce0ff2cc41c2d343"",""teamName"":""Axolotl"",""playerAId"":""oe:player:48e06b61418cf7d3391acd04e2462a6"",""playerBId"":""oe:player:acc1b36d8d542ce2e2ee369a40267ae"",""playerA"":""Kikis"",""playerB"":""KroMAX"",""stats"":{""eligible"":true,""n_games_total"":17.0,""n_games"":10.0,""n_days"":7.0,""mean_impact"":-0.19986775,""shrunk_impact"":-0.09993388,""ci_low"":-0.29209727,""ci_high"":-6.062e-05,""win_rate"":0.6}},""value"":-0.09993388},{""row"":1,""col"":0,""kind"":""sparse"",""pair"":{""id"":""pair-e4194bfa8ab6b6f4"",""teamId"":""oe:team:e7121adad88546bce0ff2cc41c2d343"",""teamName"":""Axolotl"",""playerAId"":""oe:player:48e06b61418cf7d3391acd04e2462a6"",""playerBId"":""oe:player:d7d4d06e35ad3ffd2eed6844c5c1c8b"",""playerA"":""Kikis"",""playerB"":""tooshi"",""stats"":{""eligible"":false,""n_games_total"":3.0,""n_games"":3.0,""n_days"":3.0,""mean_impact"":0.46434301,""shrunk_impact"":0.10715608,""ci_low"":0.0433095,""ci_high"":0.21018179,""win_rate"":1.0}},""value"":0.10715608},{""row"":1,""col"":1,""kind"":""self"",""pair"":null,""value"":null},{""row"":1,""col"":2,""kind"":""sparse"",""pair"":{""id"":""pair-83d31865add048c4"",""teamId"":""oe:team:e7121adad88546bce0ff2cc41c2d343"",""teamName"":""Axolotl"",""playerAId"":""oe:player:46c8f3a5fb8d9cf794de4991ee30c40"",""playerBId"":""oe:player:d7d4d06e35ad3ffd2eed6844c5c1c8b"",""playerA"":""Obelisk"",""playerB"":""tooshi"",""stats"":{""eligible"":false,""n_games_total"":3.0,""n_games"":3.0,""n_days"":3.0,""mean_impact"":1.03310328,""shrunk_impact"":0.23840845,""ci_low"":0.20054881,""ci_high"":0.30204287,""win_rate"":1.0}},""value"":0.23840845},{""row"":1,""col"":3,""kind"":""sparse"",""pair"":{""id"":""pair-2c4b97ac38ba4c71"",""teamId"":""oe:team:e7121adad88546bce0ff2cc41c2d343"",""teamName"":""Axolotl"",""playerAId"":""oe:player:d7d4d06e35ad3ffd2eed6844c5c1c8b"",""playerBId"":""oe:player:ffc7be970454e6871321d2385be5a22"",""playerA"":""tooshi"",""playerB"":""Creon"",""stats"":{""eligible"":false,""n_games_total"":3.0,""n_games"":3.0,""n_days"":3.0,""mean_impact"":0.8019014,""shrunk_impact"":0.18505417,""ci_low"":0.04766112,""ci_high"":0.34981692,""win_rate"":1.0}},""value"":0.18505417},{""row"":1,""col"":4,""kind"":""sparse"",""pair"":{""id"":""pair-0e5a7754084db5c8"",""teamId"":""oe:team:e7121adad88546bce0ff2cc41c2d343"",""teamName"":""Axolotl"",""playerAId"":""oe:player:acc1b36d8d542ce2e2ee369a40267ae"",""playerBId"":""oe:player:d7d4d06e35ad3ffd2eed6844c5c1c8b"",""playerA"":""KroMAX"",""playerB"":""tooshi"",""stats"":{""eligible"":false,""n_games_total"":3.0,""n_games"":3.0,""n_days"":3.0,""mean_impact"":0.22771479,""shrunk_impact"":0.05254957,""ci_low"":-0.02234516,""ci_high"":0.12922088,""win_rate"":1.0}},""value"":0.05254957},{""row"":2,""col"":0,""kind"":""eligible"",""pair"":{""id"":""pair-f9c53b5e3e5fbe92"",""teamId"":""oe:team:e7121adad88546bce0ff2cc41c2d343"",""teamName"":""Axolotl"",""playerAId"":""oe:player:46c8f3a5fb8d9cf794de4991ee30c40"",""playerBId"":""oe:player:48e06b61418cf7d3391acd04e2462a6"",""playerA"":""Obelisk"",""playerB"":""Kikis"",""stats"":{""eligible"":true,""n_games_total"":17.0,""n_games"":10.0,""n_days"":7.0,""mean_impact"":0.42286529,""shrunk_impact"":0.21143265,""ci_low"":0.03381458,""ci_high"":0.30491654,""win_rate"":0.6}},""value"":0.21143265},{""row"":2,""col"":1,""kind"":""sparse"",""pair"":{""id"":""pair-83d31865add048c4"",""teamId"":""oe:team:e7121adad88546bce0ff2cc41c2d343"",""teamName"":""Axolotl"",""playerAId"":""oe:player:46c8f3a5fb8d9cf794de4991ee30c40"",""playerBId"":""oe:player:d7d4d06e35ad3ffd2eed6844c5c1c8b"",""playerA"":""Obelisk"",""playerB"":""tooshi"",""stats"":{""eligible"":false,""n_games_total"":3.0,""n_games"":3.0,""n_days"":3.0,""mean_impact"":1.03310328,""shrunk_impact"":0.23840845,""ci_low"":0.20054881,""ci_high"":0.30204287,""win_rate"":1.0}},""value"":0.23840845},{""row"":2,""col"":2,""kind"":""self"",""pair"":null,""value"":null},{""row"":2,""col"":3,""kind"":""eligible"",""pair"":{""id"":""pair-80c3640b29476de8"",""teamId"":""oe:team:e7121adad88546bce0ff2cc41c2d343"",""teamName"":""Axolotl"",""playerAId"":""oe:player:46c8f3a5fb8d9cf794de4991ee30c40"",""playerBId"":""oe:player:ffc7be970454e6871321d2385be5a22"",""playerA"":""Obelisk"",""playerB"":""Creon"",""stats"":{""eligible"":true,""n_games_total"":17.0,""n_games"":10.0,""n_days"":7.0,""mean_impact"":0.71485778,""shrunk_impact"":0.35742889,""ci_low"":0.09575465,""ci_high"":0.51193887,""win_rate"":0.6}},""value"":0.35742889},{""row"":2,""col"":4,""kind"":""eligible"",""pair"":{""id"":""pair-c68fd953a2c117ae"",""teamId"":""oe:team:e7121adad88546bce0ff2cc41c2d343"",""teamName"":""Axolotl"",""playerAId"":""oe:player:46c8f3a5fb8d9cf794de4991ee30c40"",""playerBId"":""oe:player:acc1b36d8d542ce2e2ee369a40267ae"",""playerA"":""Obelisk"",""playerB"":""KroMAX"",""stats"":{""eligible"":true,""n_games_total"":17.0,""n_games"":10.0,""n_days"":7.0,""mean_impact"":0.19551403,""shrunk_impact"":0.09775702,""ci_low"":-0.06851202,""ci_high"":0.18538498,""win_rate"":0.6}},""value"":0.09775702},{""row"":3,""col"":0,""kind"":""eligible"",""pair"":{""id"":""pair-04544c2ac6055103"",""teamId"":""oe:team:e7121adad88546bce0ff2cc41c2d343"",""teamName"":""Axolotl"",""playerAId"":""oe:player:48e06b61418cf7d3391acd04e2462a6"",""playerBId"":""oe:player:ffc7be970454e6871321d2385be5a22"",""playerA"":""Kikis"",""playerB"":""Creon"",""stats"":{""eligible"":true,""n_games_total"":17.0,""n_games"":10.0,""n_days"":7.0,""mean_impact"":0.319476,""shrunk_impact"":0.159738,""ci_low"":-0.11525818,""ci_high"":0.31834782,""win_rate"":0.6}},""value"":0.159738},{""row"":3,""col"":1,""kind"":""sparse"",""pair"":{""id"":""pair-2c4b97ac38ba4c71"",""teamId"":""oe:team:e7121adad88546bce0ff2cc41c2d343"",""teamName"":""Axolotl"",""playerAId"":""oe:player:d7d4d06e35ad3ffd2eed6844c5c1c8b"",""playerBId"":""oe:player:ffc7be970454e6871321d2385be5a22"",""playerA"":""tooshi"",""playerB"":""Creon"",""stats"":{""eligible"":false,""n_games_total"":3.0,""n_games"":3.0,""n_days"":3.0,""mean_impact"":0.8019014,""shrunk_impact"":0.18505417,""ci_low"":0.04766112,""ci_high"":0.34981692,""win_rate"":1.0}},""value"":0.18505417},{""row"":3,""col"":2,""kind"":""eligible"",""pair"":{""id"":""pair-80c3640b29476de8"",""teamId"":""oe:team:e7121adad88546bce0ff2cc41c2d343"",""teamName"":""Axolotl"",""playerAId"":""oe:player:46c8f3a5fb8d9cf794de4991ee30c40"",""playerBId"":""oe:player:ffc7be970454e6871321d2385be5a22"",""playerA"":""Obelisk"",""playerB"":""Creon"",""stats"":{""eligible"":true,""n_games_total"":17.0,""n_games"":10.0,""n_days"":7.0,""mean_impact"":0.71485778,""shrunk_impact"":0.35742889,""ci_low"":0.09575465,""ci_high"":0.51193887,""win_rate"":0.6}},""value"":0.35742889},{""row"":3,""col"":3,""kind"":""self"",""pair"":null,""value"":null},{""row"":3,""col"":4,""kind"":""eligible"",""pair"":{""id"":""pair-dc045d7a2d479530"",""teamId"":""oe:team:e7121adad88546bce0ff2cc41c2d343"",""teamName"":""Axolotl"",""playerAId"":""oe:player:acc1b36d8d542ce2e2ee369a40267ae"",""playerBId"":""oe:player:ffc7be970454e6871321d2385be5a22"",""playerA"":""KroMAX"",""playerB"":""Creon"",""stats"":{""eligible"":true,""n_games_total"":17.0,""n_games"":10.0,""n_days"":7.0,""mean_impact"":0.09212474,""shrunk_impact"":0.04606237,""ci_low"":-0.19983791,""ci_high"":0.19281659,""win_rate"":0.6}},""value"":0.04606237},{""row"":4,""col"":0,""kind"":""eligible"",""pair"":{""id"":""pair-0ba47e15b3455020"",""teamId"":""oe:team:e7121adad88546bce0ff2cc41c2d343"",""teamName"":""Axolotl"",""playerAId"":""oe:player:48e06b61418cf7d3391acd04e2462a6"",""playerBId"":""oe:player:acc1b36d8d542ce2e2ee369a40267ae"",""playerA"":""Kikis"",""playerB"":""KroMAX"",""stats"":{""eligible"":true,""n_games_total"":17.0,""n_games"":10.0,""n_days"":7.0,""mean_impact"":-0.19986775,""shrunk_impact"":-0.09993388,""ci_low"":-0.29209727,""ci_high"":-6.062e-05,""win_rate"":0.6}},""value"":-0.09993388},{""row"":4,""col"":1,""kind"":""sparse"",""pair"":{""id"":""pair-0e5a7754084db5c8"",""teamId"":""oe:team:e7121adad88546bce0ff2cc41c2d343"",""teamName"":""Axolotl"",""playerAId"":""oe:player:acc1b36d8d542ce2e2ee369a40267ae"",""playerBId"":""oe:player:d7d4d06e35ad3ffd2eed6844c5c1c8b"",""playerA"":""KroMAX"",""playerB"":""tooshi"",""stats"":{""eligible"":false,""n_games_total"":3.0,""n_games"":3.0,""n_days"":3.0,""mean_impact"":0.22771479,""shrunk_impact"":0.05254957,""ci_low"":-0.02234516,""ci_high"":0.12922088,""win_rate"":1.0}},""value"":0.05254957},{""row"":4,""col"":2,""kind"":""eligible"",""pair"":{""id"":""pair-c68fd953a2c117ae"",""teamId"":""oe:team:e7121adad88546bce0ff2cc41c2d343"",""teamName"":""Axolotl"",""playerAId"":""oe:player:46c8f3a5fb8d9cf794de4991ee30c40"",""playerBId"":""oe:player:acc1b36d8d542ce2e2ee369a40267ae"",""playerA"":""Obelisk"",""playerB"":""KroMAX"",""stats"":{""eligible"":true,""n_games_total"":17.0,""n_games"":10.0,""n_days"":7.0,""mean_impact"":0.19551403,""shrunk_impact"":0.09775702,""ci_low"":-0.06851202,""ci_high"":0.18538498,""win_rate"":0.6}},""value"":0.09775702},{""row"":4,""col"":3,""kind"":""eligible"",""pair"":{""id"":""pair-dc045d7a2d479530"",""teamId"":""oe:team:e7121adad88546bce0ff2cc41c2d343"",""teamName"":""Axolotl"",""playerAId"":""oe:player:acc1b36d8d542ce2e2ee369a40267ae"",""playerBId"":""oe:player:ffc7be970454e6871321d2385be5a22"",""playerA"":""KroMAX"",""playerB"":""Creon"",""stats"":{""eligible"":true,""n_games_total"":17.0,""n_games"":10.0,""n_days"":7.0,""mean_impact"":0.09212474,""shrunk_impact"":0.04606237,""ci_low"":-0.19983791,""ci_high"":0.19281659,""win_rate"":0.6}},""value"":0.04606237},{""row"":4,""col"":4,""kind"":""self"",""pair"":null,""value"":null}],""limit"":0.35742889,""hasEligiblePair"":true}"
lineup-297ac1a0cf2096e4,oe:team:e7121adad88546bce0ff2cc41c2d343,Axolotl,2023,oe:player:46c8f3a5fb8d9cf794de4991ee30c40,Obelisk,oe:player:48e06b61418cf7d3391acd04e2462a6,Kikis,oe:player:4b6557e79af901ff0372a85f848ccb8,Dream Maker,oe:player:ffc7be970454e6871321d2385be5a22,Creon,oe:player:acc1b36d8d542ce2e2ee369a40267ae,KroMAX,7,7,4,0.35620778,0.14667379,-0.15749016,0.25193893,False,0.42857143,504.67477402,1.42401442,0.20821320,0.24243418,0.20808315,0.25025348,0.19606746,0.14759539,0.21667582,0.26087955,0.24641438,0.26454346,0.13275919,0.07672811,"{""version"":1,""players"":[{""id"":""oe:player:46c8f3a5fb8d9cf794de4991ee30c40"",""name"":""Obelisk"",""role"":""mid""},{""id"":""oe:player:48e06b61418cf7d3391acd04e2462a6"",""name"":""Kikis"",""role"":""mid""},{""id"":""oe:player:4b6557e79af901ff0372a85f848ccb8"",""name"":""Dream Maker"",""role"":""mid""},{""id"":""oe:player:ffc7be970454e6871321d2385be5a22"",""name"":""Creon"",""role"":""bot""},{""id"":""oe:player:acc1b36d8d542ce2e2ee369a40267ae"",""name"":""KroMAX"",""role"":""sup""}],""cells"":[{""row"":0,""col"":0,""kind"":""self"",""pair"":null,""value"":null},{""row"":0,""col"":1,""kind"":""eligible"",""pair"":{""id"":""pair-f9c53b5e3e5fbe92"",""teamId"":""oe:team:e7121adad88546bce0ff2cc41c2d343"",""teamName"":""Axolotl"",""playerAId"":""oe:player:46c8f3a5fb8d9cf794de4991ee30c40"",""playerBId"":""oe:player:48e06b61418cf7d3391acd04e2462a6"",""playerA"":""Obelisk"",""playerB"":""Kikis"",""stats"":{""eligible"":true,""n_games_total"":17.0,""n_games"":10.0,""n_days"":7.0,""mean_impact"":0.42286529,""shrunk_impact"":0.21143265,""ci_low"":0.03381458,""ci_high"":0.30491654,""win_rate"":0.6}},""value"":0.21143265},{""row"":0,""col"":2,""kind"":""sparse"",""pair"":{""id"":""pair-316b375ef1b102bf"",""teamId"":""oe:team:e7121adad88546bce0ff2cc41c2d343"",""teamName"":""Axolotl"",""playerAId"":""oe:player:46c8f3a5fb8d9cf794de4991ee30c40"",""playerBId"":""oe:player:4b6557e79af901ff0372a85f848ccb8"",""playerA"":""Obelisk"",""playerB"":""Dream Maker"",""stats"":{""eligible"":false,""n_games_total"":7.0,""n_games"":7.0,""n_days"":4.0,""mean_impact"":0.72106839,""shrunk_impact"":0.29691051,""ci_low"":0.0265808,""ci_high"":0.40147372,""win_rate"":0.42857143}},""value"":0.29691051},{""row"":0,""col"":3,""kind"":""eligible"",""pair"":{""id"":""pair-80c3640b29476de8"",""teamId"":""oe:team:e7121adad88546bce0ff2cc41c2d343"",""teamName"":""Axolotl"",""playerAId"":""oe:player:46c8f3a5fb8d9cf794de4991ee30c40"",""playerBId"":""oe:player:ffc7be970454e6871321d2385be5a22"",""playerA"":""Obelisk"",""playerB"":""Creon"",""stats"":{""eligible"":true,""n_games_total"":17.0,""n_games"":10.0,""n_days"":7.0,""mean_impact"":0.71485778,""shrunk_impact"":0.35742889,""ci_low"":0.09575465,""ci_high"":0.51193887,""win_rate"":0.6}},""value"":0.35742889},{""row"":0,""col"":4,""kind"":""eligible"",""pair"":{""id"":""pair-c68fd953a2c117ae"",""teamId"":""oe:team:e7121adad88546bce0ff2cc41c2d343"",""teamName"":""Axolotl"",""playerAId"":""oe:player:46c8f3a5fb8d9cf794de4991ee30c40"",""playerBId"":""oe:player:acc1b36d8d542ce2e2ee369a40267ae"",""playerA"":""Obelisk"",""playerB"":""KroMAX"",""stats"":{""eligible"":true,""n_games_total"":17.0,""n_games"":10.0,""n_days"":7.0,""mean_impact"":0.19551403,""shrunk_impact"":0.09775702,""ci_low"":-0.06851202,""ci_high"":0.18538498,""win_rate"":0.6}},""value"":0.09775702},{""row"":1,""col"":0,""kind"":""eligible"",""pair"":{""id"":""pair-f9c53b5e3e5fbe92"",""teamId"":""oe:team:e7121adad88546bce0ff2cc41c2d343"",""teamName"":""Axolotl"",""playerAId"":""oe:player:46c8f3a5fb8d9cf794de4991ee30c40"",""playerBId"":""oe:player:48e06b61418cf7d3391acd04e2462a6"",""playerA"":""Obelisk"",""playerB"":""Kikis"",""stats"":{""eligible"":true,""n_games_total"":17.0,""n_games"":10.0,""n_days"":7.0,""mean_impact"":0.42286529,""shrunk_impact"":0.21143265,""ci_low"":0.03381458,""ci_high"":0.30491654,""win_rate"":0.6}},""value"":0.21143265},{""row"":1,""col"":1,""kind"":""self"",""pair"":null,""value"":null},{""row"":1,""col"":2,""kind"":""sparse"",""pair"":{""id"":""pair-dd5ec8dc6d91c29d"",""teamId"":""oe:team:e7121adad88546bce0ff2cc41c2d343"",""teamName"":""Axolotl"",""playerAId"":""oe:player:48e06b61418cf7d3391acd04e2462a6"",""playerBId"":""oe:player:4b6557e79af901ff0372a85f848ccb8"",""playerA"":""Kikis"",""playerB"":""Dream Maker"",""stats"":{""eligible"":false,""n_games_total"":7.0,""n_games"":7.0,""n_days"":4.0,""mean_impact"":0.39999167,""shrunk_impact"":0.16470245,""ci_low"":-0.17596337,""ci_high"":0.33225157,""win_rate"":0.42857143}},""value"":0.16470245},{""row"":1,""col"":3,""kind"":""eligible"",""pair"":{""id"":""pair-04544c2ac6055103"",""teamId"":""oe:team:e7121adad88546bce0ff2cc41c2d343"",""teamName"":""Axolotl"",""playerAId"":""oe:player:48e06b61418cf7d3391acd04e2462a6"",""playerBId"":""oe:player:ffc7be970454e6871321d2385be5a22"",""playerA"":""Kikis"",""playerB"":""Creon"",""stats"":{""eligible"":true,""n_games_total"":17.0,""n_games"":10.0,""n_days"":7.0,""mean_impact"":0.319476,""shrunk_impact"":0.159738,""ci_low"":-0.11525818,""ci_high"":0.31834782,""win_rate"":0.6}},""value"":0.159738},{""row"":1,""col"":4,""kind"":""eligible"",""pair"":{""id"":""pair-0ba47e15b3455020"",""teamId"":""oe:team:e7121adad88546bce0ff2cc41c2d343"",""teamName"":""Axolotl"",""playerAId"":""oe:player:48e06b61418cf7d3391acd04e2462a6"",""playerBId"":""oe:player:acc1b36d8d542ce2e2ee369a40267ae"",""playerA"":""Kikis"",""playerB"":""KroMAX"",""stats"":{""eligible"":true,""n_games_total"":17.0,""n_games"":10.0,""n_days"":7.0,""mean_impact"":-0.19986775,""shrunk_impact"":-0.09993388,""ci_low"":-0.29209727,""ci_high"":-6.062e-05,""win_rate"":0.6}},""value"":-0.09993388},{""row"":2,""col"":0,""kind"":""sparse"",""pair"":{""id"":""pair-316b375ef1b102bf"",""teamId"":""oe:team:e7121adad88546bce0ff2cc41c2d343"",""teamName"":""Axolotl"",""playerAId"":""oe:player:46c8f3a5fb8d9cf794de4991ee30c40"",""playerBId"":""oe:player:4b6557e79af901ff0372a85f848ccb8"",""playerA"":""Obelisk"",""playerB"":""Dream Maker"",""stats"":{""eligible"":false,""n_games_total"":7.0,""n_games"":7.0,""n_days"":4.0,""mean_impact"":0.72106839,""shrunk_impact"":0.29691051,""ci_low"":0.0265808,""ci_high"":0.40147372,""win_rate"":0.42857143}},""value"":0.29691051},{""row"":2,""col"":1,""kind"":""sparse"",""pair"":{""id"":""pair-dd5ec8dc6d91c29d"",""teamId"":""oe:team:e7121adad88546bce0ff2cc41c2d343"",""teamName"":""Axolotl"",""playerAId"":""oe:player:48e06b61418cf7d3391acd04e2462a6"",""playerBId"":""oe:player:4b6557e79af901ff0372a85f848ccb8"",""playerA"":""Kikis"",""playerB"":""Dream Maker"",""stats"":{""eligible"":false,""n_games_total"":7.0,""n_games"":7.0,""n_days"":4.0,""mean_impact"":0.39999167,""shrunk_impact"":0.16470245,""ci_low"":-0.17596337,""ci_high"":0.33225157,""win_rate"":0.42857143}},""value"":0.16470245},{""row"":2,""col"":2,""kind"":""self"",""pair"":null,""value"":null},{""row"":2,""col"":3,""kind"":""sparse"",""pair"":{""id"":""pair-6aea355881675abb"",""teamId"":""oe:team:e7121adad88546bce0ff2cc41c2d343"",""teamName"":""Axolotl"",""playerAId"":""oe:player:4b6557e79af901ff0372a85f848ccb8"",""playerBId"":""oe:player:ffc7be970454e6871321d2385be5a22"",""playerA"":""Dream Maker"",""playerB"":""Creon"",""stats"":{""eligible"":false,""n_games_total"":7.0,""n_games"":7.0,""n_days"":4.0,""mean_impact"":0.67245592,""shrunk_impact"":0.27689361,""ci_low"":-0.12601579,""ci_high"":0.43805738,""win_rate"":0.42857143}},""value"":0.27689361},{""row"":2,""col"":4,""kind"":""sparse"",""pair"":{""id"":""pair-d23afebd7ee203fc"",""teamId"":""oe:team:e7121adad88546bce0ff2cc41c2d343"",""teamName"":""Axolotl"",""playerAId"":""oe:player:4b6557e79af901ff0372a85f848ccb8"",""playerBId"":""oe:player:acc1b36d8d542ce2e2ee369a40267ae"",""playerA"":""Dream Maker"",""playerB"":""KroMAX"",""stats"":{""eligible"":false,""n_games_total"":7.0,""n_games"":7.0,""n_days"":4.0,""mean_impact"":0.17661625,""shrunk_impact"":0.07272434,""ci_low"":-0.18089028,""ci_high"":0.17417019,""win_rate"":0.42857143}},""value"":0.07272434},{""row"":3,""col"":0,""kind"":""eligible"",""pair"":{""id"":""pair-80c3640b29476de8"",""teamId"":""oe:team:e7121adad88546bce0ff2cc41c2d343"",""teamName"":""Axolotl"",""playerAId"":""oe:player:46c8f3a5fb8d9cf794de4991ee30c40"",""playerBId"":""oe:player:ffc7be970454e6871321d2385be5a22"",""playerA"":""Obelisk"",""playerB"":""Creon"",""stats"":{""eligible"":true,""n_games_total"":17.0,""n_games"":10.0,""n_days"":7.0,""mean_impact"":0.71485778,""shrunk_impact"":0.35742889,""ci_low"":0.09575465,""ci_high"":0.51193887,""win_rate"":0.6}},""value"":0.35742889},{""row"":3,""col"":1,""kind"":""eligible"",""pair"":{""id"":""pair-04544c2ac6055103"",""teamId"":""oe:team:e7121adad88546bce0ff2cc41c2d343"",""teamName"":""Axolotl"",""playerAId"":""oe:player:48e06b61418cf7d3391acd04e2462a6"",""playerBId"":""oe:player:ffc7be970454e6871321d2385be5a22"",""playerA"":""Kikis"",""playerB"":""Creon"",""stats"":{""eligible"":true,""n_games_total"":17.0,""n_games"":10.0,""n_days"":7.0,""mean_impact"":0.319476,""shrunk_impact"":0.159738,""ci_low"":-0.11525818,""ci_high"":0.31834782,""win_rate"":0.6}},""value"":0.159738},{""row"":3,""col"":2,""kind"":""sparse"",""pair"":{""id"":""pair-6aea355881675abb"",""teamId"":""oe:team:e7121adad88546bce0ff2cc41c2d343"",""teamName"":""Axolotl"",""playerAId"":""oe:player:4b6557e79af901ff0372a85f848ccb8"",""playerBId"":""oe:player:ffc7be970454e6871321d2385be5a22"",""playerA"":""Dream Maker"",""playerB"":""Creon"",""stats"":{""eligible"":false,""n_games_total"":7.0,""n_games"":7.0,""n_days"":4.0,""mean_impact"":0.67245592,""shrunk_impact"":0.27689361,""ci_low"":-0.12601579,""ci_high"":0.43805738,""win_rate"":0.42857143}},""value"":0.27689361},{""row"":3,""col"":3,""kind"":""self"",""pair"":null,""value"":null},{""row"":3,""col"":4,""kind"":""eligible"",""pair"":{""id"":""pair-dc045d7a2d479530"",""teamId"":""oe:team:e7121adad88546bce0ff2cc41c2d343"",""teamName"":""Axolotl"",""playerAId"":""oe:player:acc1b36d8d542ce2e2ee369a40267ae"",""playerBId"":""oe:player:ffc7be970454e6871321d2385be5a22"",""playerA"":""KroMAX"",""playerB"":""Creon"",""stats"":{""eligible"":true,""n_games_total"":17.0,""n_games"":10.0,""n_days"":7.0,""mean_impact"":0.09212474,""shrunk_impact"":0.04606237,""ci_low"":-0.19983791,""ci_high"":0.19281659,""win_rate"":0.6}},""value"":0.04606237},{""row"":4,""col"":0,""kind"":""eligible"",""pair"":{""id"":""pair-c68fd953a2c117ae"",""teamId"":""oe:team:e7121adad88546bce0ff2cc41c2d343"",""teamName"":""Axolotl"",""playerAId"":""oe:player:46c8f3a5fb8d9cf794de4991ee30c40"",""playerBId"":""oe:player:acc1b36d8d542ce2e2ee369a40267ae"",""playerA"":""Obelisk"",""playerB"":""KroMAX"",""stats"":{""eligible"":true,""n_games_total"":17.0,""n_games"":10.0,""n_days"":7.0,""mean_impact"":0.19551403,""shrunk_impact"":0.09775702,""ci_low"":-0.06851202,""ci_high"":0.18538498,""win_rate"":0.6}},""value"":0.09775702},{""row"":4,""col"":1,""kind"":""eligible"",""pair"":{""id"":""pair-0ba47e15b3455020"",""teamId"":""oe:team:e7121adad88546bce0ff2cc41c2d343"",""teamName"":""Axolotl"",""playerAId"":""oe:player:48e06b61418cf7d3391acd04e2462a6"",""playerBId"":""oe:player:acc1b36d8d542ce2e2ee369a40267ae"",""playerA"":""Kikis"",""playerB"":""KroMAX"",""stats"":{""eligible"":true,""n_games_total"":17.0,""n_games"":10.0,""n_days"":7.0,""mean_impact"":-0.19986775,""shrunk_impact"":-0.09993388,""ci_low"":-0.29209727,""ci_high"":-6.062e-05,""win_rate"":0.6}},""value"":-0.09993388},{""row"":4,""col"":2,""kind"":""sparse"",""pair"":{""id"":""pair-d23afebd7ee203fc"",""teamId"":""oe:team:e7121adad88546bce0ff2cc41c2d343"",""teamName"":""Axolotl"",""playerAId"":""oe:player:4b6557e79af901ff0372a85f848ccb8"",""playerBId"":""oe:player:acc1b36d8d542ce2e2ee369a40267ae"",""playerA"":""Dream Maker"",""playerB"":""KroMAX"",""stats"":{""eligible"":false,""n_games_total"":7.0,""n_games"":7.0,""n_days"":4.0,""mean_impact"":0.17661625,""shrunk_impact"":0.07272434,""ci_low"":-0.18089028,""ci_high"":0.17417019,""win_rate"":0.42857143}},""value"":0.07272434},{""row"":4,""col"":3,""kind"":""eligible"",""pair"":{""id"":""pair-dc045d7a2d479530"",""teamId"":""oe:team:e7121adad88546bce0ff2cc41c2d343"",""teamName"":""Axolotl"",""playerAId"":""oe:player:acc1b36d8d542ce2e2ee369a40267ae"",""playerBId"":""oe:player:ffc7be970454e6871321d2385be5a22"",""playerA"":""KroMAX"",""playerB"":""Creon"",""stats"":{""eligible"":true,""n_games_total"":17.0,""n_games"":10.0,""n_days"":7.0,""mean_impact"":0.09212474,""shrunk_impact"":0.04606237,""ci_low"":-0.19983791,""ci_high"":0.19281659,""win_rate"":0.6}},""value"":0.04606237},{""row"":4,""col"":4,""kind"":""self"",""pair"":null,""value"":null}],""limit"":0.35742889,""hasEligiblePair"":true}"
lineup-29c106c5f5bbb845,oe:team:23dda07cf3e2a786d6b300cc78a1cf6,GGEsports,2023,oe:player:d623bb25dc94f5a8dfdab2689ac5615,TheCheeng,oe:player:c7673cc6a75e1633240f751f871ef49,Navatar,oe:player:b768e829b646b094c7df80ba249b193,gtrik,oe:player:43ba4f6beb2d73408cb2fcebd67b1ff,Teiyon,oe:player:b7fe50d252f0ea8a99edc0dfb504b4d,JeppeHou,5,5,5,0.45254121,0.15084707,0.00422475,0.36323376,False,0.20000000,518.63491115,1.31615540,0.20337281,0.20916095,0.20313300,0.20209322,0.19219677,0.15277288,0.21785045,0.22842758,0.22273074,0.23357555,0.16408904,0.18313077,"{""version"":1,""players"":[{""id"":""oe:player:d623bb25dc94f5a8dfdab2689ac5615"",""name"":""TheCheeng"",""role"":""top""},{""id"":""oe:player:c7673cc6a75e1633240f751f871ef49"",""name"":""Navatar"",""role"":""jng""},{""id"":""oe:player:b768e829b646b094c7df80ba249b193"",""name"":""gtrik"",""role"":""mid""},{""id"":""oe:player:43ba4f6beb2d73408cb2fcebd67b1ff"",""name"":""Teiyon"",""role"":""bot""},{""id"":""oe:player:b7fe50d252f0ea8a99edc0dfb504b4d"",""name"":""JeppeHou"",""role"":""sup""}],""cells"":[{""row"":0,""col"":0,""kind"":""self"",""pair"":null,""value"":null},{""row"":0,""col"":1,""kind"":""sparse"",""pair"":{""id"":""pair-68a629225cf44299"",""teamId"":""oe:team:23dda07cf3e2a786d6b300cc78a1cf6"",""teamName"":""GGEsports"",""playerAId"":""oe:player:c7673cc6a75e1633240f751f871ef49"",""playerBId"":""oe:player:d623bb25dc94f5a8dfdab2689ac5615"",""playerA"":""Navatar"",""playerB"":""TheCheeng"",""stats"":{""eligible"":false,""n_games_total"":12.0,""n_games"":6.0,""n_days"":6.0,""mean_impact"":0.07154274,""shrunk_impact"":0.02682853,""ci_low"":-0.0712982,""ci_high"":0.13195508,""win_rate"":0.16666667}},""value"":0.02682853},{""row"":0,""col"":2,""kind"":""sparse"",""pair"":{""id"":""pair-91050f5754ace2a7"",""teamId"":""oe:team:23dda07cf3e2a786d6b300cc78a1cf6"",""teamName"":""GGEsports"",""playerAId"":""oe:player:b768e829b646b094c7df80ba249b193"",""playerBId"":""oe:player:d623bb25dc94f5a8dfdab2689ac5615"",""playerA"":""gtrik"",""playerB"":""TheCheeng"",""stats"":{""eligible"":false,""n_games_total"":5.0,""n_games"":5.0,""n_days"":5.0,""mean_impact"":0.35085321,""shrunk_impact"":0.11695107,""ci_low"":-0.00818717,""ci_high"":0.31094205,""win_rate"":0.2}},""value"":0.11695107},{""row"":0,""col"":3,""kind"":""sparse"",""pair"":{""id"":""pair-18a756a7a344aef6"",""teamId"":""oe:team:23dda07cf3e2a786d6b300cc78a1cf6"",""teamName"":""GGEsports"",""playerAId"":""oe:player:43ba4f6beb2d73408cb2fcebd67b1ff"",""playerBId"":""oe:player:d623bb25dc94f5a8dfdab2689ac5615"",""playerA"":""Teiyon"",""playerB"":""TheCheeng"",""stats"":{""eligible"":false,""n_games_total"":12.0,""n_games"":6.0,""n_days"":6.0,""mean_impact"":0.22946613,""shrunk_impact"":0.0860498,""ci_low"":-0.0232492,""ci_high"":0.27401422,""win_rate"":0.16666667}},""value"":0.0860498},{""row"":0,""col"":4,""kind"":""sparse"",""pair"":{""id"":""pair-15a1a6ae56416375"",""teamId"":""oe:team:23dda07cf3e2a786d6b300cc78a1cf6"",""teamName"":""GGEsports"",""playerAId"":""oe:player:b7fe50d252f0ea8a99edc0dfb504b4d"",""playerBId"":""oe:player:d623bb25dc94f5a8dfdab2689ac5615"",""playerA"":""JeppeHou"",""playerB"":""TheCheeng"",""stats"":{""eligible"":false,""n_games_total"":10.0,""n_games"":6.0,""n_days"":6.0,""mean_impact"":0.79575479,""shrunk_impact"":0.29840805,""ci_low"":0.08738646,""ci_high"":0.56774666,""win_rate"":0.16666667}},""value"":0.29840805},{""row"":1,""col"":0,""kind"":""sparse"",""pair"":{""id"":""pair-68a629225cf44299"",""teamId"":""oe:team:23dda07cf3e2a786d6b300cc78a1cf6"",""teamName"":""GGEsports"",""playerAId"":""oe:player:c7673cc6a75e1633240f751f871ef49"",""playerBId"":""oe:player:d623bb25dc94f5a8dfdab2689ac5615"",""playerA"":""Navatar"",""playerB"":""TheCheeng"",""stats"":{""eligible"":false,""n_games_total"":12.0,""n_games"":6.0,""n_days"":6.0,""mean_impact"":0.07154274,""shrunk_impact"":0.02682853,""ci_low"":-0.0712982,""ci_high"":0.13195508,""win_rate"":0.16666667}},""value"":0.02682853},{""row"":1,""col"":1,""kind"":""self"",""pair"":null,""value"":null},{""row"":1,""col"":2,""kind"":""sparse"",""pair"":{""id"":""pair-20883a410e27471a"",""teamId"":""oe:team:23dda07cf3e2a786d6b300cc78a1cf6"",""teamName"":""GGEsports"",""playerAId"":""oe:player:b768e829b646b094c7df80ba249b193"",""playerBId"":""oe:player:c7673cc6a75e1633240f751f871ef49"",""playerA"":""gtrik"",""playerB"":""Navatar"",""stats"":{""eligible"":false,""n_games_total"":6.0,""n_games"":6.0,""n_days"":6.0,""mean_impact"":-0.09389187,""shrunk_impact"":-0.03520945,""ci_low"":-0.20231762,""ci_high"":0.17456323,""win_rate"":0.16666667}},""value"":-0.03520945},{""row"":1,""col"":3,""kind"":""sparse"",""pair"":{""id"":""pair-b55db0bf1cb37b46"",""teamId"":""oe:team:23dda07cf3e2a786d6b300cc78a1cf6"",""teamName"":""GGEsports"",""playerAId"":""oe:player:43ba4f6beb2d73408cb2fcebd67b1ff"",""playerBId"":""oe:player:c7673cc6a75e1633240f751f871ef49"",""playerA"":""Teiyon"",""playerB"":""Navatar"",""stats"":{""eligible"":false,""n_games_total"":13.0,""n_games"":7.0,""n_days"":7.0,""mean_impact"":-0.06451089,""shrunk_impact"":-0.02656331,""ci_low"":-0.12239395,""ci_high"":0.12382979,""win_rate"":0.14285714}},""value"":-0.02656331},{""row"":1,""col"":4,""kind"":""sparse"",""pair"":{""id"":""pair-1c09c6f90c412bdb"",""teamId"":""oe:team:23dda07cf3e2a786d6b300cc78a1cf6"",""teamName"":""GGEsports"",""playerAId"":""oe:player:b7fe50d252f0ea8a99edc0dfb504b4d"",""playerBId"":""oe:player:c7673cc6a75e1633240f751f871ef49"",""playerA"":""JeppeHou"",""playerB"":""Navatar"",""stats"":{""eligible"":false,""n_games_total"":11.0,""n_games"":7.0,""n_days"":7.0,""mean_impact"":0.41287774,""shrunk_impact"":0.17000848,""ci_low"":-0.02982205,""ci_high"":0.3980769,""win_rate"":0.14285714}},""value"":0.17000848},{""row"":2,""col"":0,""kind"":""sparse"",""pair"":{""id"":""pair-91050f5754ace2a7"",""teamId"":""oe:team:23dda07cf3e2a786d6b300cc78a1cf6"",""teamName"":""GGEsports"",""playerAId"":""oe:player:b768e829b646b094c7df80ba249b193"",""playerBId"":""oe:player:d623bb25dc94f5a8dfdab2689ac5615"",""playerA"":""gtrik"",""playerB"":""TheCheeng"",""stats"":{""eligible"":false,""n_games_total"":5.0,""n_games"":5.0,""n_days"":5.0,""mean_impact"":0.35085321,""shrunk_impact"":0.11695107,""ci_low"":-0.00818717,""ci_high"":0.31094205,""win_rate"":0.2}},""value"":0.11695107},{""row"":2,""col"":1,""kind"":""sparse"",""pair"":{""id"":""pair-20883a410e27471a"",""teamId"":""oe:team:23dda07cf3e2a786d6b300cc78a1cf6"",""teamName"":""GGEsports"",""playerAId"":""oe:player:b768e829b646b094c7df80ba249b193"",""playerBId"":""oe:player:c7673cc6a75e1633240f751f871ef49"",""playerA"":""gtrik"",""playerB"":""Navatar"",""stats"":{""eligible"":false,""n_games_total"":6.0,""n_games"":6.0,""n_days"":6.0,""mean_impact"":-0.09389187,""shrunk_impact"":-0.03520945,""ci_low"":-0.20231762,""ci_high"":0.17456323,""win_rate"":0.16666667}},""value"":-0.03520945},{""row"":2,""col"":2,""kind"":""self"",""pair"":null,""value"":null},{""row"":2,""col"":3,""kind"":""sparse"",""pair"":{""id"":""pair-1c069f31a0118538"",""teamId"":""oe:team:23dda07cf3e2a786d6b300cc78a1cf6"",""teamName"":""GGEsports"",""playerAId"":""oe:player:43ba4f6beb2d73408cb2fcebd67b1ff"",""playerBId"":""oe:player:b768e829b646b094c7df80ba249b193"",""playerA"":""Teiyon"",""playerB"":""gtrik"",""stats"":{""eligible"":false,""n_games_total"":6.0,""n_games"":6.0,""n_days"":6.0,""mean_impact"":0.20792776,""shrunk_impact"":0.07797291,""ci_low"":-0.11012781,""ci_high"":0.34405509,""win_rate"":0.16666667}},""value"":0.07797291},{""row"":2,""col"":4,""kind"":""sparse"",""pair"":{""id"":""pair-47e04dcdc87fcb06"",""teamId"":""oe:team:23dda07cf3e2a786d6b300cc78a1cf6"",""teamName"":""GGEsports"",""playerAId"":""oe:player:b768e829b646b094c7df80ba249b193"",""playerBId"":""oe:player:b7fe50d252f0ea8a99edc0dfb504b4d"",""playerA"":""gtrik"",""playerB"":""JeppeHou"",""stats"":{""eligible"":false,""n_games_total"":6.0,""n_games"":6.0,""n_days"":6.0,""mean_impact"":0.75927227,""shrunk_impact"":0.2847271,""ci_low"":0.02173226,""ci_high"":0.62146038,""win_rate"":0.16666667}},""value"":0.2847271},{""row"":3,""col"":0,""kind"":""sparse"",""pair"":{""id"":""pair-18a756a7a344aef6"",""teamId"":""oe:team:23dda07cf3e2a786d6b300cc78a1cf6"",""teamName"":""GGEsports"",""playerAId"":""oe:player:43ba4f6beb2d73408cb2fcebd67b1ff"",""playerBId"":""oe:player:d623bb25dc94f5a8dfdab2689ac5615"",""playerA"":""Teiyon"",""playerB"":""TheCheeng"",""stats"":{""eligible"":false,""n_games_total"":12.0,""n_games"":6.0,""n_days"":6.0,""mean_impact"":0.22946613,""shrunk_impact"":0.0860498,""ci_low"":-0.0232492,""ci_high"":0.27401422,""win_rate"":0.16666667}},""value"":0.0860498},{""row"":3,""col"":1,""kind"":""sparse"",""pair"":{""id"":""pair-b55db0bf1cb37b46"",""teamId"":""oe:team:23dda07cf3e2a786d6b300cc78a1cf6"",""teamName"":""GGEsports"",""playerAId"":""oe:player:43ba4f6beb2d73408cb2fcebd67b1ff"",""playerBId"":""oe:player:c7673cc6a75e1633240f751f871ef49"",""playerA"":""Teiyon"",""playerB"":""Navatar"",""stats"":{""eligible"":false,""n_games_total"":13.0,""n_games"":7.0,""n_days"":7.0,""mean_impact"":-0.06451089,""shrunk_impact"":-0.02656331,""ci_low"":-0.12239395,""ci_high"":0.12382979,""win_rate"":0.14285714}},""value"":-0.02656331},{""row"":3,""col"":2,""kind"":""sparse"",""pair"":{""id"":""pair-1c069f31a0118538"",""teamId"":""oe:team:23dda07cf3e2a786d6b300cc78a1cf6"",""teamName"":""GGEsports"",""playerAId"":""oe:player:43ba4f6beb2d73408cb2fcebd67b1ff"",""playerBId"":""oe:player:b768e829b646b094c7df80ba249b193"",""playerA"":""Teiyon"",""playerB"":""gtrik"",""stats"":{""eligible"":false,""n_games_total"":6.0,""n_games"":6.0,""n_days"":6.0,""mean_impact"":0.20792776,""shrunk_impact"":0.07797291,""ci_low"":-0.11012781,""ci_high"":0.34405509,""win_rate"":0.16666667}},""value"":0.07797291},{""row"":3,""col"":3,""kind"":""self"",""pair"":null,""value"":null},{""row"":3,""col"":4,""kind"":""sparse"",""pair"":{""id"":""pair-59c19b43dc5905aa"",""teamId"":""oe:team:23dda07cf3e2a786d6b300cc78a1cf6"",""teamName"":""GGEsports"",""playerAId"":""oe:player:43ba4f6beb2d73408cb2fcebd67b1ff"",""playerBId"":""oe:player:b7fe50d252f0ea8a99edc0dfb504b4d"",""playerA"":""Teiyon"",""playerB"":""JeppeHou"",""stats"":{""eligible"":false,""n_games_total"":11.0,""n_games"":7.0,""n_days"":7.0,""mean_impact"":0.62450797,""shrunk_impact"":0.25715034,""ci_low"":0.01239322,""ci_high"":0.56036934,""win_rate"":0.14285714}},""value"":0.25715034},{""row"":4,""col"":0,""kind"":""sparse"",""pair"":{""id"":""pair-15a1a6ae56416375"",""teamId"":""oe:team:23dda07cf3e2a786d6b300cc78a1cf6"",""teamName"":""GGEsports"",""playerAId"":""oe:player:b7fe50d252f0ea8a99edc0dfb504b4d"",""playerBId"":""oe:player:d623bb25dc94f5a8dfdab2689ac5615"",""playerA"":""JeppeHou"",""playerB"":""TheCheeng"",""stats"":{""eligible"":false,""n_games_total"":10.0,""n_games"":6.0,""n_days"":6.0,""mean_impact"":0.79575479,""shrunk_impact"":0.29840805,""ci_low"":0.08738646,""ci_high"":0.56774666,""win_rate"":0.16666667}},""value"":0.29840805},{""row"":4,""col"":1,""kind"":""sparse"",""pair"":{""id"":""pair-1c09c6f90c412bdb"",""teamId"":""oe:team:23dda07cf3e2a786d6b300cc78a1cf6"",""teamName"":""GGEsports"",""playerAId"":""oe:player:b7fe50d252f0ea8a99edc0dfb504b4d"",""playerBId"":""oe:player:c7673cc6a75e1633240f751f871ef49"",""playerA"":""JeppeHou"",""playerB"":""Navatar"",""stats"":{""eligible"":false,""n_games_total"":11.0,""n_games"":7.0,""n_days"":7.0,""mean_impact"":0.41287774,""shrunk_impact"":0.17000848,""ci_low"":-0.02982205,""ci_high"":0.3980769,""win_rate"":0.14285714}},""value"":0.17000848},{""row"":4,""col"":2,""kind"":""sparse"",""pair"":{""id"":""pair-47e04dcdc87fcb06"",""teamId"":""oe:team:23dda07cf3e2a786d6b300cc78a1cf6"",""teamName"":""GGEsports"",""playerAId"":""oe:player:b768e829b646b094c7df80ba249b193"",""playerBId"":""oe:player:b7fe50d252f0ea8a99edc0dfb504b4d"",""playerA"":""gtrik"",""playerB"":""JeppeHou"",""stats"":{""eligible"":false,""n_games_total"":6.0,""n_games"":6.0,""n_days"":6.0,""mean_impact"":0.75927227,""shrunk_impact"":0.2847271,""ci_low"":0.02173226,""ci_high"":0.62146038,""win_rate"":0.16666667}},""value"":0.2847271},{""row"":4,""col"":3,""kind"":""sparse"",""pair"":{""id"":""pair-59c19b43dc5905aa"",""teamId"":""oe:team:23dda07cf3e2a786d6b300cc78a1cf6"",""teamName"":""GGEsports"",""playerAId"":""oe:player:43ba4f6beb2d73408cb2fcebd67b1ff"",""playerBId"":""oe:player:b7fe50d252f0ea8a99edc0dfb504b4d"",""playerA"":""Teiyon"",""playerB"":""JeppeHou"",""stats"":{""eligible"":false,""n_games_total"":11.0,""n_games"":7.0,""n_days"":7.0,""mean_impact"":0.62450797,""shrunk_impact"":0.25715034,""ci_low"":0.01239322,""ci_high"":0.56036934,""win_rate"":0.14285714}},""value"":0.25715034},{""row"":4,""col"":4,""kind"":""self"",""pair"":null,""value"":null}],""limit"":0.29840805,""hasEligiblePair"":false}"
lineup-29e96c24eef8bcc8,oe:team:ee569c9f5e85fba8fcf57d51b1b78ed,DREN Esports,2023,oe:player:d623bb25dc94f5a8dfdab2689ac5615,TheCheeng,oe:player:1803cfd1a017efe15edef6546bdac2b,Gaboesh,oe:player:a0c87894f0e56ae5f63b8d22f450532,FENZ1,oe:player:cd59def3023c9e0be42a59a178eab0a,Taba,oe:player:54cdca5a55dca8e6da7e43d33b7c361,Paradox,11,11,11,-0.20846042,-0.10919355,-0.22374210,0.00008274,True,0.27272727,415.79001653,1.33923543,0.20952581,0.25580974,0.20223975,0.19537553,0.18545048,0.15164368,0.22894398,0.27725472,0.24916815,0.31217214,0.13419763,0.06355393,"{""version"":1,""players"":[{""id"":""oe:player:d623bb25dc94f5a8dfdab2689ac5615"",""name"":""TheCheeng"",""role"":""top""},{""id"":""oe:player:1803cfd1a017efe15edef6546bdac2b"",""name"":""Gaboesh"",""role"":""jng""},{""id"":""oe:player:a0c87894f0e56ae5f63b8d22f450532"",""name"":""FENZ1"",""role"":""mid""},{""id"":""oe:player:cd59def3023c9e0be42a59a178eab0a"",""name"":""Taba"",""role"":""bot""},{""id"":""oe:player:54cdca5a55dca8e6da7e43d33b7c361"",""name"":""Paradox"",""role"":""sup""}],""cells"":[{""row"":0,""col"":0,""kind"":""self"",""pair"":null,""value"":null},{""row"":0,""col"":1,""kind"":""eligible"",""pair"":{""id"":""pair-2d7aa6afae3222f6"",""teamId"":""oe:team:ee569c9f5e85fba8fcf57d51b1b78ed"",""teamName"":""DREN Esports"",""playerAId"":""oe:player:1803cfd1a017efe15edef6546bdac2b"",""playerBId"":""oe:player:d623bb25dc94f5a8dfdab2689ac5615"",""playerA"":""Gaboesh"",""playerB"":""TheCheeng"",""stats"":{""eligible"":true,""n_games_total"":12.0,""n_games"":12.0,""n_days"":12.0,""mean_impact"":-0.42039385,""shrunk_impact"":-0.22930574,""ci_low"":-0.29691549,""ci_high"":-0.15591965,""win_rate"":0.25}},""value"":-0.22930574},{""row"":0,""col"":2,""kind"":""eligible"",""pair"":{""id"":""pair-20cfc492a3107c47"",""teamId"":""oe:team:ee569c9f5e85fba8fcf57d51b1b78ed"",""teamName"":""DREN Esports"",""playerAId"":""oe:player:a0c87894f0e56ae5f63b8d22f450532"",""playerBId"":""oe:player:d623bb25dc94f5a8dfdab2689ac5615"",""playerA"":""FENZ1"",""playerB"":""TheCheeng"",""stats"":{""eligible"":true,""n_games_total"":12.0,""n_games"":12.0,""n_days"":12.0,""mean_impact"":-0.14795065,""shrunk_impact"":-0.08070035,""ci_low"":-0.21593725,""ci_high"":0.06742184,""win_rate"":0.25}},""value"":-0.08070035},{""row"":0,""col"":3,""kind"":""eligible"",""pair"":{""id"":""pair-a8e3b03475884d3c"",""teamId"":""oe:team:ee569c9f5e85fba8fcf57d51b1b78ed"",""teamName"":""DREN Esports"",""playerAId"":""oe:player:cd59def3023c9e0be42a59a178eab0a"",""playerBId"":""oe:player:d623bb25dc94f5a8dfdab2689ac5615"",""playerA"":""Taba"",""playerB"":""TheCheeng"",""stats"":{""eligible"":true,""n_games_total"":11.0,""n_games"":11.0,""n_days"":11.0,""mean_impact"":-0.0347744,""shrunk_impact"":-0.01821516,""ci_low"":-0.19403561,""ci_high"":0.15943363,""win_rate"":0.27272727}},""value"":-0.01821516},{""row"":0,""col"":4,""kind"":""eligible"",""pair"":{""id"":""pair-fe33d6403fb82886"",""teamId"":""oe:team:ee569c9f5e85fba8fcf57d51b1b78ed"",""teamName"":""DREN Esports"",""playerAId"":""oe:player:54cdca5a55dca8e6da7e43d33b7c361"",""playerBId"":""oe:player:d623bb25dc94f5a8dfdab2689ac5615"",""playerA"":""Paradox"",""playerB"":""TheCheeng"",""stats"":{""eligible"":true,""n_games_total"":12.0,""n_games"":12.0,""n_days"":12.0,""mean_impact"":-0.54515354,""shrunk_impact"":-0.29735648,""ci_low"":-0.40672353,""ci_high"":-0.20098749,""win_rate"":0.25}},""value"":-0.29735648},{""row"":1,""col"":0,""kind"":""eligible"",""pair"":{""id"":""pair-2d7aa6afae3222f6"",""teamId"":""oe:team:ee569c9f5e85fba8fcf57d51b1b78ed"",""teamName"":""DREN Esports"",""playerAId"":""oe:player:1803cfd1a017efe15edef6546bdac2b"",""playerBId"":""oe:player:d623bb25dc94f5a8dfdab2689ac5615"",""playerA"":""Gaboesh"",""playerB"":""TheCheeng"",""stats"":{""eligible"":true,""n_games_total"":12.0,""n_games"":12.0,""n_days"":12.0,""mean_impact"":-0.42039385,""shrunk_impact"":-0.22930574,""ci_low"":-0.29691549,""ci_high"":-0.15591965,""win_rate"":0.25}},""value"":-0.22930574},{""row"":1,""col"":1,""kind"":""self"",""pair"":null,""value"":null},{""row"":1,""col"":2,""kind"":""eligible"",""pair"":{""id"":""pair-b217532db9c73057"",""teamId"":""oe:team:ee569c9f5e85fba8fcf57d51b1b78ed"",""teamName"":""DREN Esports"",""playerAId"":""oe:player:1803cfd1a017efe15edef6546bdac2b"",""playerBId"":""oe:player:a0c87894f0e56ae5f63b8d22f450532"",""playerA"":""Gaboesh"",""playerB"":""FENZ1"",""stats"":{""eligible"":true,""n_games_total"":14.0,""n_games"":14.0,""n_days"":14.0,""mean_impact"":-0.18432202,""shrunk_impact"":-0.10752118,""ci_low"":-0.2539435,""ci_high"":0.03790662,""win_rate"":0.21428571}},""value"":-0.10752118},{""row"":1,""col"":3,""kind"":""eligible"",""pair"":{""id"":""pair-c13541e592f64b2a"",""teamId"":""oe:team:ee569c9f5e85fba8fcf57d51b1b78ed"",""teamName"":""DREN Esports"",""playerAId"":""oe:player:1803cfd1a017efe15edef6546bdac2b"",""playerBId"":""oe:player:cd59def3023c9e0be42a59a178eab0a"",""playerA"":""Gaboesh"",""playerB"":""Taba"",""stats"":{""eligible"":true,""n_games_total"":12.0,""n_games"":12.0,""n_days"":12.0,""mean_impact"":0.00733693,""shrunk_impact"":0.00400196,""ci_low"":-0.17841276,""ci_high"":0.20951543,""win_rate"":0.25}},""value"":0.00400196},{""row"":1,""col"":4,""kind"":""eligible"",""pair"":{""id"":""pair-dc6ea1f3494f7ee2"",""teamId"":""oe:team:ee569c9f5e85fba8fcf57d51b1b78ed"",""teamName"":""DREN Esports"",""playerAId"":""oe:player:1803cfd1a017efe15edef6546bdac2b"",""playerBId"":""oe:player:54cdca5a55dca8e6da7e43d33b7c361"",""playerA"":""Gaboesh"",""playerB"":""Paradox"",""stats"":{""eligible"":true,""n_games_total"":14.0,""n_games"":14.0,""n_days"":14.0,""mean_impact"":-0.53609988,""shrunk_impact"":-0.31272493,""ci_low"":-0.41792419,""ci_high"":-0.19655123,""win_rate"":0.21428571}},""value"":-0.31272493},{""row"":2,""col"":0,""kind"":""eligible"",""pair"":{""id"":""pair-20cfc492a3107c47"",""teamId"":""oe:team:ee569c9f5e85fba8fcf57d51b1b78ed"",""teamName"":""DREN Esports"",""playerAId"":""oe:player:a0c87894f0e56ae5f63b8d22f450532"",""playerBId"":""oe:player:d623bb25dc94f5a8dfdab2689ac5615"",""playerA"":""FENZ1"",""playerB"":""TheCheeng"",""stats"":{""eligible"":true,""n_games_total"":12.0,""n_games"":12.0,""n_days"":12.0,""mean_impact"":-0.14795065,""shrunk_impact"":-0.08070035,""ci_low"":-0.21593725,""ci_high"":0.06742184,""win_rate"":0.25}},""value"":-0.08070035},{""row"":2,""col"":1,""kind"":""eligible"",""pair"":{""id"":""pair-b217532db9c73057"",""teamId"":""oe:team:ee569c9f5e85fba8fcf57d51b1b78ed"",""teamName"":""DREN Esports"",""playerAId"":""oe:player:1803cfd1a017efe15edef6546bdac2b"",""playerBId"":""oe:player:a0c87894f0e56ae5f63b8d22f450532"",""playerA"":""Gaboesh"",""playerB"":""FENZ1"",""stats"":{""eligible"":true,""n_games_total"":14.0,""n_games"":14.0,""n_days"":14.0,""mean_impact"":-0.18432202,""shrunk_impact"":-0.10752118,""ci_low"":-0.2539435,""ci_high"":0.03790662,""win_rate"":0.21428571}},""value"":-0.10752118},{""row"":2,""col"":2,""kind"":""self"",""pair"":null,""value"":null},{""row"":2,""col"":3,""kind"":""eligible"",""pair"":{""id"":""pair-94652244f0931611"",""teamId"":""oe:team:ee569c9f5e85fba8fcf57d51b1b78ed"",""teamName"":""DREN Esports"",""playerAId"":""oe:player:a0c87894f0e56ae5f63b8d22f450532"",""playerBId"":""oe:player:cd59def3023c9e0be42a59a178eab0a"",""playerA"":""FENZ1"",""playerB"":""Taba"",""stats"":{""eligible"":true,""n_games_total"":12.0,""n_games"":12.0,""n_days"":12.0,""mean_impact"":0.29051121,""shrunk_impact"":0.15846066,""ci_low"":-0.06759887,""ci_high"":0.36222025,""win_rate"":0.25}},""value"":0.15846066},{""row"":2,""col"":4,""kind"":""eligible"",""pair"":{""id"":""pair-35904e91a8f9e9fa"",""teamId"":""oe:team:ee569c9f5e85fba8fcf57d51b1b78ed"",""teamName"":""DREN Esports"",""playerAId"":""oe:player:54cdca5a55dca8e6da7e43d33b7c361"",""playerBId"":""oe:player:a0c87894f0e56ae5f63b8d22f450532"",""playerA"":""Paradox"",""playerB"":""FENZ1"",""stats"":{""eligible"":true,""n_games_total"":14.0,""n_games"":14.0,""n_days"":14.0,""mean_impact"":-0.26150024,""shrunk_impact"":-0.15254181,""ci_low"":-0.28459896,""ci_high"":-0.01900481,""win_rate"":0.21428571}},""value"":-0.15254181},{""row"":3,""col"":0,""kind"":""eligible"",""pair"":{""id"":""pair-a8e3b03475884d3c"",""teamId"":""oe:team:ee569c9f5e85fba8fcf57d51b1b78ed"",""teamName"":""DREN Esports"",""playerAId"":""oe:player:cd59def3023c9e0be42a59a178eab0a"",""playerBId"":""oe:player:d623bb25dc94f5a8dfdab2689ac5615"",""playerA"":""Taba"",""playerB"":""TheCheeng"",""stats"":{""eligible"":true,""n_games_total"":11.0,""n_games"":11.0,""n_days"":11.0,""mean_impact"":-0.0347744,""shrunk_impact"":-0.01821516,""ci_low"":-0.19403561,""ci_high"":0.15943363,""win_rate"":0.27272727}},""value"":-0.01821516},{""row"":3,""col"":1,""kind"":""eligible"",""pair"":{""id"":""pair-c13541e592f64b2a"",""teamId"":""oe:team:ee569c9f5e85fba8fcf57d51b1b78ed"",""teamName"":""DREN Esports"",""playerAId"":""oe:player:1803cfd1a017efe15edef6546bdac2b"",""playerBId"":""oe:player:cd59def3023c9e0be42a59a178eab0a"",""playerA"":""Gaboesh"",""playerB"":""Taba"",""stats"":{""eligible"":true,""n_games_total"":12.0,""n_games"":12.0,""n_days"":12.0,""mean_impact"":0.00733693,""shrunk_impact"":0.00400196,""ci_low"":-0.17841276,""ci_high"":0.20951543,""win_rate"":0.25}},""value"":0.00400196},{""row"":3,""col"":2,""kind"":""eligible"",""pair"":{""id"":""pair-94652244f0931611"",""teamId"":""oe:team:ee569c9f5e85fba8fcf57d51b1b78ed"",""teamName"":""DREN Esports"",""playerAId"":""oe:player:a0c87894f0e56ae5f63b8d22f450532"",""playerBId"":""oe:player:cd59def3023c9e0be42a59a178eab0a"",""playerA"":""FENZ1"",""playerB"":""Taba"",""stats"":{""eligible"":true,""n_games_total"":12.0,""n_games"":12.0,""n_days"":12.0,""mean_impact"":0.29051121,""shrunk_impact"":0.15846066,""ci_low"":-0.06759887,""ci_high"":0.36222025,""win_rate"":0.25}},""value"":0.15846066},{""row"":3,""col"":3,""kind"":""self"",""pair"":null,""value"":null},{""row"":3,""col"":4,""kind"":""eligible"",""pair"":{""id"":""pair-69721dae5e74cdff"",""teamId"":""oe:team:ee569c9f5e85fba8fcf57d51b1b78ed"",""teamName"":""DREN Esports"",""playerAId"":""oe:player:54cdca5a55dca8e6da7e43d33b7c361"",""playerBId"":""oe:player:cd59def3023c9e0be42a59a178eab0a"",""playerA"":""Paradox"",""playerB"":""Taba"",""stats"":{""eligible"":true,""n_games_total"":12.0,""n_games"":12.0,""n_days"":12.0,""mean_impact"":-0.10208548,""shrunk_impact"":-0.05568299,""ci_low"":-0.20601883,""ci_high"":0.10603561,""win_rate"":0.25}},""value"":-0.05568299},{""row"":4,""col"":0,""kind"":""eligible"",""pair"":{""id"":""pair-fe33d6403fb82886"",""teamId"":""oe:team:ee569c9f5e85fba8fcf57d51b1b78ed"",""teamName"":""DREN Esports"",""playerAId"":""oe:player:54cdca5a55dca8e6da7e43d33b7c361"",""playerBId"":""oe:player:d623bb25dc94f5a8dfdab2689ac5615"",""playerA"":""Paradox"",""playerB"":""TheCheeng"",""stats"":{""eligible"":true,""n_games_total"":12.0,""n_games"":12.0,""n_days"":12.0,""mean_impact"":-0.54515354,""shrunk_impact"":-0.29735648,""ci_low"":-0.40672353,""ci_high"":-0.20098749,""win_rate"":0.25}},""value"":-0.29735648},{""row"":4,""col"":1,""kind"":""eligible"",""pair"":{""id"":""pair-dc6ea1f3494f7ee2"",""teamId"":""oe:team:ee569c9f5e85fba8fcf57d51b1b78ed"",""teamName"":""DREN Esports"",""playerAId"":""oe:player:1803cfd1a017efe15edef6546bdac2b"",""playerBId"":""oe:player:54cdca5a55dca8e6da7e43d33b7c361"",""playerA"":""Gaboesh"",""playerB"":""Paradox"",""stats"":{""eligible"":true,""n_games_total"":14.0,""n_games"":14.0,""n_days"":14.0,""mean_impact"":-0.53609988,""shrunk_impact"":-0.31272493,""ci_low"":-0.41792419,""ci_high"":-0.19655123,""win_rate"":0.21428571}},""value"":-0.31272493},{""row"":4,""col"":2,""kind"":""eligible"",""pair"":{""id"":""pair-35904e91a8f9e9fa"",""teamId"":""oe:team:ee569c9f5e85fba8fcf57d51b1b78ed"",""teamName"":""DREN Esports"",""playerAId"":""oe:player:54cdca5a55dca8e6da7e43d33b7c361"",""playerBId"":""oe:player:a0c87894f0e56ae5f63b8d22f450532"",""playerA"":""Paradox"",""playerB"":""FENZ1"",""stats"":{""eligible"":true,""n_games_total"":14.0,""n_games"":14.0,""n_days"":14.0,""mean_impact"":-0.26150024,""shrunk_impact"":-0.15254181,""ci_low"":-0.28459896,""ci_high"":-0.01900481,""win_rate"":0.21428571}},""value"":-0.15254181},{""row"":4,""col"":3,""kind"":""eligible"",""pair"":{""id"":""pair-69721dae5e74cdff"",""teamId"":""oe:team:ee569c9f5e85fba8fcf57d51b1b78ed"",""teamName"":""DREN Esports"",""playerAId"":""oe:player:54cdca5a55dca8e6da7e43d33b7c361"",""playerBId"":""oe:player:cd59def3023c9e0be42a59a178eab0a"",""playerA"":""Paradox"",""playerB"":""Taba"",""stats"":{""eligible"":true,""n_games_total"":12.0,""n_games"":12.0,""n_days"":12.0,""mean_impact"":-0.10208548,""shrunk_impact"":-0.05568299,""ci_low"":-0.20601883,""ci_high"":0.10603561,""win_rate"":0.25}},""value"":-0.05568299},{""row"":4,""col"":4,""kind"":""self"",""pair"":null,""value"":null}],""limit"":0.31272493,""hasEligiblePair"":true}"
lineup-35df2eae49d88a09,oe:team:cd6b4265231d4ba346274357681c335,aNc Outplayed,2023,oe:player:53ee1f6d941b631ed8148da49785378,Raider,oe:player:3697b5086f8d4511f75070f95c95aae,Faith,oe:player:4b6557e79af901ff0372a85f848ccb8,Dream Maker,oe:player:e7be24324b2d08ca8b3bca92bb28e06,Aklass,oe:player:4515c41bfcadfcf2e3c5880242f99a2,Shredder,10,10,7,0.09898813,0.04949406,-0.15086000,0.27573735,True,0.40000000,512.01992005,1.27667919,0.20901448,0.24087194,0.21053276,0.24497023,0.19261233,0.19668936,0.21135288,0.21478259,0.25123875,0.27078573,0.13426328,0.07277208,"{""version"":1,""players"":[{""id"":""oe:player:53ee1f6d941b631ed8148da49785378"",""name"":""Raider"",""role"":""top""},{""id"":""oe:player:3697b5086f8d4511f75070f95c95aae"",""name"":""Faith"",""role"":""jng""},{""id"":""oe:player:4b6557e79af901ff0372a85f848ccb8"",""name"":""Dream Maker"",""role"":""mid""},{""id"":""oe:player:e7be24324b2d08ca8b3bca92bb28e06"",""name"":""Aklass"",""role"":""bot""},{""id"":""oe:player:4515c41bfcadfcf2e3c5880242f99a2"",""name"":""Shredder"",""role"":""sup""}],""cells"":[{""row"":0,""col"":0,""kind"":""self"",""pair"":null,""value"":null},{""row"":0,""col"":1,""kind"":""eligible"",""pair"":{""id"":""pair-d27f7b7a72c47489"",""teamId"":""oe:team:cd6b4265231d4ba346274357681c335"",""teamName"":""aNc Outplayed"",""playerAId"":""oe:player:3697b5086f8d4511f75070f95c95aae"",""playerBId"":""oe:player:53ee1f6d941b631ed8148da49785378"",""playerA"":""Faith"",""playerB"":""Raider"",""stats"":{""eligible"":true,""n_games_total"":10.0,""n_games"":10.0,""n_days"":7.0,""mean_impact"":0.32171794,""shrunk_impact"":0.16085897,""ci_low"":-0.05688555,""ci_high"":0.4173378,""win_rate"":0.4}},""value"":0.16085897},{""row"":0,""col"":2,""kind"":""eligible"",""pair"":{""id"":""pair-4716edbd5812eb86"",""teamId"":""oe:team:cd6b4265231d4ba346274357681c335"",""teamName"":""aNc Outplayed"",""playerAId"":""oe:player:4b6557e79af901ff0372a85f848ccb8"",""playerBId"":""oe:player:53ee1f6d941b631ed8148da49785378"",""playerA"":""Dream Maker"",""playerB"":""Raider"",""stats"":{""eligible"":true,""n_games_total"":10.0,""n_games"":10.0,""n_days"":7.0,""mean_impact"":0.05540426,""shrunk_impact"":0.02770213,""ci_low"":-0.32559867,""ci_high"":0.36592927,""win_rate"":0.4}},""value"":0.02770213},{""row"":0,""col"":3,""kind"":""eligible"",""pair"":{""id"":""pair-1d7bb42dcd3e1e65"",""teamId"":""oe:team:cd6b4265231d4ba346274357681c335"",""teamName"":""aNc Outplayed"",""playerAId"":""oe:player:53ee1f6d941b631ed8148da49785378"",""playerBId"":""oe:player:e7be24324b2d08ca8b3bca92bb28e06"",""playerA"":""Raider"",""playerB"":""Aklass"",""stats"":{""eligible"":true,""n_games_total"":10.0,""n_games"":10.0,""n_days"":7.0,""mean_impact"":0.28381598,""shrunk_impact"":0.14190799,""ci_low"":-0.11440669,""ci_high"":0.43457472,""win_rate"":0.4}},""value"":0.14190799},{""row"":0,""col"":4,""kind"":""eligible"",""pair"":{""id"":""pair-2327fee35a95227d"",""teamId"":""oe:team:cd6b4265231d4ba346274357681c335"",""teamName"":""aNc Outplayed"",""playerAId"":""oe:player:4515c41bfcadfcf2e3c5880242f99a2"",""playerBId"":""oe:player:53ee1f6d941b631ed8148da49785378"",""playerA"":""Shredder"",""playerB"":""Raider"",""stats"":{""eligible"":true,""n_games_total"":10.0,""n_games"":10.0,""n_days"":7.0,""mean_impact"":0.0791625,""shrunk_impact"":0.03958125,""ci_low"":-0.11506322,""ci_high"":0.19664792,""win_rate"":0.4}},""value"":0.03958125},{""row"":1,""col"":0,""kind"":""eligible"",""pair"":{""id"":""pair-d27f7b7a72c47489"",""teamId"":""oe:team:cd6b4265231d4ba346274357681c335"",""teamName"":""aNc Outplayed"",""playerAId"":""oe:player:3697b5086f8d4511f75070f95c95aae"",""playerBId"":""oe:player:53ee1f6d941b631ed8148da49785378"",""playerA"":""Faith"",""playerB"":""Raider"",""stats"":{""eligible"":true,""n_games_total"":10.0,""n_games"":10.0,""n_days"":7.0,""mean_impact"":0.32171794,""shrunk_impact"":0.16085897,""ci_low"":-0.05688555,""ci_high"":0.4173378,""win_rate"":0.4}},""value"":0.16085897},{""row"":1,""col"":1,""kind"":""self"",""pair"":null,""value"":null},{""row"":1,""col"":2,""kind"":""eligible"",""pair"":{""id"":""pair-b1c9a463168ec6d1"",""teamId"":""oe:team:cd6b4265231d4ba346274357681c335"",""teamName"":""aNc Outplayed"",""playerAId"":""oe:player:3697b5086f8d4511f75070f95c95aae"",""playerBId"":""oe:player:4b6557e79af901ff0372a85f848ccb8"",""playerA"":""Faith"",""playerB"":""Dream Maker"",""stats"":{""eligible"":true,""n_games_total"":21.0,""n_games"":21.0,""n_days"":18.0,""mean_impact"":-0.1750657,""shrunk_impact"":-0.1185929,""ci_low"":-0.36623617,""ci_high"":0.12230306,""win_rate"":0.28571429}},""value"":-0.1185929},{""row"":1,""col"":3,""kind"":""eligible"",""pair"":{""id"":""pair-2f651145c27e7d7f"",""teamId"":""oe:team:cd6b4265231d4ba346274357681c335"",""teamName"":""aNc Outplayed"",""playerAId"":""oe:player:3697b5086f8d4511f75070f95c95aae"",""playerBId"":""oe:player:e7be24324b2d08ca8b3bca92bb28e06"",""playerA"":""Faith"",""playerB"":""Aklass"",""stats"":{""eligible"":true,""n_games_total"":10.0,""n_games"":10.0,""n_days"":7.0,""mean_impact"":0.27711367,""shrunk_impact"":0.13855684,""ci_low"":-0.13428383,""ci_high"":0.41844181,""win_rate"":0.4}},""value"":0.13855684},{""row"":1,""col"":4,""kind"":""eligible"",""pair"":{""id"":""pair-2081dfa7248abe8c"",""teamId"":""oe:team:cd6b4265231d4ba346274357681c335"",""teamName"":""aNc Outplayed"",""playerAId"":""oe:player:3697b5086f8d4511f75070f95c95aae"",""playerBId"":""oe:player:4515c41bfcadfcf2e3c5880242f99a2"",""playerA"":""Faith"",""playerB"":""Shredder"",""stats"":{""eligible"":true,""n_games_total"":10.0,""n_games"":10.0,""n_days"":7.0,""mean_impact"":0.07246019,""shrunk_impact"":0.0362301,""ci_low"":-0.09176011,""ci_high"":0.17815835,""win_rate"":0.4}},""value"":0.0362301},{""row"":2,""col"":0,""kind"":""eligible"",""pair"":{""id"":""pair-4716edbd5812eb86"",""teamId"":""oe:team:cd6b4265231d4ba346274357681c335"",""teamName"":""aNc Outplayed"",""playerAId"":""oe:player:4b6557e79af901ff0372a85f848ccb8"",""playerBId"":""oe:player:53ee1f6d941b631ed8148da49785378"",""playerA"":""Dream Maker"",""playerB"":""Raider"",""stats"":{""eligible"":true,""n_games_total"":10.0,""n_games"":10.0,""n_days"":7.0,""mean_impact"":0.05540426,""shrunk_impact"":0.02770213,""ci_low"":-0.32559867,""ci_high"":0.36592927,""win_rate"":0.4}},""value"":0.02770213},{""row"":2,""col"":1,""kind"":""eligible"",""pair"":{""id"":""pair-b1c9a463168ec6d1"",""teamId"":""oe:team:cd6b4265231d4ba346274357681c335"",""teamName"":""aNc Outplayed"",""playerAId"":""oe:player:3697b5086f8d4511f75070f95c95aae"",""playerBId"":""oe:player:4b6557e79af901ff0372a85f848ccb8"",""playerA"":""Faith"",""playerB"":""Dream Maker"",""stats"":{""eligible"":true,""n_games_total"":21.0,""n_games"":21.0,""n_days"":18.0,""mean_impact"":-0.1750657,""shrunk_impact"":-0.1185929,""ci_low"":-0.36623617,""ci_high"":0.12230306,""win_rate"":0.28571429}},""value"":-0.1185929},{""row"":2,""col"":2,""kind"":""self"",""pair"":null,""value"":null},{""row"":2,""col"":3,""kind"":""eligible"",""pair"":{""id"":""pair-6550db7bc33d2821"",""teamId"":""oe:team:cd6b4265231d4ba346274357681c335"",""teamName"":""aNc Outplayed"",""playerAId"":""oe:player:4b6557e79af901ff0372a85f848ccb8"",""playerBId"":""oe:player:e7be24324b2d08ca8b3bca92bb28e06"",""playerA"":""Dream Maker"",""playerB"":""Aklass"",""stats"":{""eligible"":true,""n_games_total"":10.0,""n_games"":10.0,""n_days"":7.0,""mean_impact"":0.0108,""shrunk_impact"":0.0054,""ci_low"":-0.28727542,""ci_high"":0.32997812,""win_rate"":0.4}},""value"":0.0054},{""row"":2,""col"":4,""kind"":""eligible"",""pair"":{""id"":""pair-9de9120f806b6558"",""teamId"":""oe:team:cd6b4265231d4ba346274357681c335"",""teamName"":""aNc Outplayed"",""playerAId"":""oe:player:4515c41bfcadfcf2e3c5880242f99a2"",""playerBId"":""oe:player:4b6557e79af901ff0372a85f848ccb8"",""playerA"":""Shredder"",""playerB"":""Dream Maker"",""stats"":{""eligible"":true,""n_games_total"":10.0,""n_games"":10.0,""n_days"":7.0,""mean_impact"":-0.19385348,""shrunk_impact"":-0.09692674,""ci_low"":-0.31071482,""ci_high"":0.09777271,""win_rate"":0.4}},""value"":-0.09692674},{""row"":3,""col"":0,""kind"":""eligible"",""pair"":{""id"":""pair-1d7bb42dcd3e1e65"",""teamId"":""oe:team:cd6b4265231d4ba346274357681c335"",""teamName"":""aNc Outplayed"",""playerAId"":""oe:player:53ee1f6d941b631ed8148da49785378"",""playerBId"":""oe:player:e7be24324b2d08ca8b3bca92bb28e06"",""playerA"":""Raider"",""playerB"":""Aklass"",""stats"":{""eligible"":true,""n_games_total"":10.0,""n_games"":10.0,""n_days"":7.0,""mean_impact"":0.28381598,""shrunk_impact"":0.14190799,""ci_low"":-0.11440669,""ci_high"":0.43457472,""win_rate"":0.4}},""value"":0.14190799},{""row"":3,""col"":1,""kind"":""eligible"",""pair"":{""id"":""pair-2f651145c27e7d7f"",""teamId"":""oe:team:cd6b4265231d4ba346274357681c335"",""teamName"":""aNc Outplayed"",""playerAId"":""oe:player:3697b5086f8d4511f75070f95c95aae"",""playerBId"":""oe:player:e7be24324b2d08ca8b3bca92bb28e06"",""playerA"":""Faith"",""playerB"":""Aklass"",""stats"":{""eligible"":true,""n_games_total"":10.0,""n_games"":10.0,""n_days"":7.0,""mean_impact"":0.27711367,""shrunk_impact"":0.13855684,""ci_low"":-0.13428383,""ci_high"":0.41844181,""win_rate"":0.4}},""value"":0.13855684},{""row"":3,""col"":2,""kind"":""eligible"",""pair"":{""id"":""pair-6550db7bc33d2821"",""teamId"":""oe:team:cd6b4265231d4ba346274357681c335"",""teamName"":""aNc Outplayed"",""playerAId"":""oe:player:4b6557e79af901ff0372a85f848ccb8"",""playerBId"":""oe:player:e7be24324b2d08ca8b3bca92bb28e06"",""playerA"":""Dream Maker"",""playerB"":""Aklass"",""stats"":{""eligible"":true,""n_games_total"":10.0,""n_games"":10.0,""n_days"":7.0,""mean_impact"":0.0108,""shrunk_impact"":0.0054,""ci_low"":-0.28727542,""ci_high"":0.32997812,""win_rate"":0.4}},""value"":0.0054},{""row"":3,""col"":3,""kind"":""self"",""pair"":null,""value"":null},{""row"":3,""col"":4,""kind"":""eligible"",""pair"":{""id"":""pair-adf0ee031388ba79"",""teamId"":""oe:team:cd6b4265231d4ba346274357681c335"",""teamName"":""aNc Outplayed"",""playerAId"":""oe:player:4515c41bfcadfcf2e3c5880242f99a2"",""playerBId"":""oe:player:e7be24324b2d08ca8b3bca92bb28e06"",""playerA"":""Shredder"",""playerB"":""Aklass"",""stats"":{""eligible"":true,""n_games_total"":10.0,""n_games"":10.0,""n_days"":7.0,""mean_impact"":0.03455823,""shrunk_impact"":0.01727912,""ci_low"":-0.16578998,""ci_high"":0.19767041,""win_rate"":0.4}},""value"":0.01727912},{""row"":4,""col"":0,""kind"":""eligible"",""pair"":{""id"":""pair-2327fee35a95227d"",""teamId"":""oe:team:cd6b4265231d4ba346274357681c335"",""teamName"":""aNc Outplayed"",""playerAId"":""oe:player:4515c41bfcadfcf2e3c5880242f99a2"",""playerBId"":""oe:player:53ee1f6d941b631ed8148da49785378"",""playerA"":""Shredder"",""playerB"":""Raider"",""stats"":{""eligible"":true,""n_games_total"":10.0,""n_games"":10.0,""n_days"":7.0,""mean_impact"":0.0791625,""shrunk_impact"":0.03958125,""ci_low"":-0.11506322,""ci_high"":0.19664792,""win_rate"":0.4}},""value"":0.03958125},{""row"":4,""col"":1,""kind"":""eligible"",""pair"":{""id"":""pair-2081dfa7248abe8c"",""teamId"":""oe:team:cd6b4265231d4ba346274357681c335"",""teamName"":""aNc Outplayed"",""playerAId"":""oe:player:3697b5086f8d4511f75070f95c95aae"",""playerBId"":""oe:player:4515c41bfcadfcf2e3c5880242f99a2"",""playerA"":""Faith"",""playerB"":""Shredder"",""stats"":{""eligible"":true,""n_games_total"":10.0,""n_games"":10.0,""n_days"":7.0,""mean_impact"":0.07246019,""shrunk_impact"":0.0362301,""ci_low"":-0.09176011,""ci_high"":0.17815835,""win_rate"":0.4}},""value"":0.0362301},{""row"":4,""col"":2,""kind"":""eligible"",""pair"":{""id"":""pair-9de9120f806b6558"",""teamId"":""oe:team:cd6b4265231d4ba346274357681c335"",""teamName"":""aNc Outplayed"",""playerAId"":""oe:player:4515c41bfcadfcf2e3c5880242f99a2"",""playerBId"":""oe:player:4b6557e79af901ff0372a85f848ccb8"",""playerA"":""Shredder"",""playerB"":""Dream Maker"",""stats"":{""eligible"":true,""n_games_total"":10.0,""n_games"":10.0,""n_days"":7.0,""mean_impact"":-0.19385348,""shrunk_impact"":-0.09692674,""ci_low"":-0.31071482,""ci_high"":0.09777271,""win_rate"":0.4}},""value"":-0.09692674},{""row"":4,""col"":3,""kind"":""eligible"",""pair"":{""id"":""pair-adf0ee031388ba79"",""teamId"":""oe:team:cd6b4265231d4ba346274357681c335"",""teamName"":""aNc Outplayed"",""playerAId"":""oe:player:4515c41bfcadfcf2e3c5880242f99a2"",""playerBId"":""oe:player:e7be24324b2d08ca8b3bca92bb28e06"",""playerA"":""Shredder"",""playerB"":""Aklass"",""stats"":{""eligible"":true,""n_games_total"":10.0,""n_games"":10.0,""n_days"":7.0,""mean_impact"":0.03455823,""shrunk_impact"":0.01727912,""ci_low"":-0.16578998,""ci_high"":0.19767041,""win_rate"":0.4}},""value"":0.01727912},{""row"":4,""col"":4,""kind"":""self"",""pair"":null,""value"":null}],""limit"":0.16085897,""hasEligiblePair"":true}"
lineup-375b4a2cb42f5069,oe:team:ee569c9f5e85fba8fcf57d51b1b78ed,DREN Esports,2023,oe:player:058fcf8b126253956deb3ce672d107a,Terror,oe:player:49ad46ff68fb4e6db0043aedc354e3b,OmulFinn,oe:player:55e35458830cbecac40b04619bd6029,STANIK,oe:player:43ba4f6beb2d73408cb2fcebd67b1ff,Teiyon,oe:player:cf92da6a565cf411663430c9b2a0f3b,Enryy,4,4,4,0.10296437,0.02941839,-0.06469412,0.15797685,False,0.00000000,449.04775141,1.12026600,0.20821921,0.23493242,0.19947470,0.23466039,0.20489770,0.16301908,0.24896097,0.30786577,0.21373503,0.21313104,0.13293161,0.08132372,"{""version"":1,""players"":[{""id"":""oe:player:058fcf8b126253956deb3ce672d107a"",""name"":""Terror"",""role"":""top""},{""id"":""oe:player:49ad46ff68fb4e6db0043aedc354e3b"",""name"":""OmulFinn"",""role"":""jng""},{""id"":""oe:player:55e35458830cbecac40b04619bd6029"",""name"":""STANIK"",""role"":""mid""},{""id"":""oe:player:43ba4f6beb2d73408cb2fcebd67b1ff"",""name"":""Teiyon"",""role"":""bot""},{""id"":""oe:player:cf92da6a565cf411663430c9b2a0f3b"",""name"":""Enryy"",""role"":""sup""}],""cells"":[{""row"":0,""col"":0,""kind"":""self"",""pair"":null,""value"":null},{""row"":0,""col"":1,""kind"":""sparse"",""pair"":{""id"":""pair-b3a87dcfc859dac6"",""teamId"":""oe:team:ee569c9f5e85fba8fcf57d51b1b78ed"",""teamName"":""DREN Esports"",""playerAId"":""oe:player:058fcf8b126253956deb3ce672d107a"",""playerBId"":""oe:player:49ad46ff68fb4e6db0043aedc354e3b"",""playerA"":""Terror"",""playerB"":""OmulFinn"",""stats"":{""eligible"":false,""n_games_total"":4.0,""n_games"":4.0,""n_days"":4.0,""mean_impact"":0.08957481,""shrunk_impact"":0.0255928,""ci_low"":-0.08626238,""ci_high"":0.15287441,""win_rate"":0.0}},""value"":0.0255928},{""row"":0,""col"":2,""kind"":""sparse"",""pair"":{""id"":""pair-2fe3495c57d2f975"",""teamId"":""oe:team:ee569c9f5e85fba8fcf57d51b1b78ed"",""teamName"":""DREN Esports"",""playerAId"":""oe:player:058fcf8b126253956deb3ce672d107a"",""playerBId"":""oe:player:55e35458830cbecac40b04619bd6029"",""playerA"":""Terror"",""playerB"":""STANIK"",""stats"":{""eligible"":false,""n_games_total"":4.0,""n_games"":4.0,""n_days"":4.0,""mean_impact"":0.36917937,""shrunk_impact"":0.10547982,""ci_low"":-0.01842175,""ci_high"":0.22938139,""win_rate"":0.0}},""value"":0.10547982},{""row"":0,""col"":3,""kind"":""sparse"",""pair"":{""id"":""pair-be13326629d8bb69"",""teamId"":""oe:team:ee569c9f5e85fba8fcf57d51b1b78ed"",""teamName"":""DREN Esports"",""playerAId"":""oe:player:058fcf8b126253956deb3ce672d107a"",""playerBId"":""oe:player:43ba4f6beb2d73408cb2fcebd67b1ff"",""playerA"":""Terror"",""playerB"":""Teiyon"",""stats"":{""eligible"":false,""n_games_total"":4.0,""n_games"":4.0,""n_days"":4.0,""mean_impact"":-0.026183,""shrunk_impact"":-0.00748086,""ci_low"":-0.10267761,""ci_high"":0.15063503,""win_rate"":0.0}},""value"":-0.00748086},{""row"":0,""col"":4,""kind"":""sparse"",""pair"":{""id"":""pair-46a018b796125ab0"",""teamId"":""oe:team:ee569c9f5e85fba8fcf57d51b1b78ed"",""teamName"":""DREN Esports"",""playerAId"":""oe:player:058fcf8b126253956deb3ce672d107a"",""playerBId"":""oe:player:cf92da6a565cf411663430c9b2a0f3b"",""playerA"":""Terror"",""playerB"":""Enryy"",""stats"":{""eligible"":false,""n_games_total"":4.0,""n_games"":4.0,""n_days"":4.0,""mean_impact"":0.18051834,""shrunk_impact"":0.05157667,""ci_low"":-0.03119367,""ci_high"":0.11118171,""win_rate"":0.0}},""value"":0.05157667},{""row"":1,""col"":0,""kind"":""sparse"",""pair"":{""id"":""pair-b3a87dcfc859dac6"",""teamId"":""oe:team:ee569c9f5e85fba8fcf57d51b1b78ed"",""teamName"":""DREN Esports"",""playerAId"":""oe:player:058fcf8b126253956deb3ce672d107a"",""playerBId"":""oe:player:49ad46ff68fb4e6db0043aedc354e3b"",""playerA"":""Terror"",""playerB"":""OmulFinn"",""stats"":{""eligible"":false,""n_games_total"":4.0,""n_games"":4.0,""n_days"":4.0,""mean_impact"":0.08957481,""shrunk_impact"":0.0255928,""ci_low"":-0.08626238,""ci_high"":0.15287441,""win_rate"":0.0}},""value"":0.0255928},{""row"":1,""col"":1,""kind"":""self"",""pair"":null,""value"":null},{""row"":1,""col"":2,""kind"":""sparse"",""pair"":{""id"":""pair-cb49cce5bdd46f48"",""teamId"":""oe:team:ee569c9f5e85fba8fcf57d51b1b78ed"",""teamName"":""DREN Esports"",""playerAId"":""oe:player:49ad46ff68fb4e6db0043aedc354e3b"",""playerBId"":""oe:player:55e35458830cbecac40b04619bd6029"",""playerA"":""OmulFinn"",""playerB"":""STANIK"",""stats"":{""eligible"":false,""n_games_total"":4.0,""n_games"":4.0,""n_days"":4.0,""mean_impact"":0.22163512,""shrunk_impact"":0.06332432,""ci_low"":-0.07334006,""ci_high"":0.20564145,""win_rate"":0.0}},""value"":0.06332432},{""row"":1,""col"":3,""kind"":""sparse"",""pair"":{""id"":""pair-f9468c0ab552bffc"",""teamId"":""oe:team:ee569c9f5e85fba8fcf57d51b1b78ed"",""teamName"":""DREN Esports"",""playerAId"":""oe:player:43ba4f6beb2d73408cb2fcebd67b1ff"",""playerBId"":""oe:player:49ad46ff68fb4e6db0043aedc354e3b"",""playerA"":""Teiyon"",""playerB"":""OmulFinn"",""stats"":{""eligible"":false,""n_games_total"":4.0,""n_games"":4.0,""n_days"":4.0,""mean_impact"":-0.17372725,""shrunk_impact"":-0.04963636,""ci_low"":-0.17606228,""ci_high"":0.15291047,""win_rate"":0.0}},""value"":-0.04963636},{""row"":1,""col"":4,""kind"":""sparse"",""pair"":{""id"":""pair-1912f49c901c12a3"",""teamId"":""oe:team:ee569c9f5e85fba8fcf57d51b1b78ed"",""teamName"":""DREN Esports"",""playerAId"":""oe:player:49ad46ff68fb4e6db0043aedc354e3b"",""playerBId"":""oe:player:cf92da6a565cf411663430c9b2a0f3b"",""playerA"":""OmulFinn"",""playerB"":""Enryy"",""stats"":{""eligible"":false,""n_games_total"":4.0,""n_games"":4.0,""n_days"":4.0,""mean_impact"":0.03297409,""shrunk_impact"":0.00942117,""ci_low"":-0.09305846,""ci_high"":0.09902356,""win_rate"":0.0}},""value"":0.00942117},{""row"":2,""col"":0,""kind"":""sparse"",""pair"":{""id"":""pair-2fe3495c57d2f975"",""teamId"":""oe:team:ee569c9f5e85fba8fcf57d51b1b78ed"",""teamName"":""DREN Esports"",""playerAId"":""oe:player:058fcf8b126253956deb3ce672d107a"",""playerBId"":""oe:player:55e35458830cbecac40b04619bd6029"",""playerA"":""Terror"",""playerB"":""STANIK"",""stats"":{""eligible"":false,""n_games_total"":4.0,""n_games"":4.0,""n_days"":4.0,""mean_impact"":0.36917937,""shrunk_impact"":0.10547982,""ci_low"":-0.01842175,""ci_high"":0.22938139,""win_rate"":0.0}},""value"":0.10547982},{""row"":2,""col"":1,""kind"":""sparse"",""pair"":{""id"":""pair-cb49cce5bdd46f48"",""teamId"":""oe:team:ee569c9f5e85fba8fcf57d51b1b78ed"",""teamName"":""DREN Esports"",""playerAId"":""oe:player:49ad46ff68fb4e6db0043aedc354e3b"",""playerBId"":""oe:player:55e35458830cbecac40b04619bd6029"",""playerA"":""OmulFinn"",""playerB"":""STANIK"",""stats"":{""eligible"":false,""n_games_total"":4.0,""n_games"":4.0,""n_days"":4.0,""mean_impact"":0.22163512,""shrunk_impact"":0.06332432,""ci_low"":-0.07334006,""ci_high"":0.20564145,""win_rate"":0.0}},""value"":0.06332432},{""row"":2,""col"":2,""kind"":""self"",""pair"":null,""value"":null},{""row"":2,""col"":3,""kind"":""sparse"",""pair"":{""id"":""pair-eec6786d5adc4704"",""teamId"":""oe:team:ee569c9f5e85fba8fcf57d51b1b78ed"",""teamName"":""DREN Esports"",""playerAId"":""oe:player:43ba4f6beb2d73408cb2fcebd67b1ff"",""playerBId"":""oe:player:55e35458830cbecac40b04619bd6029"",""playerA"":""Teiyon"",""playerB"":""STANIK"",""stats"":{""eligible"":false,""n_games_total"":4.0,""n_games"":4.0,""n_days"":4.0,""mean_impact"":0.1058773,""shrunk_impact"":0.03025066,""ci_low"":-0.10133125,""ci_high"":0.22092995,""win_rate"":0.0}},""value"":0.03025066},{""row"":2,""col"":4,""kind"":""sparse"",""pair"":{""id"":""pair-554fa60c610e1df8"",""teamId"":""oe:team:ee569c9f5e85fba8fcf57d51b1b78ed"",""teamName"":""DREN Esports"",""playerAId"":""oe:player:55e35458830cbecac40b04619bd6029"",""playerBId"":""oe:player:cf92da6a565cf411663430c9b2a0f3b"",""playerA"":""STANIK"",""playerB"":""Enryy"",""stats"":{""eligible"":false,""n_games_total"":4.0,""n_games"":4.0,""n_days"":4.0,""mean_impact"":0.31257864,""shrunk_impact"":0.08930818,""ci_low"":-0.01150116,""ci_high"":0.18635166,""win_rate"":0.0}},""value"":0.08930818},{""row"":3,""col"":0,""kind"":""sparse"",""pair"":{""id"":""pair-be13326629d8bb69"",""teamId"":""oe:team:ee569c9f5e85fba8fcf57d51b1b78ed"",""teamName"":""DREN Esports"",""playerAId"":""oe:player:058fcf8b126253956deb3ce672d107a"",""playerBId"":""oe:player:43ba4f6beb2d73408cb2fcebd67b1ff"",""playerA"":""Terror"",""playerB"":""Teiyon"",""stats"":{""eligible"":false,""n_games_total"":4.0,""n_games"":4.0,""n_days"":4.0,""mean_impact"":-0.026183,""shrunk_impact"":-0.00748086,""ci_low"":-0.10267761,""ci_high"":0.15063503,""win_rate"":0.0}},""value"":-0.00748086},{""row"":3,""col"":1,""kind"":""sparse"",""pair"":{""id"":""pair-f9468c0ab552bffc"",""teamId"":""oe:team:ee569c9f5e85fba8fcf57d51b1b78ed"",""teamName"":""DREN Esports"",""playerAId"":""oe:player:43ba4f6beb2d73408cb2fcebd67b1ff"",""playerBId"":""oe:player:49ad46ff68fb4e6db0043aedc354e3b"",""playerA"":""Teiyon"",""playerB"":""OmulFinn"",""stats"":{""eligible"":false,""n_games_total"":4.0,""n_games"":4.0,""n_days"":4.0,""mean_impact"":-0.17372725,""shrunk_impact"":-0.04963636,""ci_low"":-0.17606228,""ci_high"":0.15291047,""win_rate"":0.0}},""value"":-0.04963636},{""row"":3,""col"":2,""kind"":""sparse"",""pair"":{""id"":""pair-eec6786d5adc4704"",""teamId"":""oe:team:ee569c9f5e85fba8fcf57d51b1b78ed"",""teamName"":""DREN Esports"",""playerAId"":""oe:player:43ba4f6beb2d73408cb2fcebd67b1ff"",""playerBId"":""oe:player:55e35458830cbecac40b04619bd6029"",""playerA"":""Teiyon"",""playerB"":""STANIK"",""stats"":{""eligible"":false,""n_games_total"":4.0,""n_games"":4.0,""n_days"":4.0,""mean_impact"":0.1058773,""shrunk_impact"":0.03025066,""ci_low"":-0.10133125,""ci_high"":0.22092995,""win_rate"":0.0}},""value"":0.03025066},{""row"":3,""col"":3,""kind"":""self"",""pair"":null,""value"":null},{""row"":3,""col"":4,""kind"":""sparse"",""pair"":{""id"":""pair-debc646b6cb182bc"",""teamId"":""oe:team:ee569c9f5e85fba8fcf57d51b1b78ed"",""teamName"":""DREN Esports"",""playerAId"":""oe:player:43ba4f6beb2d73408cb2fcebd67b1ff"",""playerBId"":""oe:player:cf92da6a565cf411663430c9b2a0f3b"",""playerA"":""Teiyon"",""playerB"":""Enryy"",""stats"":{""eligible"":false,""n_games_total"":4.0,""n_games"":4.0,""n_days"":4.0,""mean_impact"":-0.08278373,""shrunk_impact"":-0.02365249,""ci_low"":-0.11404086,""ci_high"":0.10323588,""win_rate"":0.0}},""value"":-0.02365249},{""row"":4,""col"":0,""kind"":""sparse"",""pair"":{""id"":""pair-46a018b796125ab0"",""teamId"":""oe:team:ee569c9f5e85fba8fcf57d51b1b78ed"",""teamName"":""DREN Esports"",""playerAId"":""oe:player:058fcf8b126253956deb3ce672d107a"",""playerBId"":""oe:player:cf92da6a565cf411663430c9b2a0f3b"",""playerA"":""Terror"",""playerB"":""Enryy"",""stats"":{""eligible"":false,""n_games_total"":4.0,""n_games"":4.0,""n_days"":4.0,""mean_impact"":0.18051834,""shrunk_impact"":0.05157667,""ci_low"":-0.03119367,""ci_high"":0.11118171,""win_rate"":0.0}},""value"":0.05157667},{""row"":4,""col"":1,""kind"":""sparse"",""pair"":{""id"":""pair-1912f49c901c12a3"",""teamId"":""oe:team:ee569c9f5e85fba8fcf57d51b1b78ed"",""teamName"":""DREN Esports"",""playerAId"":""oe:player:49ad46ff68fb4e6db0043aedc354e3b"",""playerBId"":""oe:player:cf92da6a565cf411663430c9b2a0f3b"",""playerA"":""OmulFinn"",""playerB"":""Enryy"",""stats"":{""eligible"":false,""n_games_total"":4.0,""n_games"":4.0,""n_days"":4.0,""mean_impact"":0.03297409,""shrunk_impact"":0.00942117,""ci_low"":-0.09305846,""ci_high"":0.09902356,""win_rate"":0.0}},""value"":0.00942117},{""row"":4,""col"":2,""kind"":""sparse"",""pair"":{""id"":""pair-554fa60c610e1df8"",""teamId"":""oe:team:ee569c9f5e85fba8fcf57d51b1b78ed"",""teamName"":""DREN Esports"",""playerAId"":""oe:player:55e35458830cbecac40b04619bd6029"",""playerBId"":""oe:player:cf92da6a565cf411663430c9b2a0f3b"",""playerA"":""STANIK"",""playerB"":""Enryy"",""stats"":{""eligible"":false,""n_games_total"":4.0,""n_games"":4.0,""n_days"":4.0,""mean_impact"":0.31257864,""shrunk_impact"":0.08930818,""ci_low"":-0.01150116,""ci_high"":0.18635166,""win_rate"":0.0}},""value"":0.08930818},{""row"":4,""col"":3,""kind"":""sparse"",""pair"":{""id"":""pair-debc646b6cb182bc"",""teamId"":""oe:team:ee569c9f5e85fba8fcf57d51b1b78ed"",""teamName"":""DREN Esports"",""playerAId"":""oe:player:43ba4f6beb2d73408cb2fcebd67b1ff"",""playerBId"":""oe:player:cf92da6a565cf411663430c9b2a0f3b"",""playerA"":""Teiyon"",""playerB"":""Enryy"",""stats"":{""eligible"":false,""n_games_total"":4.0,""n_games"":4.0,""n_days"":4.0,""mean_impact"":-0.08278373,""shrunk_impact"":-0.02365249,""ci_low"":-0.11404086,""ci_high"":0.10323588,""win_rate"":0.0}},""value"":-0.02365249},{""row"":4,""col"":4,""kind"":""self"",""pair"":null,""value"":null}],""limit"":0.15,""hasEligiblePair"":false}"
lineup-39fcb3106175bb0a,oe:team:ee569c9f5e85fba8fcf57d51b1b78ed,DREN Esports,2023,oe:player:e72c863b7586a6b3a37e6e91339472d,kPr,oe:player:30f18a468db8d9e940f0818a682318b,Techoteco,oe:player:9f8efcc43b88b500e5e050bd53fb2ec,Dyablo,oe:player:377a39ab242f96bb606fc12dcc795e9,Berto,oe:player:e58cdf8eba80387a09db24e165d7d1c,S1D,7,0,0,,,,,False,,,,,,,,,,,,,,,,"{""version"":1,""players"":[{""id"":""oe:player:e72c863b7586a6b3a37e6e91339472d"",""name"":""kPr"",""role"":""top""},{""id"":""oe:player:30f18a468db8d9e940f0818a682318b"",""name"":""Techoteco"",""role"":""jng""},{""id"":""oe:player:9f8efcc43b88b500e5e050bd53fb2ec"",""name"":""Dyablo"",""role"":""mid""},{""id"":""oe:player:377a39ab242f96bb606fc12dcc795e9"",""name"":""Berto"",""role"":""bot""},{""id"":""oe:player:e58cdf8eba80387a09db24e165d7d1c"",""name"":""S1D"",""role"":""sup""}],""cells"":[{""row"":0,""col"":0,""kind"":""self"",""pair"":null,""value"":null},{""row"":0,""col"":1,""kind"":""missing"",""pair"":{""id"":""pair-573973cd1278b8a3"",""teamId"":""oe:team:ee569c9f5e85fba8fcf57d51b1b78ed"",""teamName"":""DREN Esports"",""playerAId"":""oe:player:30f18a468db8d9e940f0818a682318b"",""playerBId"":""oe:player:e72c863b7586a6b3a37e6e91339472d"",""playerA"":""Techoteco"",""playerB"":""kPr"",""stats"":{""eligible"":false,""n_games_total"":7.0,""n_games"":0.0,""n_days"":0.0,""mean_impact"":null,""shrunk_impact"":null,""ci_low"":null,""ci_high"":null,""win_rate"":null}},""value"":null},{""row"":0,""col"":2,""kind"":""missing"",""pair"":{""id"":""pair-3dd750e098f1337d"",""teamId"":""oe:team:ee569c9f5e85fba8fcf57d51b1b78ed"",""teamName"":""DREN Esports"",""playerAId"":""oe:player:9f8efcc43b88b500e5e050bd53fb2ec"",""playerBId"":""oe:player:e72c863b7586a6b3a37e6e91339472d"",""playerA"":""Dyablo"",""playerB"":""kPr"",""stats"":{""eligible"":false,""n_games_total"":7.0,""n_games"":0.0,""n_days"":0.0,""mean_impact"":null,""shrunk_impact"":null,""ci_low"":null,""ci_high"":null,""win_rate"":null}},""value"":null},{""row"":0,""col"":3,""kind"":""missing"",""pair"":{""id"":""pair-2625986b27f8f984"",""teamId"":""oe:team:ee569c9f5e85fba8fcf57d51b1b78ed"",""teamName"":""DREN Esports"",""playerAId"":""oe:player:377a39ab242f96bb606fc12dcc795e9"",""playerBId"":""oe:player:e72c863b7586a6b3a37e6e91339472d"",""playerA"":""Berto"",""playerB"":""kPr"",""stats"":{""eligible"":false,""n_games_total"":7.0,""n_games"":0.0,""n_days"":0.0,""mean_impact"":null,""shrunk_impact"":null,""ci_low"":null,""ci_high"":null,""win_rate"":null}},""value"":null},{""row"":0,""col"":4,""kind"":""missing"",""pair"":{""id"":""pair-ea8ae82bf92bbb92"",""teamId"":""oe:team:ee569c9f5e85fba8fcf57d51b1b78ed"",""teamName"":""DREN Esports"",""playerAId"":""oe:player:e58cdf8eba80387a09db24e165d7d1c"",""playerBId"":""oe:player:e72c863b7586a6b3a37e6e91339472d"",""playerA"":""S1D"",""playerB"":""kPr"",""stats"":{""eligible"":false,""n_games_total"":7.0,""n_games"":0.0,""n_days"":0.0,""mean_impact"":null,""shrunk_impact"":null,""ci_low"":null,""ci_high"":null,""win_rate"":null}},""value"":null},{""row"":1,""col"":0,""kind"":""missing"",""pair"":{""id"":""pair-573973cd1278b8a3"",""teamId"":""oe:team:ee569c9f5e85fba8fcf57d51b1b78ed"",""teamName"":""DREN Esports"",""playerAId"":""oe:player:30f18a468db8d9e940f0818a682318b"",""playerBId"":""oe:player:e72c863b7586a6b3a37e6e91339472d"",""playerA"":""Techoteco"",""playerB"":""kPr"",""stats"":{""eligible"":false,""n_games_total"":7.0,""n_games"":0.0,""n_days"":0.0,""mean_impact"":null,""shrunk_impact"":null,""ci_low"":null,""ci_high"":null,""win_rate"":null}},""value"":null},{""row"":1,""col"":1,""kind"":""self"",""pair"":null,""value"":null},{""row"":1,""col"":2,""kind"":""missing"",""pair"":{""id"":""pair-091ff67a38099a69"",""teamId"":""oe:team:ee569c9f5e85fba8fcf57d51b1b78ed"",""teamName"":""DREN Esports"",""playerAId"":""oe:player:30f18a468db8d9e940f0818a682318b"",""playerBId"":""oe:player:9f8efcc43b88b500e5e050bd53fb2ec"",""playerA"":""Techoteco"",""playerB"":""Dyablo"",""stats"":{""eligible"":false,""n_games_total"":7.0,""n_games"":0.0,""n_days"":0.0,""mean_impact"":null,""shrunk_impact"":null,""ci_low"":null,""ci_high"":null,""win_rate"":null}},""value"":null},{""row"":1,""col"":3,""kind"":""missing"",""pair"":{""id"":""pair-322cea3de7eabd16"",""teamId"":""oe:team:ee569c9f5e85fba8fcf57d51b1b78ed"",""teamName"":""DREN Esports"",""playerAId"":""oe:player:30f18a468db8d9e940f0818a682318b"",""playerBId"":""oe:player:377a39ab242f96bb606fc12dcc795e9"",""playerA"":""Techoteco"",""playerB"":""Berto"",""stats"":{""eligible"":false,""n_games_total"":7.0,""n_games"":0.0,""n_days"":0.0,""mean_impact"":null,""shrunk_impact"":null,""ci_low"":null,""ci_high"":null,""win_rate"":null}},""value"":null},{""row"":1,""col"":4,""kind"":""missing"",""pair"":{""id"":""pair-d50289f484d6361f"",""teamId"":""oe:team:ee569c9f5e85fba8fcf57d51b1b78ed"",""teamName"":""DREN Esports"",""playerAId"":""oe:player:30f18a468db8d9e940f0818a682318b"",""playerBId"":""oe:player:e58cdf8eba80387a09db24e165d7d1c"",""playerA"":""Techoteco"",""playerB"":""S1D"",""stats"":{""eligible"":false,""n_games_total"":7.0,""n_games"":0.0,""n_days"":0.0,""mean_impact"":null,""shrunk_impact"":null,""ci_low"":null,""ci_high"":null,""win_rate"":null}},""value"":null},{""row"":2,""col"":0,""kind"":""missing"",""pair"":{""id"":""pair-3dd750e098f1337d"",""teamId"":""oe:team:ee569c9f5e85fba8fcf57d51b1b78ed"",""teamName"":""DREN Esports"",""playerAId"":""oe:player:9f8efcc43b88b500e5e050bd53fb2ec"",""playerBId"":""oe:player:e72c863b7586a6b3a37e6e91339472d"",""playerA"":""Dyablo"",""playerB"":""kPr"",""stats"":{""eligible"":false,""n_games_total"":7.0,""n_games"":0.0,""n_days"":0.0,""mean_impact"":null,""shrunk_impact"":null,""ci_low"":null,""ci_high"":null,""win_rate"":null}},""value"":null},{""row"":2,""col"":1,""kind"":""missing"",""pair"":{""id"":""pair-091ff67a38099a69"",""teamId"":""oe:team:ee569c9f5e85fba8fcf57d51b1b78ed"",""teamName"":""DREN Esports"",""playerAId"":""oe:player:30f18a468db8d9e940f0818a682318b"",""playerBId"":""oe:player:9f8efcc43b88b500e5e050bd53fb2ec"",""playerA"":""Techoteco"",""playerB"":""Dyablo"",""stats"":{""eligible"":false,""n_games_total"":7.0,""n_games"":0.0,""n_days"":0.0,""mean_impact"":null,""shrunk_impact"":null,""ci_low"":null,""ci_high"":null,""win_rate"":null}},""value"":null},{""row"":2,""col"":2,""kind"":""self"",""pair"":null,""value"":null},{""row"":2,""col"":3,""kind"":""missing"",""pair"":{""id"":""pair-cdecf2c1f91b75ee"",""teamId"":""oe:team:ee569c9f5e85fba8fcf57d51b1b78ed"",""teamName"":""DREN Esports"",""playerAId"":""oe:player:377a39ab242f96bb606fc12dcc795e9"",""playerBId"":""oe:player:9f8efcc43b88b500e5e050bd53fb2ec"",""playerA"":""Berto"",""playerB"":""Dyablo"",""stats"":{""eligible"":false,""n_games_total"":7.0,""n_games"":0.0,""n_days"":0.0,""mean_impact"":null,""shrunk_impact"":null,""ci_low"":null,""ci_high"":null,""win_rate"":null}},""value"":null},{""row"":2,""col"":4,""kind"":""missing"",""pair"":{""id"":""pair-16313893491bbf63"",""teamId"":""oe:team:ee569c9f5e85fba8fcf57d51b1b78ed"",""teamName"":""DREN Esports"",""playerAId"":""oe:player:9f8efcc43b88b500e5e050bd53fb2ec"",""playerBId"":""oe:player:e58cdf8eba80387a09db24e165d7d1c"",""playerA"":""Dyablo"",""playerB"":""S1D"",""stats"":{""eligible"":false,""n_games_total"":7.0,""n_games"":0.0,""n_days"":0.0,""mean_impact"":null,""shrunk_impact"":null,""ci_low"":null,""ci_high"":null,""win_rate"":null}},""value"":null},{""row"":3,""col"":0,""kind"":""missing"",""pair"":{""id"":""pair-2625986b27f8f984"",""teamId"":""oe:team:ee569c9f5e85fba8fcf57d51b1b78ed"",""teamName"":""DREN Esports"",""playerAId"":""oe:player:377a39ab242f96bb606fc12dcc795e9"",""playerBId"":""oe:player:e72c863b7586a6b3a37e6e91339472d"",""playerA"":""Berto"",""playerB"":""kPr"",""stats"":{""eligible"":false,""n_games_total"":7.0,""n_games"":0.0,""n_days"":0.0,""mean_impact"":null,""shrunk_impact"":null,""ci_low"":null,""ci_high"":null,""win_rate"":null}},""value"":null},{""row"":3,""col"":1,""kind"":""missing"",""pair"":{""id"":""pair-322cea3de7eabd16"",""teamId"":""oe:team:ee569c9f5e85fba8fcf57d51b1b78ed"",""teamName"":""DREN Esports"",""playerAId"":""oe:player:30f18a468db8d9e940f0818a682318b"",""playerBId"":""oe:player:377a39ab242f96bb606fc12dcc795e9"",""playerA"":""Techoteco"",""playerB"":""Berto"",""stats"":{""eligible"":false,""n_games_total"":7.0,""n_games"":0.0,""n_days"":0.0,""mean_impact"":null,""shrunk_impact"":null,""ci_low"":null,""ci_high"":null,""win_rate"":null}},""value"":null},{""row"":3,""col"":2,""kind"":""missing"",""pair"":{""id"":""pair-cdecf2c1f91b75ee"",""teamId"":""oe:team:ee569c9f5e85fba8fcf57d51b1b78ed"",""teamName"":""DREN Esports"",""playerAId"":""oe:player:377a39ab242f96bb606fc12dcc795e9"",""playerBId"":""oe:player:9f8efcc43b88b500e5e050bd53fb2ec"",""playerA"":""Berto"",""playerB"":""Dyablo"",""stats"":{""eligible"":false,""n_games_total"":7.0,""n_games"":0.0,""n_days"":0.0,""mean_impact"":null,""shrunk_impact"":null,""ci_low"":null,""ci_high"":null,""win_rate"":null}},""value"":null},{""row"":3,""col"":3,""kind"":""self"",""pair"":null,""value"":null},{""row"":3,""col"":4,""kind"":""missing"",""pair"":{""id"":""pair-0689b0333fc67af0"",""teamId"":""oe:team:ee569c9f5e85fba8fcf57d51b1b78ed"",""teamName"":""DREN Esports"",""playerAId"":""oe:player:377a39ab242f96bb606fc12dcc795e9"",""playerBId"":""oe:player:e58cdf8eba80387a09db24e165d7d1c"",""playerA"":""Berto"",""playerB"":""S1D"",""stats"":{""eligible"":false,""n_games_total"":7.0,""n_games"":0.0,""n_days"":0.0,""mean_impact"":null,""shrunk_impact"":null,""ci_low"":null,""ci_high"":null,""win_rate"":null}},""value"":null},{""row"":4,""col"":0,""kind"":""missing"",""pair"":{""id"":""pair-ea8ae82bf92bbb92"",""teamId"":""oe:team:ee569c9f5e85fba8fcf57d51b1b78ed"",""teamName"":""DREN Esports"",""playerAId"":""oe:player:e58cdf8eba80387a09db24e165d7d1c"",""playerBId"":""oe:player:e72c863b7586a6b3a37e6e91339472d"",""playerA"":""S1D"",""playerB"":""kPr"",""stats"":{""eligible"":false,""n_games_total"":7.0,""n_games"":0.0,""n_days"":0.0,""mean_impact"":null,""shrunk_impact"":null,""ci_low"":null,""ci_high"":null,""win_rate"":null}},""value"":null},{""row"":4,""col"":1,""kind"":""missing"",""pair"":{""id"":""pair-d50289f484d6361f"",""teamId"":""oe:team:ee569c9f5e85fba8fcf57d51b1b78ed"",""teamName"":""DREN Esports"",""playerAId"":""oe:player:30f18a468db8d9e940f0818a682318b"",""playerBId"":""oe:player:e58cdf8eba80387a09db24e165d7d1c"",""playerA"":""Techoteco"",""playerB"":""S1D"",""stats"":{""eligible"":false,""n_games_total"":7.0,""n_games"":0.0,""n_days"":0.0,""mean_impact"":null,""shrunk_impact"":null,""ci_low"":null,""ci_high"":null,""win_rate"":null}},""value"":null},{""row"":4,""col"":2,""kind"":""missing"",""pair"":{""id"":""pair-16313893491bbf63"",""teamId"":""oe:team:ee569c9f5e85fba8fcf57d51b1b78ed"",""teamName"":""DREN Esports"",""playerAId"":""oe:player:9f8efcc43b88b500e5e050bd53fb2ec"",""playerBId"":""oe:player:e58cdf8eba80387a09db24e165d7d1c"",""playerA"":""Dyablo"",""playerB"":""S1D"",""stats"":{""eligible"":false,""n_games_total"":7.0,""n_games"":0.0,""n_days"":0.0,""mean_impact"":null,""shrunk_impact"":null,""ci_low"":null,""ci_high"":null,""win_rate"":null}},""value"":null},{""row"":4,""col"":3,""kind"":""missing"",""pair"":{""id"":""pair-0689b0333fc67af0"",""teamId"":""oe:team:ee569c9f5e85fba8fcf57d51b1b78ed"",""teamName"":""DREN Esports"",""playerAId"":""oe:player:377a39ab242f96bb606fc12dcc795e9"",""playerBId"":""oe:player:e58cdf8eba80387a09db24e165d7d1c"",""playerA"":""Berto"",""playerB"":""S1D"",""stats"":{""eligible"":false,""n_games_total"":7.0,""n_games"":0.0,""n_days"":0.0,""mean_impact"":null,""shrunk_impact"":null,""ci_low"":null,""ci_high"":null,""win_rate"":null}},""value"":null},{""row"":4,""col"":4,""kind"":""self"",""pair"":null,""value"":null}],""limit"":0.15,""hasEligiblePair"":false}"
lineup-3c67bf1a03b363e3,oe:team:7894460f171d66e8ffc149c05b056a8,Cyberground Gaming,2023,oe:player:b70546af050c6dc68402812a5cf17f8,ImTheTitan,oe:player:2255ff4942064b8bcd54c7f27267683,MxDragon,oe:player:369527480223407c4bc2a0f8f1c3437,Crocomux,oe:player:2120baa196033069d0f850af69a0853,BlackVodka,oe:player:96780e8959ce77ff5cfce9a491e7f22,Banino,1,1,1,-0.58686688,-0.05335153,,,False,0.00000000,407.95617772,1.16129032,0.20711146,0.21204300,0.18722511,0.14630478,0.18257969,0.22905328,0.24469978,0.26518190,0.24040030,0.22001217,0.14509513,0.13944787,"{""version"":1,""players"":[{""id"":""oe:player:b70546af050c6dc68402812a5cf17f8"",""name"":""ImTheTitan"",""role"":""top""},{""id"":""oe:player:2255ff4942064b8bcd54c7f27267683"",""name"":""MxDragon"",""role"":""jng""},{""id"":""oe:player:369527480223407c4bc2a0f8f1c3437"",""name"":""Crocomux"",""role"":""mid""},{""id"":""oe:player:2120baa196033069d0f850af69a0853"",""name"":""BlackVodka"",""role"":""bot""},{""id"":""oe:player:96780e8959ce77ff5cfce9a491e7f22"",""name"":""Banino"",""role"":""sup""}],""cells"":[{""row"":0,""col"":0,""kind"":""self"",""pair"":null,""value"":null},{""row"":0,""col"":1,""kind"":""sparse"",""pair"":{""id"":""pair-c31fd4b28bdb4137"",""teamId"":""oe:team:7894460f171d66e8ffc149c05b056a8"",""teamName"":""Cyberground Gaming"",""playerAId"":""oe:player:2255ff4942064b8bcd54c7f27267683"",""playerBId"":""oe:player:b70546af050c6dc68402812a5cf17f8"",""playerA"":""MxDragon"",""playerB"":""ImTheTitan"",""stats"":{""eligible"":false,""n_games_total"":3.0,""n_games"":3.0,""n_days"":2.0,""mean_impact"":0.02851618,""shrunk_impact"":0.00658066,""ci_low"":null,""ci_high"":null,""win_rate"":0.0}},""value"":0.00658066},{""row"":0,""col"":2,""kind"":""sparse"",""pair"":{""id"":""pair-b60919e1c4f4e661"",""teamId"":""oe:team:7894460f171d66e8ffc149c05b056a8"",""teamName"":""Cyberground Gaming"",""playerAId"":""oe:player:369527480223407c4bc2a0f8f1c3437"",""playerBId"":""oe:player:b70546af050c6dc68402812a5cf17f8"",""playerA"":""Crocomux"",""playerB"":""ImTheTitan"",""stats"":{""eligible"":false,""n_games_total"":6.0,""n_games"":6.0,""n_days"":5.0,""mean_impact"":-0.10474695,""shrunk_impact"":-0.03928011,""ci_low"":-0.20427372,""ci_high"":0.15773164,""win_rate"":0.33333333}},""value"":-0.03928011},{""row"":0,""col"":3,""kind"":""sparse"",""pair"":{""id"":""pair-ad58e7d6f24fa376"",""teamId"":""oe:team:7894460f171d66e8ffc149c05b056a8"",""teamName"":""Cyberground Gaming"",""playerAId"":""oe:player:2120baa196033069d0f850af69a0853"",""playerBId"":""oe:player:b70546af050c6dc68402812a5cf17f8"",""playerA"":""BlackVodka"",""playerB"":""ImTheTitan"",""stats"":{""eligible"":false,""n_games_total"":6.0,""n_games"":6.0,""n_days"":5.0,""mean_impact"":0.02153624,""shrunk_impact"":0.00807609,""ci_low"":-0.22294665,""ci_high"":0.2359942,""win_rate"":0.33333333}},""value"":0.00807609},{""row"":0,""col"":4,""kind"":""sparse"",""pair"":{""id"":""pair-145a74255909cf7d"",""teamId"":""oe:team:7894460f171d66e8ffc149c05b056a8"",""teamName"":""Cyberground Gaming"",""playerAId"":""oe:player:96780e8959ce77ff5cfce9a491e7f22"",""playerBId"":""oe:player:b70546af050c6dc68402812a5cf17f8"",""playerA"":""Banino"",""playerB"":""ImTheTitan"",""stats"":{""eligible"":false,""n_games_total"":4.0,""n_games"":4.0,""n_days"":4.0,""mean_impact"":0.09332362,""shrunk_impact"":0.02666389,""ci_low"":-0.1438492,""ci_high"":0.19717698,""win_rate"":0.5}},""value"":0.02666389},{""row"":1,""col"":0,""kind"":""sparse"",""pair"":{""id"":""pair-c31fd4b28bdb4137"",""teamId"":""oe:team:7894460f171d66e8ffc149c05b056a8"",""teamName"":""Cyberground Gaming"",""playerAId"":""oe:player:2255ff4942064b8bcd54c7f27267683"",""playerBId"":""oe:player:b70546af050c6dc68402812a5cf17f8"",""playerA"":""MxDragon"",""playerB"":""ImTheTitan"",""stats"":{""eligible"":false,""n_games_total"":3.0,""n_games"":3.0,""n_days"":2.0,""mean_impact"":0.02851618,""shrunk_impact"":0.00658066,""ci_low"":null,""ci_high"":null,""win_rate"":0.0}},""value"":0.00658066},{""row"":1,""col"":1,""kind"":""self"",""pair"":null,""value"":null},{""row"":1,""col"":2,""kind"":""sparse"",""pair"":{""id"":""pair-64941cf42dcb2411"",""teamId"":""oe:team:7894460f171d66e8ffc149c05b056a8"",""teamName"":""Cyberground Gaming"",""playerAId"":""oe:player:2255ff4942064b8bcd54c7f27267683"",""playerBId"":""oe:player:369527480223407c4bc2a0f8f1c3437"",""playerA"":""MxDragon"",""playerB"":""Crocomux"",""stats"":{""eligible"":false,""n_games_total"":3.0,""n_games"":3.0,""n_days"":2.0,""mean_impact"":-0.01531526,""shrunk_impact"":-0.00353429,""ci_low"":null,""ci_high"":null,""win_rate"":0.0}},""value"":-0.00353429},{""row"":1,""col"":3,""kind"":""sparse"",""pair"":{""id"":""pair-c07cb8368ec01793"",""teamId"":""oe:team:7894460f171d66e8ffc149c05b056a8"",""teamName"":""Cyberground Gaming"",""playerAId"":""oe:player:2120baa196033069d0f850af69a0853"",""playerBId"":""oe:player:2255ff4942064b8bcd54c7f27267683"",""playerA"":""BlackVodka"",""playerB"":""MxDragon"",""stats"":{""eligible"":false,""n_games_total"":3.0,""n_games"":3.0,""n_days"":2.0,""mean_impact"":0.15849604,""shrunk_impact"":0.03657601,""ci_low"":null,""ci_high"":null,""win_rate"":0.0}},""value"":0.03657601},{""row"":1,""col"":4,""kind"":""sparse"",""pair"":{""id"":""pair-161a1fb2536d5e2d"",""teamId"":""oe:team:7894460f171d66e8ffc149c05b056a8"",""teamName"":""Cyberground Gaming"",""playerAId"":""oe:player:2255ff4942064b8bcd54c7f27267683"",""playerBId"":""oe:player:96780e8959ce77ff5cfce9a491e7f22"",""playerA"":""MxDragon"",""playerB"":""Banino"",""stats"":{""eligible"":false,""n_games_total"":1.0,""n_games"":1.0,""n_days"":1.0,""mean_impact"":-0.22751308,""shrunk_impact"":-0.02068301,""ci_low"":null,""ci_high"":null,""win_rate"":0.0}},""value"":-0.02068301},{""row"":2,""col"":0,""kind"":""sparse"",""pair"":{""id"":""pair-b60919e1c4f4e661"",""teamId"":""oe:team:7894460f171d66e8ffc149c05b056a8"",""teamName"":""Cyberground Gaming"",""playerAId"":""oe:player:369527480223407c4bc2a0f8f1c3437"",""playerBId"":""oe:player:b70546af050c6dc68402812a5cf17f8"",""playerA"":""Crocomux"",""playerB"":""ImTheTitan"",""stats"":{""eligible"":false,""n_games_total"":6.0,""n_games"":6.0,""n_days"":5.0,""mean_impact"":-0.10474695,""shrunk_impact"":-0.03928011,""ci_low"":-0.20427372,""ci_high"":0.15773164,""win_rate"":0.33333333}},""value"":-0.03928011},{""row"":2,""col"":1,""kind"":""sparse"",""pair"":{""id"":""pair-64941cf42dcb2411"",""teamId"":""oe:team:7894460f171d66e8ffc149c05b056a8"",""teamName"":""Cyberground Gaming"",""playerAId"":""oe:player:2255ff4942064b8bcd54c7f27267683"",""playerBId"":""oe:player:369527480223407c4bc2a0f8f1c3437"",""playerA"":""MxDragon"",""playerB"":""Crocomux"",""stats"":{""eligible"":false,""n_games_total"":3.0,""n_games"":3.0,""n_days"":2.0,""mean_impact"":-0.01531526,""shrunk_impact"":-0.00353429,""ci_low"":null,""ci_high"":null,""win_rate"":0.0}},""value"":-0.00353429},{""row"":2,""col"":2,""kind"":""self"",""pair"":null,""value"":null},{""row"":2,""col"":3,""kind"":""sparse"",""pair"":{""id"":""pair-ad4807293225a2a2"",""teamId"":""oe:team:7894460f171d66e8ffc149c05b056a8"",""teamName"":""Cyberground Gaming"",""playerAId"":""oe:player:2120baa196033069d0f850af69a0853"",""playerBId"":""oe:player:369527480223407c4bc2a0f8f1c3437"",""playerA"":""BlackVodka"",""playerB"":""Crocomux"",""stats"":{""eligible"":false,""n_games_total"":6.0,""n_games"":6.0,""n_days"":5.0,""mean_impact"":0.02805918,""shrunk_impact"":0.01052219,""ci_low"":-0.21511995,""ci_high"":0.25885017,""win_rate"":0.33333333}},""value"":0.01052219},{""row"":2,""col"":4,""kind"":""sparse"",""pair"":{""id"":""pair-28592c4b8a593971"",""teamId"":""oe:team:7894460f171d66e8ffc149c05b056a8"",""teamName"":""Cyberground Gaming"",""playerAId"":""oe:player:369527480223407c4bc2a0f8f1c3437"",""playerBId"":""oe:player:96780e8959ce77ff5cfce9a491e7f22"",""playerA"":""Crocomux"",""playerB"":""Banino"",""stats"":{""eligible"":false,""n_games_total"":4.0,""n_games"":4.0,""n_days"":4.0,""mean_impact"":0.1982648,""shrunk_impact"":0.05664709,""ci_low"":-0.11233617,""ci_high"":0.22619138,""win_rate"":0.5}},""value"":0.05664709},{""row"":3,""col"":0,""kind"":""sparse"",""pair"":{""id"":""pair-ad58e7d6f24fa376"",""teamId"":""oe:team:7894460f171d66e8ffc149c05b056a8"",""teamName"":""Cyberground Gaming"",""playerAId"":""oe:player:2120baa196033069d0f850af69a0853"",""playerBId"":""oe:player:b70546af050c6dc68402812a5cf17f8"",""playerA"":""BlackVodka"",""playerB"":""ImTheTitan"",""stats"":{""eligible"":false,""n_games_total"":6.0,""n_games"":6.0,""n_days"":5.0,""mean_impact"":0.02153624,""shrunk_impact"":0.00807609,""ci_low"":-0.22294665,""ci_high"":0.2359942,""win_rate"":0.33333333}},""value"":0.00807609},{""row"":3,""col"":1,""kind"":""sparse"",""pair"":{""id"":""pair-c07cb8368ec01793"",""teamId"":""oe:team:7894460f171d66e8ffc149c05b056a8"",""teamName"":""Cyberground Gaming"",""playerAId"":""oe:player:2120baa196033069d0f850af69a0853"",""playerBId"":""oe:player:2255ff4942064b8bcd54c7f27267683"",""playerA"":""BlackVodka"",""playerB"":""MxDragon"",""stats"":{""eligible"":false,""n_games_total"":3.0,""n_games"":3.0,""n_days"":2.0,""mean_impact"":0.15849604,""shrunk_impact"":0.03657601,""ci_low"":null,""ci_high"":null,""win_rate"":0.0}},""value"":0.03657601},{""row"":3,""col"":2,""kind"":""sparse"",""pair"":{""id"":""pair-ad4807293225a2a2"",""teamId"":""oe:team:7894460f171d66e8ffc149c05b056a8"",""teamName"":""Cyberground Gaming"",""playerAId"":""oe:player:2120baa196033069d0f850af69a0853"",""playerBId"":""oe:player:369527480223407c4bc2a0f8f1c3437"",""playerA"":""BlackVodka"",""playerB"":""Crocomux"",""stats"":{""eligible"":false,""n_games_total"":6.0,""n_games"":6.0,""n_days"":5.0,""mean_impact"":0.02805918,""shrunk_impact"":0.01052219,""ci_low"":-0.21511995,""ci_high"":0.25885017,""win_rate"":0.33333333}},""value"":0.01052219},{""row"":3,""col"":3,""kind"":""self"",""pair"":null,""value"":null},{""row"":3,""col"":4,""kind"":""sparse"",""pair"":{""id"":""pair-3e14508548092ffc"",""teamId"":""oe:team:7894460f171d66e8ffc149c05b056a8"",""teamName"":""Cyberground Gaming"",""playerAId"":""oe:player:2120baa196033069d0f850af69a0853"",""playerBId"":""oe:player:96780e8959ce77ff5cfce9a491e7f22"",""playerA"":""BlackVodka"",""playerB"":""Banino"",""stats"":{""eligible"":false,""n_games_total"":4.0,""n_games"":4.0,""n_days"":4.0,""mean_impact"":0.23329407,""shrunk_impact"":0.06665545,""ci_low"":-0.17317024,""ci_high"":0.30648114,""win_rate"":0.5}},""value"":0.06665545},{""row"":4,""col"":0,""kind"":""sparse"",""pair"":{""id"":""pair-145a74255909cf7d"",""teamId"":""oe:team:7894460f171d66e8ffc149c05b056a8"",""teamName"":""Cyberground Gaming"",""playerAId"":""oe:player:96780e8959ce77ff5cfce9a491e7f22"",""playerBId"":""oe:player:b70546af050c6dc68402812a5cf17f8"",""playerA"":""Banino"",""playerB"":""ImTheTitan"",""stats"":{""eligible"":false,""n_games_total"":4.0,""n_games"":4.0,""n_days"":4.0,""mean_impact"":0.09332362,""shrunk_impact"":0.02666389,""ci_low"":-0.1438492,""ci_high"":0.19717698,""win_rate"":0.5}},""value"":0.02666389},{""row"":4,""col"":1,""kind"":""sparse"",""pair"":{""id"":""pair-161a1fb2536d5e2d"",""teamId"":""oe:team:7894460f171d66e8ffc149c05b056a8"",""teamName"":""Cyberground Gaming"",""playerAId"":""oe:player:2255ff4942064b8bcd54c7f27267683"",""playerBId"":""oe:player:96780e8959ce77ff5cfce9a491e7f22"",""playerA"":""MxDragon"",""playerB"":""Banino"",""stats"":{""eligible"":false,""n_games_total"":1.0,""n_games"":1.0,""n_days"":1.0,""mean_impact"":-0.22751308,""shrunk_impact"":-0.02068301,""ci_low"":null,""ci_high"":null,""win_rate"":0.0}},""value"":-0.02068301},{""row"":4,""col"":2,""kind"":""sparse"",""pair"":{""id"":""pair-28592c4b8a593971"",""teamId"":""oe:team:7894460f171d66e8ffc149c05b056a8"",""teamName"":""Cyberground Gaming"",""playerAId"":""oe:player:369527480223407c4bc2a0f8f1c3437"",""playerBId"":""oe:player:96780e8959ce77ff5cfce9a491e7f22"",""playerA"":""Crocomux"",""playerB"":""Banino"",""stats"":{""eligible"":false,""n_games_total"":4.0,""n_games"":4.0,""n_days"":4.0,""mean_impact"":0.1982648,""shrunk_impact"":0.05664709,""ci_low"":-0.11233617,""ci_high"":0.22619138,""win_rate"":0.5}},""value"":0.05664709},{""row"":4,""col"":3,""kind"":""sparse"",""pair"":{""id"":""pair-3e14508548092ffc"",""teamId"":""oe:team:7894460f171d66e8ffc149c05b056a8"",""teamName"":""Cyberground Gaming"",""playerAId"":""oe:player:2120baa196033069d0f850af69a0853"",""playerBId"":""oe:player:96780e8959ce77ff5cfce9a491e7f22"",""playerA"":""BlackVodka"",""playerB"":""Banino"",""stats"":{""eligible"":false,""n_games_total"":4.0,""n_games"":4.0,""n_days"":4.0,""mean_impact"":0.23329407,""shrunk_impact"":0.06665545,""ci_low"":-0.17317024,""ci_high"":0.30648114,""win_rate"":0.5}},""value"":0.06665545},{""row"":4,""col"":4,""kind"":""self"",""pair"":null,""value"":null}],""limit"":0.15,""hasEligiblePair"":false}"
lineup-3d067bce52f64b24,oe:team:ee569c9f5e85fba8fcf57d51b1b78ed,DREN Esports,2023,oe:player:2a2e8a4d073d7f10a9adb064fc8bd38,Conse,oe:player:1803cfd1a017efe15edef6546bdac2b,Gaboesh,oe:player:a0c87894f0e56ae5f63b8d22f450532,FENZ1,oe:player:cd59def3023c9e0be42a59a178eab0a,Taba,oe:player:54cdca5a55dca8e6da7e43d33b7c361,Paradox,1,1,1,0.29441888,0.02676535,,,False,0.00000000,541.28305235,1.46938776,0.21090594,0.24558824,0.23683844,0.16192425,0.15218702,0.16076364,0.22740696,0.24764190,0.24824899,0.35606023,0.13531858,0.07360998,"{""version"":1,""players"":[{""id"":""oe:player:2a2e8a4d073d7f10a9adb064fc8bd38"",""name"":""Conse"",""role"":""top""},{""id"":""oe:player:1803cfd1a017efe15edef6546bdac2b"",""name"":""Gaboesh"",""role"":""jng""},{""id"":""oe:player:a0c87894f0e56ae5f63b8d22f450532"",""name"":""FENZ1"",""role"":""mid""},{""id"":""oe:player:cd59def3023c9e0be42a59a178eab0a"",""name"":""Taba"",""role"":""bot""},{""id"":""oe:player:54cdca5a55dca8e6da7e43d33b7c361"",""name"":""Paradox"",""role"":""sup""}],""cells"":[{""row"":0,""col"":0,""kind"":""self"",""pair"":null,""value"":null},{""row"":0,""col"":1,""kind"":""sparse"",""pair"":{""id"":""pair-089d4167cb90304a"",""teamId"":""oe:team:ee569c9f5e85fba8fcf57d51b1b78ed"",""teamName"":""DREN Esports"",""playerAId"":""oe:player:1803cfd1a017efe15edef6546bdac2b"",""playerBId"":""oe:player:2a2e8a4d073d7f10a9adb064fc8bd38"",""playerA"":""Gaboesh"",""playerB"":""Conse"",""stats"":{""eligible"":false,""n_games_total"":1.0,""n_games"":1.0,""n_days"":1.0,""mean_impact"":-0.11515785,""shrunk_impact"":-0.0104689,""ci_low"":null,""ci_high"":null,""win_rate"":0.0}},""value"":-0.0104689},{""row"":0,""col"":2,""kind"":""sparse"",""pair"":{""id"":""pair-19d9d2ea6039162d"",""teamId"":""oe:team:ee569c9f5e85fba8fcf57d51b1b78ed"",""teamName"":""DREN Esports"",""playerAId"":""oe:player:2a2e8a4d073d7f10a9adb064fc8bd38"",""playerBId"":""oe:player:a0c87894f0e56ae5f63b8d22f450532"",""playerA"":""Conse"",""playerB"":""FENZ1"",""stats"":{""eligible"":false,""n_games_total"":1.0,""n_games"":1.0,""n_days"":1.0,""mean_impact"":0.12229738,""shrunk_impact"":0.01111794,""ci_low"":null,""ci_high"":null,""win_rate"":0.0}},""value"":0.01111794},{""row"":0,""col"":3,""kind"":""sparse"",""pair"":{""id"":""pair-ed68af9bf431893f"",""teamId"":""oe:team:ee569c9f5e85fba8fcf57d51b1b78ed"",""teamName"":""DREN Esports"",""playerAId"":""oe:player:2a2e8a4d073d7f10a9adb064fc8bd38"",""playerBId"":""oe:player:cd59def3023c9e0be42a59a178eab0a"",""playerA"":""Conse"",""playerB"":""Taba"",""stats"":{""eligible"":false,""n_games_total"":1.0,""n_games"":1.0,""n_days"":1.0,""mean_impact"":0.75108802,""shrunk_impact"":0.06828073,""ci_low"":null,""ci_high"":null,""win_rate"":0.0}},""value"":0.06828073},{""row"":0,""col"":4,""kind"":""sparse"",""pair"":{""id"":""pair-d12ba333dea1224f"",""teamId"":""oe:team:ee569c9f5e85fba8fcf57d51b1b78ed"",""teamName"":""DREN Esports"",""playerAId"":""oe:player:2a2e8a4d073d7f10a9adb064fc8bd38"",""playerBId"":""oe:player:54cdca5a55dca8e6da7e43d33b7c361"",""playerA"":""Conse"",""playerB"":""Paradox"",""stats"":{""eligible"":false,""n_games_total"":1.0,""n_games"":1.0,""n_days"":1.0,""mean_impact"":-0.11180831,""shrunk_impact"":-0.01016439,""ci_low"":null,""ci_high"":null,""win_rate"":0.0}},""value"":-0.01016439},{""row"":1,""col"":0,""kind"":""sparse"",""pair"":{""id"":""pair-089d4167cb90304a"",""teamId"":""oe:team:ee569c9f5e85fba8fcf57d51b1b78ed"",""teamName"":""DREN Esports"",""playerAId"":""oe:player:1803cfd1a017efe15edef6546bdac2b"",""playerBId"":""oe:player:2a2e8a4d073d7f10a9adb064fc8bd38"",""playerA"":""Gaboesh"",""playerB"":""Conse"",""stats"":{""eligible"":false,""n_games_total"":1.0,""n_games"":1.0,""n_days"":1.0,""mean_impact"":-0.11515785,""shrunk_impact"":-0.0104689,""ci_low"":null,""ci_high"":null,""win_rate"":0.0}},""value"":-0.0104689},{""row"":1,""col"":1,""kind"":""self"",""pair"":null,""value"":null},{""row"":1,""col"":2,""kind"":""eligible"",""pair"":{""id"":""pair-b217532db9c73057"",""teamId"":""oe:team:ee569c9f5e85fba8fcf57d51b1b78ed"",""teamName"":""DREN Esports"",""playerAId"":""oe:player:1803cfd1a017efe15edef6546bdac2b"",""playerBId"":""oe:player:a0c87894f0e56ae5f63b8d22f450532"",""playerA"":""Gaboesh"",""playerB"":""FENZ1"",""stats"":{""eligible"":true,""n_games_total"":14.0,""n_games"":14.0,""n_days"":14.0,""mean_impact"":-0.18432202,""shrunk_impact"":-0.10752118,""ci_low"":-0.2539435,""ci_high"":0.03790662,""win_rate"":0.21428571}},""value"":-0.10752118},{""row"":1,""col"":3,""kind"":""eligible"",""pair"":{""id"":""pair-c13541e592f64b2a"",""teamId"":""oe:team:ee569c9f5e85fba8fcf57d51b1b78ed"",""teamName"":""DREN Esports"",""playerAId"":""oe:player:1803cfd1a017efe15edef6546bdac2b"",""playerBId"":""oe:player:cd59def3023c9e0be42a59a178eab0a"",""playerA"":""Gaboesh"",""playerB"":""Taba"",""stats"":{""eligible"":true,""n_games_total"":12.0,""n_games"":12.0,""n_days"":12.0,""mean_impact"":0.00733693,""shrunk_impact"":0.00400196,""ci_low"":-0.17841276,""ci_high"":0.20951543,""win_rate"":0.25}},""value"":0.00400196},{""row"":1,""col"":4,""kind"":""eligible"",""pair"":{""id"":""pair-dc6ea1f3494f7ee2"",""teamId"":""oe:team:ee569c9f5e85fba8fcf57d51b1b78ed"",""teamName"":""DREN Esports"",""playerAId"":""oe:player:1803cfd1a017efe15edef6546bdac2b"",""playerBId"":""oe:player:54cdca5a55dca8e6da7e43d33b7c361"",""playerA"":""Gaboesh"",""playerB"":""Paradox"",""stats"":{""eligible"":true,""n_games_total"":14.0,""n_games"":14.0,""n_days"":14.0,""mean_impact"":-0.53609988,""shrunk_impact"":-0.31272493,""ci_low"":-0.41792419,""ci_high"":-0.19655123,""win_rate"":0.21428571}},""value"":-0.31272493},{""row"":2,""col"":0,""kind"":""sparse"",""pair"":{""id"":""pair-19d9d2ea6039162d"",""teamId"":""oe:team:ee569c9f5e85fba8fcf57d51b1b78ed"",""teamName"":""DREN Esports"",""playerAId"":""oe:player:2a2e8a4d073d7f10a9adb064fc8bd38"",""playerBId"":""oe:player:a0c87894f0e56ae5f63b8d22f450532"",""playerA"":""Conse"",""playerB"":""FENZ1"",""stats"":{""eligible"":false,""n_games_total"":1.0,""n_games"":1.0,""n_days"":1.0,""mean_impact"":0.12229738,""shrunk_impact"":0.01111794,""ci_low"":null,""ci_high"":null,""win_rate"":0.0}},""value"":0.01111794},{""row"":2,""col"":1,""kind"":""eligible"",""pair"":{""id"":""pair-b217532db9c73057"",""teamId"":""oe:team:ee569c9f5e85fba8fcf57d51b1b78ed"",""teamName"":""DREN Esports"",""playerAId"":""oe:player:1803cfd1a017efe15edef6546bdac2b"",""playerBId"":""oe:player:a0c87894f0e56ae5f63b8d22f450532"",""playerA"":""Gaboesh"",""playerB"":""FENZ1"",""stats"":{""eligible"":true,""n_games_total"":14.0,""n_games"":14.0,""n_days"":14.0,""mean_impact"":-0.18432202,""shrunk_impact"":-0.10752118,""ci_low"":-0.2539435,""ci_high"":0.03790662,""win_rate"":0.21428571}},""value"":-0.10752118},{""row"":2,""col"":2,""kind"":""self"",""pair"":null,""value"":null},{""row"":2,""col"":3,""kind"":""eligible"",""pair"":{""id"":""pair-94652244f0931611"",""teamId"":""oe:team:ee569c9f5e85fba8fcf57d51b1b78ed"",""teamName"":""DREN Esports"",""playerAId"":""oe:player:a0c87894f0e56ae5f63b8d22f450532"",""playerBId"":""oe:player:cd59def3023c9e0be42a59a178eab0a"",""playerA"":""FENZ1"",""playerB"":""Taba"",""stats"":{""eligible"":true,""n_games_total"":12.0,""n_games"":12.0,""n_days"":12.0,""mean_impact"":0.29051121,""shrunk_impact"":0.15846066,""ci_low"":-0.06759887,""ci_high"":0.36222025,""win_rate"":0.25}},""value"":0.15846066},{""row"":2,""col"":4,""kind"":""eligible"",""pair"":{""id"":""pair-35904e91a8f9e9fa"",""teamId"":""oe:team:ee569c9f5e85fba8fcf57d51b1b78ed"",""teamName"":""DREN Esports"",""playerAId"":""oe:player:54cdca5a55dca8e6da7e43d33b7c361"",""playerBId"":""oe:player:a0c87894f0e56ae5f63b8d22f450532"",""playerA"":""Paradox"",""playerB"":""FENZ1"",""stats"":{""eligible"":true,""n_games_total"":14.0,""n_games"":14.0,""n_days"":14.0,""mean_impact"":-0.26150024,""shrunk_impact"":-0.15254181,""ci_low"":-0.28459896,""ci_high"":-0.01900481,""win_rate"":0.21428571}},""value"":-0.15254181},{""row"":3,""col"":0,""kind"":""sparse"",""pair"":{""id"":""pair-ed68af9bf431893f"",""teamId"":""oe:team:ee569c9f5e85fba8fcf57d51b1b78ed"",""teamName"":""DREN Esports"",""playerAId"":""oe:player:2a2e8a4d073d7f10a9adb064fc8bd38"",""playerBId"":""oe:player:cd59def3023c9e0be42a59a178eab0a"",""playerA"":""Conse"",""playerB"":""Taba"",""stats"":{""eligible"":false,""n_games_total"":1.0,""n_games"":1.0,""n_days"":1.0,""mean_impact"":0.75108802,""shrunk_impact"":0.06828073,""ci_low"":null,""ci_high"":null,""win_rate"":0.0}},""value"":0.06828073},{""row"":3,""col"":1,""kind"":""eligible"",""pair"":{""id"":""pair-c13541e592f64b2a"",""teamId"":""oe:team:ee569c9f5e85fba8fcf57d51b1b78ed"",""teamName"":""DREN Esports"",""playerAId"":""oe:player:1803cfd1a017efe15edef6546bdac2b"",""playerBId"":""oe:player:cd59def3023c9e0be42a59a178eab0a"",""playerA"":""Gaboesh"",""playerB"":""Taba"",""stats"":{""eligible"":true,""n_games_total"":12.0,""n_games"":12.0,""n_days"":12.0,""mean_impact"":0.00733693,""shrunk_impact"":0.00400196,""ci_low"":-0.17841276,""ci_high"":0.20951543,""win_rate"":0.25}},""value"":0.00400196},{""row"":3,""col"":2,""kind"":""eligible"",""pair"":{""id"":""pair-94652244f0931611"",""teamId"":""oe:team:ee569c9f5e85fba8fcf57d51b1b78ed"",""teamName"":""DREN Esports"",""playerAId"":""oe:player:a0c87894f0e56ae5f63b8d22f450532"",""playerBId"":""oe:player:cd59def3023c9e0be42a59a178eab0a"",""playerA"":""FENZ1"",""playerB"":""Taba"",""stats"":{""eligible"":true,""n_games_total"":12.0,""n_games"":12.0,""n_days"":12.0,""mean_impact"":0.29051121,""shrunk_impact"":0.15846066,""ci_low"":-0.06759887,""ci_high"":0.36222025,""win_rate"":0.25}},""value"":0.15846066},{""row"":3,""col"":3,""kind"":""self"",""pair"":null,""value"":null},{""row"":3,""col"":4,""kind"":""eligible"",""pair"":{""id"":""pair-69721dae5e74cdff"",""teamId"":""oe:team:ee569c9f5e85fba8fcf57d51b1b78ed"",""teamName"":""DREN Esports"",""playerAId"":""oe:player:54cdca5a55dca8e6da7e43d33b7c361"",""playerBId"":""oe:player:cd59def3023c9e0be42a59a178eab0a"",""playerA"":""Paradox"",""playerB"":""Taba"",""stats"":{""eligible"":true,""n_games_total"":12.0,""n_games"":12.0,""n_days"":12.0,""mean_impact"":-0.10208548,""shrunk_impact"":-0.05568299,""ci_low"":-0.20601883,""ci_high"":0.10603561,""win_rate"":0.25}},""value"":-0.05568299},{""row"":4,""col"":0,""kind"":""sparse"",""pair"":{""id"":""pair-d12ba333dea1224f"",""teamId"":""oe:team:ee569c9f5e85fba8fcf57d51b1b78ed"",""teamName"":""DREN Esports"",""playerAId"":""oe:player:2a2e8a4d073d7f10a9adb064fc8bd38"",""playerBId"":""oe:player:54cdca5a55dca8e6da7e43d33b7c361"",""playerA"":""Conse"",""playerB"":""Paradox"",""stats"":{""eligible"":false,""n_games_total"":1.0,""n_games"":1.0,""n_days"":1.0,""mean_impact"":-0.11180831,""shrunk_impact"":-0.01016439,""ci_low"":null,""ci_high"":null,""win_rate"":0.0}},""value"":-0.01016439},{""row"":4,""col"":1,""kind"":""eligible"",""pair"":{""id"":""pair-dc6ea1f3494f7ee2"",""teamId"":""oe:team:ee569c9f5e85fba8fcf57d51b1b78ed"",""teamName"":""DREN Esports"",""playerAId"":""oe:player:1803cfd1a017efe15edef6546bdac2b"",""playerBId"":""oe:player:54cdca5a55dca8e6da7e43d33b7c361"",""playerA"":""Gaboesh"",""playerB"":""Paradox"",""stats"":{""eligible"":true,""n_games_total"":14.0,""n_games"":14.0,""n_days"":14.0,""mean_impact"":-0.53609988,""shrunk_impact"":-0.31272493,""ci_low"":-0.41792419,""ci_high"":-0.19655123,""win_rate"":0.21428571}},""value"":-0.31272493},{""row"":4,""col"":2,""kind"":""eligible"",""pair"":{""id"":""pair-35904e91a8f9e9fa"",""teamId"":""oe:team:ee569c9f5e85fba8fcf57d51b1b78ed"",""teamName"":""DREN Esports"",""playerAId"":""oe:player:54cdca5a55dca8e6da7e43d33b7c361"",""playerBId"":""oe:player:a0c87894f0e56ae5f63b8d22f450532"",""playerA"":""Paradox"",""playerB"":""FENZ1"",""stats"":{""eligible"":true,""n_games_total"":14.0,""n_games"":14.0,""n_days"":14.0,""mean_impact"":-0.26150024,""shrunk_impact"":-0.15254181,""ci_low"":-0.28459896,""ci_high"":-0.01900481,""win_rate"":0.21428571}},""value"":-0.15254181},{""row"":4,""col"":3,""kind"":""eligible"",""pair"":{""id"":""pair-69721dae5e74cdff"",""teamId"":""oe:team:ee569c9f5e85fba8fcf57d51b1b78ed"",""teamName"":""DREN Esports"",""playerAId"":""oe:player:54cdca5a55dca8e6da7e43d33b7c361"",""playerBId"":""oe:player:cd59def3023c9e0be42a59a178eab0a"",""playerA"":""Paradox"",""playerB"":""Taba"",""stats"":{""eligible"":true,""n_games_total"":12.0,""n_games"":12.0,""n_days"":12.0,""mean_impact"":-0.10208548,""shrunk_impact"":-0.05568299,""ci_low"":-0.20601883,""ci_high"":0.10603561,""win_rate"":0.25}},""value"":-0.05568299},{""row"":4,""col"":4,""kind"":""self"",""pair"":null,""value"":null}],""limit"":0.31272493,""hasEligiblePair"":true}"
lineup-403d937d0daf30f9,oe:team:796ea3d66925fb0819e543eb88eea1e,Webidoo Gaming,2023,oe:player:2a2e8a4d073d7f10a9adb064fc8bd38,Conse,oe:player:81317166070e5727aa15670f1d996b3,Lotuss,oe:player:01691a35fd830394e9b5565308805d9,Phlaty,oe:player:7226d142e35d427b0a90822a3912973,Kenal,oe:player:f216690ac90e0a1c2097a616cb4453e,Sparz,13,6,6,0.09559705,0.03584890,-0.10608350,0.16642037,False,0.16666667,454.86450156,1.53063948,0.20772849,0.22643107,0.22393345,0.21853262,0.19528085,0.19862630,0.21588766,0.21854036,0.22807266,0.26010759,0.13682538,0.10419313,"{""version"":1,""players"":[{""id"":""oe:player:2a2e8a4d073d7f10a9adb064fc8bd38"",""name"":""Conse"",""role"":""top""},{""id"":""oe:player:81317166070e5727aa15670f1d996b3"",""name"":""Lotuss"",""role"":""jng""},{""id"":""oe:player:01691a35fd830394e9b5565308805d9"",""name"":""Phlaty"",""role"":""mid""},{""id"":""oe:player:7226d142e35d427b0a90822a3912973"",""name"":""Kenal"",""role"":""bot""},{""id"":""oe:player:f216690ac90e0a1c2097a616cb4453e"",""name"":""Sparz"",""role"":""sup""}],""cells"":[{""row"":0,""col"":0,""kind"":""self"",""pair"":null,""value"":null},{""row"":0,""col"":1,""kind"":""sparse"",""pair"":{""id"":""pair-f570c091d0ca5bfa"",""teamId"":""oe:team:796ea3d66925fb0819e543eb88eea1e"",""teamName"":""Webidoo Gaming"",""playerAId"":""oe:player:2a2e8a4d073d7f10a9adb064fc8bd38"",""playerBId"":""oe:player:81317166070e5727aa15670f1d996b3"",""playerA"":""Conse"",""playerB"":""Lotuss"",""stats"":{""eligible"":false,""n_games_total"":13.0,""n_games"":6.0,""n_days"":6.0,""mean_impact"":0.23297967,""shrunk_impact"":0.08736738,""ci_low"":-0.09621649,""ci_high"":0.24424142,""win_rate"":0.16666667}},""value"":0.08736738},{""row"":0,""col"":2,""kind"":""sparse"",""pair"":{""id"":""pair-bd377d865ccbb9c2"",""teamId"":""oe:team:796ea3d66925fb0819e543eb88eea1e"",""teamName"":""Webidoo Gaming"",""playerAId"":""oe:player:01691a35fd830394e9b5565308805d9"",""playerBId"":""oe:player:2a2e8a4d073d7f10a9adb064fc8bd38"",""playerA"":""Phlaty"",""playerB"":""Conse"",""stats"":{""eligible"":false,""n_games_total"":13.0,""n_games"":6.0,""n_days"":6.0,""mean_impact"":0.06030444,""shrunk_impact"":0.02261416,""ci_low"":-0.12724417,""ci_high"":0.18544867,""win_rate"":0.16666667}},""value"":0.02261416},{""row"":0,""col"":3,""kind"":""sparse"",""pair"":{""id"":""pair-c393b6c91685d272"",""teamId"":""oe:team:796ea3d66925fb0819e543eb88eea1e"",""teamName"":""Webidoo Gaming"",""playerAId"":""oe:player:2a2e8a4d073d7f10a9adb064fc8bd38"",""playerBId"":""oe:player:7226d142e35d427b0a90822a3912973"",""playerA"":""Conse"",""playerB"":""Kenal"",""stats"":{""eligible"":false,""n_games_total"":13.0,""n_games"":6.0,""n_days"":6.0,""mean_impact"":0.10561488,""shrunk_impact"":0.03960558,""ci_low"":-0.05323518,""ci_high"":0.14847545,""win_rate"":0.16666667}},""value"":0.03960558},{""row"":0,""col"":4,""kind"":""sparse"",""pair"":{""id"":""pair-7353742e5449a817"",""teamId"":""oe:team:796ea3d66925fb0819e543eb88eea1e"",""teamName"":""Webidoo Gaming"",""playerAId"":""oe:player:2a2e8a4d073d7f10a9adb064fc8bd38"",""playerBId"":""oe:player:f216690ac90e0a1c2097a616cb4453e"",""playerA"":""Conse"",""playerB"":""Sparz"",""stats"":{""eligible"":false,""n_games_total"":13.0,""n_games"":6.0,""n_days"":6.0,""mean_impact"":0.04714602,""shrunk_impact"":0.01767976,""ci_low"":-0.14315315,""ci_high"":0.19469888,""win_rate"":0.16666667}},""value"":0.01767976},{""row"":1,""col"":0,""kind"":""sparse"",""pair"":{""id"":""pair-f570c091d0ca5bfa"",""teamId"":""oe:team:796ea3d66925fb0819e543eb88eea1e"",""teamName"":""Webidoo Gaming"",""playerAId"":""oe:player:2a2e8a4d073d7f10a9adb064fc8bd38"",""playerBId"":""oe:player:81317166070e5727aa15670f1d996b3"",""playerA"":""Conse"",""playerB"":""Lotuss"",""stats"":{""eligible"":false,""n_games_total"":13.0,""n_games"":6.0,""n_days"":6.0,""mean_impact"":0.23297967,""shrunk_impact"":0.08736738,""ci_low"":-0.09621649,""ci_high"":0.24424142,""win_rate"":0.16666667}},""value"":0.08736738},{""row"":1,""col"":1,""kind"":""self"",""pair"":null,""value"":null},{""row"":1,""col"":2,""kind"":""sparse"",""pair"":{""id"":""pair-55cb59139f73f76d"",""teamId"":""oe:team:796ea3d66925fb0819e543eb88eea1e"",""teamName"":""Webidoo Gaming"",""playerAId"":""oe:player:01691a35fd830394e9b5565308805d9"",""playerBId"":""oe:player:81317166070e5727aa15670f1d996b3"",""playerA"":""Phlaty"",""playerB"":""Lotuss"",""stats"":{""eligible"":false,""n_games_total"":13.0,""n_games"":6.0,""n_days"":6.0,""mean_impact"":0.15524919,""shrunk_impact"":0.05821845,""ci_low"":-0.14677271,""ci_high"":0.26764318,""win_rate"":0.16666667}},""value"":0.05821845},{""row"":1,""col"":3,""kind"":""sparse"",""pair"":{""id"":""pair-869eadca467f0374"",""teamId"":""oe:team:796ea3d66925fb0819e543eb88eea1e"",""teamName"":""Webidoo Gaming"",""playerAId"":""oe:player:7226d142e35d427b0a90822a3912973"",""playerBId"":""oe:player:81317166070e5727aa15670f1d996b3"",""playerA"":""Kenal"",""playerB"":""Lotuss"",""stats"":{""eligible"":false,""n_games_total"":13.0,""n_games"":6.0,""n_days"":6.0,""mean_impact"":0.20055964,""shrunk_impact"":0.07520986,""ci_low"":-0.08760635,""ci_high"":0.22688091,""win_rate"":0.16666667}},""value"":0.07520986},{""row"":1,""col"":4,""kind"":""sparse"",""pair"":{""id"":""pair-b8013ee80356a2a0"",""teamId"":""oe:team:796ea3d66925fb0819e543eb88eea1e"",""teamName"":""Webidoo Gaming"",""playerAId"":""oe:player:81317166070e5727aa15670f1d996b3"",""playerBId"":""oe:player:f216690ac90e0a1c2097a616cb4453e"",""playerA"":""Lotuss"",""playerB"":""Sparz"",""stats"":{""eligible"":false,""n_games_total"":13.0,""n_games"":6.0,""n_days"":6.0,""mean_impact"":0.14209077,""shrunk_impact"":0.05328404,""ci_low"":-0.18301623,""ci_high"":0.34402091,""win_rate"":0.16666667}},""value"":0.05328404},{""row"":2,""col"":0,""kind"":""sparse"",""pair"":{""id"":""pair-bd377d865ccbb9c2"",""teamId"":""oe:team:796ea3d66925fb0819e543eb88eea1e"",""teamName"":""Webidoo Gaming"",""playerAId"":""oe:player:01691a35fd830394e9b5565308805d9"",""playerBId"":""oe:player:2a2e8a4d073d7f10a9adb064fc8bd38"",""playerA"":""Phlaty"",""playerB"":""Conse"",""stats"":{""eligible"":false,""n_games_total"":13.0,""n_games"":6.0,""n_days"":6.0,""mean_impact"":0.06030444,""shrunk_impact"":0.02261416,""ci_low"":-0.12724417,""ci_high"":0.18544867,""win_rate"":0.16666667}},""value"":0.02261416},{""row"":2,""col"":1,""kind"":""sparse"",""pair"":{""id"":""pair-55cb59139f73f76d"",""teamId"":""oe:team:796ea3d66925fb0819e543eb88eea1e"",""teamName"":""Webidoo Gaming"",""playerAId"":""oe:player:01691a35fd830394e9b5565308805d9"",""playerBId"":""oe:player:81317166070e5727aa15670f1d996b3"",""playerA"":""Phlaty"",""playerB"":""Lotuss"",""stats"":{""eligible"":false,""n_games_total"":13.0,""n_games"":6.0,""n_days"":6.0,""mean_impact"":0.15524919,""shrunk_impact"":0.05821845,""ci_low"":-0.14677271,""ci_high"":0.26764318,""win_rate"":0.16666667}},""value"":0.05821845},{""row"":2,""col"":2,""kind"":""self"",""pair"":null,""value"":null},{""row"":2,""col"":3,""kind"":""sparse"",""pair"":{""id"":""pair-6c1ca1435c036f0e"",""teamId"":""oe:team:796ea3d66925fb0819e543eb88eea1e"",""teamName"":""Webidoo Gaming"",""playerAId"":""oe:player:01691a35fd830394e9b5565308805d9"",""playerBId"":""oe:player:7226d142e35d427b0a90822a3912973"",""playerA"":""Phlaty"",""playerB"":""Kenal"",""stats"":{""eligible"":false,""n_games_total"":13.0,""n_games"":6.0,""n_days"":6.0,""mean_impact"":0.0278844,""shrunk_impact"":0.01045665,""ci_low"":-0.10219527,""ci_high"":0.12448894,""win_rate"":0.16666667}},""value"":0.01045665},{""row"":2,""col"":4,""kind"":""sparse"",""pair"":{""id"":""pair-e7039fd68a1ff68c"",""teamId"":""oe:team:796ea3d66925fb0819e543eb88eea1e"",""teamName"":""Webidoo Gaming"",""playerAId"":""oe:player:01691a35fd830394e9b5565308805d9"",""playerBId"":""oe:player:f216690ac90e0a1c2097a616cb4453e"",""playerA"":""Phlaty"",""playerB"":""Sparz"",""stats"":{""eligible"":false,""n_games_total"":13.0,""n_games"":6.0,""n_days"":6.0,""mean_impact"":-0.03058446,""shrunk_impact"":-0.01146917,""ci_low"":-0.17034422,""ci_high"":0.16758727,""win_rate"":0.16666667}},""value"":-0.01146917},{""row"":3,""col"":0,""kind"":""sparse"",""pair"":{""id"":""pair-c393b6c91685d272"",""teamId"":""oe:team:796ea3d66925fb0819e543eb88eea1e"",""teamName"":""Webidoo Gaming"",""playerAId"":""oe:player:2a2e8a4d073d7f10a9adb064fc8bd38"",""playerBId"":""oe:player:7226d142e35d427b0a90822a3912973"",""playerA"":""Conse"",""playerB"":""Kenal"",""stats"":{""eligible"":false,""n_games_total"":13.0,""n_games"":6.0,""n_days"":6.0,""mean_impact"":0.10561488,""shrunk_impact"":0.03960558,""ci_low"":-0.05323518,""ci_high"":0.14847545,""win_rate"":0.16666667}},""value"":0.03960558},{""row"":3,""col"":1,""kind"":""sparse"",""pair"":{""id"":""pair-869eadca467f0374"",""teamId"":""oe:team:796ea3d66925fb0819e543eb88eea1e"",""teamName"":""Webidoo Gaming"",""playerAId"":""oe:player:7226d142e35d427b0a90822a3912973"",""playerBId"":""oe:player:81317166070e5727aa15670f1d996b3"",""playerA"":""Kenal"",""playerB"":""Lotuss"",""stats"":{""eligible"":false,""n_games_total"":13.0,""n_games"":6.0,""n_days"":6.0,""mean_impact"":0.20055964,""shrunk_impact"":0.07520986,""ci_low"":-0.08760635,""ci_high"":0.22688091,""win_rate"":0.16666667}},""value"":0.07520986},{""row"":3,""col"":2,""kind"":""sparse"",""pair"":{""id"":""pair-6c1ca1435c036f0e"",""teamId"":""oe:team:796ea3d66925fb0819e543eb88eea1e"",""teamName"":""Webidoo Gaming"",""playerAId"":""oe:player:01691a35fd830394e9b5565308805d9"",""playerBId"":""oe:player:7226d142e35d427b0a90822a3912973"",""playerA"":""Phlaty"",""playerB"":""Kenal"",""stats"":{""eligible"":false,""n_games_total"":13.0,""n_games"":6.0,""n_days"":6.0,""mean_impact"":0.0278844,""shrunk_impact"":0.01045665,""ci_low"":-0.10219527,""ci_high"":0.12448894,""win_rate"":0.16666667}},""value"":0.01045665},{""row"":3,""col"":3,""kind"":""self"",""pair"":null,""value"":null},{""row"":3,""col"":4,""kind"":""sparse"",""pair"":{""id"":""pair-501a396fd45c5498"",""teamId"":""oe:team:796ea3d66925fb0819e543eb88eea1e"",""teamName"":""Webidoo Gaming"",""playerAId"":""oe:player:7226d142e35d427b0a90822a3912973"",""playerBId"":""oe:player:f216690ac90e0a1c2097a616cb4453e"",""playerA"":""Kenal"",""playerB"":""Sparz"",""stats"":{""eligible"":false,""n_games_total"":13.0,""n_games"":6.0,""n_days"":6.0,""mean_impact"":0.01472598,""shrunk_impact"":0.00552224,""ci_low"":-0.12667226,""ci_high"":0.18400113,""win_rate"":0.16666667}},""value"":0.00552224},{""row"":4,""col"":0,""kind"":""sparse"",""pair"":{""id"":""pair-7353742e5449a817"",""teamId"":""oe:team:796ea3d66925fb0819e543eb88eea1e"",""teamName"":""Webidoo Gaming"",""playerAId"":""oe:player:2a2e8a4d073d7f10a9adb064fc8bd38"",""playerBId"":""oe:player:f216690ac90e0a1c2097a616cb4453e"",""playerA"":""Conse"",""playerB"":""Sparz"",""stats"":{""eligible"":false,""n_games_total"":13.0,""n_games"":6.0,""n_days"":6.0,""mean_impact"":0.04714602,""shrunk_impact"":0.01767976,""ci_low"":-0.14315315,""ci_high"":0.19469888,""win_rate"":0.16666667}},""value"":0.01767976},{""row"":4,""col"":1,""kind"":""sparse"",""pair"":{""id"":""pair-b8013ee80356a2a0"",""teamId"":""oe:team:796ea3d66925fb0819e543eb88eea1e"",""teamName"":""Webidoo Gaming"",""playerAId"":""oe:player:81317166070e5727aa15670f1d996b3"",""playerBId"":""oe:player:f216690ac90e0a1c2097a616cb4453e"",""playerA"":""Lotuss"",""playerB"":""Sparz"",""stats"":{""eligible"":false,""n_games_total"":13.0,""n_games"":6.0,""n_days"":6.0,""mean_impact"":0.14209077,""shrunk_impact"":0.05328404,""ci_low"":-0.18301623,""ci_high"":0.34402091,""win_rate"":0.16666667}},""value"":0.05328404},{""row"":4,""col"":2,""kind"":""sparse"",""pair"":{""id"":""pair-e7039fd68a1ff68c"",""teamId"":""oe:team:796ea3d66925fb0819e543eb88eea1e"",""teamName"":""Webidoo Gaming"",""playerAId"":""oe:player:01691a35fd830394e9b5565308805d9"",""playerBId"":""oe:player:f216690ac90e0a1c2097a616cb4453e"",""playerA"":""Phlaty"",""playerB"":""Sparz"",""stats"":{""eligible"":false,""n_games_total"":13.0,""n_games"":6.0,""n_days"":6.0,""mean_impact"":-0.03058446,""shrunk_impact"":-0.01146917,""ci_low"":-0.17034422,""ci_high"":0.16758727,""win_rate"":0.16666667}},""value"":-0.01146917},{""row"":4,""col"":3,""kind"":""sparse"",""pair"":{""id"":""pair-501a396fd45c5498"",""teamId"":""oe:team:796ea3d66925fb0819e543eb88eea1e"",""teamName"":""Webidoo Gaming"",""playerAId"":""oe:player:7226d142e35d427b0a90822a3912973"",""playerBId"":""oe:player:f216690ac90e0a1c2097a616cb4453e"",""playerA"":""Kenal"",""playerB"":""Sparz"",""stats"":{""eligible"":false,""n_games_total"":13.0,""n_games"":6.0,""n_days"":6.0,""mean_impact"":0.01472598,""shrunk_impact"":0.00552224,""ci_low"":-0.12667226,""ci_high"":0.18400113,""win_rate"":0.16666667}},""value"":0.00552224},{""row"":4,""col"":4,""kind"":""self"",""pair"":null,""value"":null}],""limit"":0.15,""hasEligiblePair"":false}"
lineup-43ccb4c1d699ac53,oe:team:a2e63aee03585f0b37ff4cad936e349,Macko Esports,2023,oe:player:72c5cc0e2586935d16539f31a2a4fec,ACD,oe:player:702efc23873d774e479682ef680d911,Cboi,oe:player:325397710b4294aeb7a18881c34f33b,Six10,oe:player:ba6e76e259419420ddff269bb6ef074,Vzz,oe:player:1e249a5688255bde7f7213b5d257b3c,Click,56,50,32,0.06651889,0.05543240,-0.06591537,0.17438229,True,0.84000000,548.98244154,1.64853735,0.20954543,0.24318270,0.21356567,0.24852451,0.18434552,0.14766664,0.22740320,0.23749968,0.24174682,0.27882680,0.13293879,0.08748237,"{""version"":1,""players"":[{""id"":""oe:player:72c5cc0e2586935d16539f31a2a4fec"",""name"":""ACD"",""role"":""top""},{""id"":""oe:player:702efc23873d774e479682ef680d911"",""name"":""Cboi"",""role"":""jng""},{""id"":""oe:player:325397710b4294aeb7a18881c34f33b"",""name"":""Six10"",""role"":""mid""},{""id"":""oe:player:ba6e76e259419420ddff269bb6ef074"",""name"":""Vzz"",""role"":""bot""},{""id"":""oe:player:1e249a5688255bde7f7213b5d257b3c"",""name"":""Click"",""role"":""sup""}],""cells"":[{""row"":0,""col"":0,""kind"":""self"",""pair"":null,""value"":null},{""row"":0,""col"":1,""kind"":""eligible"",""pair"":{""id"":""pair-0356fcf8268aa931"",""teamId"":""oe:team:a2e63aee03585f0b37ff4cad936e349"",""teamName"":""Macko Esports"",""playerAId"":""oe:player:702efc23873d774e479682ef680d911"",""playerBId"":""oe:player:72c5cc0e2586935d16539f31a2a4fec"",""playerA"":""Cboi"",""playerB"":""ACD"",""stats"":{""eligible"":true,""n_games_total"":56.0,""n_games"":50.0,""n_days"":32.0,""mean_impact"":0.068951,""shrunk_impact"":0.05745917,""ci_low"":-0.09199005,""ci_high"":0.21062376,""win_rate"":0.84}},""value"":0.05745917},{""row"":0,""col"":2,""kind"":""eligible"",""pair"":{""id"":""pair-f0b25042c985f0d9"",""teamId"":""oe:team:a2e63aee03585f0b37ff4cad936e349"",""teamName"":""Macko Esports"",""playerAId"":""oe:player:325397710b4294aeb7a18881c34f33b"",""playerBId"":""oe:player:72c5cc0e2586935d16539f31a2a4fec"",""playerA"":""Six10"",""playerB"":""ACD"",""stats"":{""eligible"":true,""n_games_total"":56.0,""n_games"":50.0,""n_days"":32.0,""mean_impact"":0.33476103,""shrunk_impact"":0.27896752,""ci_low"":0.08824785,""ci_high"":0.47987005,""win_rate"":0.84}},""value"":0.27896752},{""row"":0,""col"":3,""kind"":""eligible"",""pair"":{""id"":""pair-9de11fe472cf7f40"",""teamId"":""oe:team:a2e63aee03585f0b37ff4cad936e349"",""teamName"":""Macko Esports"",""playerAId"":""oe:player:72c5cc0e2586935d16539f31a2a4fec"",""playerBId"":""oe:player:ba6e76e259419420ddff269bb6ef074"",""playerA"":""ACD"",""playerB"":""Vzz"",""stats"":{""eligible"":true,""n_games_total"":56.0,""n_games"":50.0,""n_days"":32.0,""mean_impact"":0.44547417,""shrunk_impact"":0.37122847,""ci_low"":0.19168168,""ci_high"":0.54610757,""win_rate"":0.84}},""value"":0.37122847},{""row"":0,""col"":4,""kind"":""eligible"",""pair"":{""id"":""pair-392cf509b8106f4c"",""teamId"":""oe:team:a2e63aee03585f0b37ff4cad936e349"",""teamName"":""Macko Esports"",""playerAId"":""oe:player:1e249a5688255bde7f7213b5d257b3c"",""playerBId"":""oe:player:72c5cc0e2586935d16539f31a2a4fec"",""playerA"":""Click"",""playerB"":""ACD"",""stats"":{""eligible"":true,""n_games_total"":56.0,""n_games"":50.0,""n_days"":32.0,""mean_impact"":0.04366137,""shrunk_impact"":0.03638447,""ci_low"":-0.16448642,""ci_high"":0.25260138,""win_rate"":0.84}},""value"":0.03638447},{""row"":1,""col"":0,""kind"":""eligible"",""pair"":{""id"":""pair-0356fcf8268aa931"",""teamId"":""oe:team:a2e63aee03585f0b37ff4cad936e349"",""teamName"":""Macko Esports"",""playerAId"":""oe:player:702efc23873d774e479682ef680d911"",""playerBId"":""oe:player:72c5cc0e2586935d16539f31a2a4fec"",""playerA"":""Cboi"",""playerB"":""ACD"",""stats"":{""eligible"":true,""n_games_total"":56.0,""n_games"":50.0,""n_days"":32.0,""mean_impact"":0.068951,""shrunk_impact"":0.05745917,""ci_low"":-0.09199005,""ci_high"":0.21062376,""win_rate"":0.84}},""value"":0.05745917},{""row"":1,""col"":1,""kind"":""self"",""pair"":null,""value"":null},{""row"":1,""col"":2,""kind"":""eligible"",""pair"":{""id"":""pair-943f1fce8617c1ff"",""teamId"":""oe:team:a2e63aee03585f0b37ff4cad936e349"",""teamName"":""Macko Esports"",""playerAId"":""oe:player:325397710b4294aeb7a18881c34f33b"",""playerBId"":""oe:player:702efc23873d774e479682ef680d911"",""playerA"":""Six10"",""playerB"":""Cboi"",""stats"":{""eligible"":true,""n_games_total"":56.0,""n_games"":50.0,""n_days"":32.0,""mean_impact"":-0.08065487,""shrunk_impact"":-0.06721239,""ci_low"":-0.22781597,""ci_high"":0.0755786,""win_rate"":0.84}},""value"":-0.06721239},{""row"":1,""col"":3,""kind"":""eligible"",""pair"":{""id"":""pair-b80717a63ff1f581"",""teamId"":""oe:team:a2e63aee03585f0b37ff4cad936e349"",""teamName"":""Macko Esports"",""playerAId"":""oe:player:702efc23873d774e479682ef680d911"",""playerBId"":""oe:player:ba6e76e259419420ddff269bb6ef074"",""playerA"":""Cboi"",""playerB"":""Vzz"",""stats"":{""eligible"":true,""n_games_total"":56.0,""n_games"":50.0,""n_days"":32.0,""mean_impact"":0.03005827,""shrunk_impact"":0.02504856,""ci_low"":-0.08694096,""ci_high"":0.13261596,""win_rate"":0.84}},""value"":0.02504856},{""row"":1,""col"":4,""kind"":""eligible"",""pair"":{""id"":""pair-e883da1f2250731a"",""teamId"":""oe:team:a2e63aee03585f0b37ff4cad936e349"",""teamName"":""Macko Esports"",""playerAId"":""oe:player:1e249a5688255bde7f7213b5d257b3c"",""playerBId"":""oe:player:702efc23873d774e479682ef680d911"",""playerA"":""Click"",""playerB"":""Cboi"",""stats"":{""eligible"":true,""n_games_total"":56.0,""n_games"":50.0,""n_days"":32.0,""mean_impact"":-0.37175453,""shrunk_impact"":-0.30979544,""ci_low"":-0.43384057,""ci_high"":-0.18764861,""win_rate"":0.84}},""value"":-0.30979544},{""row"":2,""col"":0,""kind"":""eligible"",""pair"":{""id"":""pair-f0b25042c985f0d9"",""teamId"":""oe:team:a2e63aee03585f0b37ff4cad936e349"",""teamName"":""Macko Esports"",""playerAId"":""oe:player:325397710b4294aeb7a18881c34f33b"",""playerBId"":""oe:player:72c5cc0e2586935d16539f31a2a4fec"",""playerA"":""Six10"",""playerB"":""ACD"",""stats"":{""eligible"":true,""n_games_total"":56.0,""n_games"":50.0,""n_days"":32.0,""mean_impact"":0.33476103,""shrunk_impact"":0.27896752,""ci_low"":0.08824785,""ci_high"":0.47987005,""win_rate"":0.84}},""value"":0.27896752},{""row"":2,""col"":1,""kind"":""eligible"",""pair"":{""id"":""pair-943f1fce8617c1ff"",""teamId"":""oe:team:a2e63aee03585f0b37ff4cad936e349"",""teamName"":""Macko Esports"",""playerAId"":""oe:player:325397710b4294aeb7a18881c34f33b"",""playerBId"":""oe:player:702efc23873d774e479682ef680d911"",""playerA"":""Six10"",""playerB"":""Cboi"",""stats"":{""eligible"":true,""n_games_total"":56.0,""n_games"":50.0,""n_days"":32.0,""mean_impact"":-0.08065487,""shrunk_impact"":-0.06721239,""ci_low"":-0.22781597,""ci_high"":0.0755786,""win_rate"":0.84}},""value"":-0.06721239},{""row"":2,""col"":2,""kind"":""self"",""pair"":null,""value"":null},{""row"":2,""col"":3,""kind"":""eligible"",""pair"":{""id"":""pair-894733535e9dfad7"",""teamId"":""oe:team:a2e63aee03585f0b37ff4cad936e349"",""teamName"":""Macko Esports"",""playerAId"":""oe:player:325397710b4294aeb7a18881c34f33b"",""playerBId"":""oe:player:ba6e76e259419420ddff269bb6ef074"",""playerA"":""Six10"",""playerB"":""Vzz"",""stats"":{""eligible"":true,""n_games_total"":56.0,""n_games"":50.0,""n_days"":32.0,""mean_impact"":0.29586829,""shrunk_impact"":0.24655691,""ci_low"":0.0526012,""ci_high"":0.42623804,""win_rate"":0.84}},""value"":0.24655691},{""row"":2,""col"":4,""kind"":""eligible"",""pair"":{""id"":""pair-17af3c0be7c429d1"",""teamId"":""oe:team:a2e63aee03585f0b37ff4cad936e349"",""teamName"":""Macko Esports"",""playerAId"":""oe:player:1e249a5688255bde7f7213b5d257b3c"",""playerBId"":""oe:player:325397710b4294aeb7a18881c34f33b"",""playerA"":""Click"",""playerB"":""Six10"",""stats"":{""eligible"":true,""n_games_total"":56.0,""n_games"":50.0,""n_days"":32.0,""mean_impact"":-0.10594451,""shrunk_impact"":-0.08828709,""ci_low"":-0.27558419,""ci_high"":0.09081583,""win_rate"":0.84}},""value"":-0.08828709},{""row"":3,""col"":0,""kind"":""eligible"",""pair"":{""id"":""pair-9de11fe472cf7f40"",""teamId"":""oe:team:a2e63aee03585f0b37ff4cad936e349"",""teamName"":""Macko Esports"",""playerAId"":""oe:player:72c5cc0e2586935d16539f31a2a4fec"",""playerBId"":""oe:player:ba6e76e259419420ddff269bb6ef074"",""playerA"":""ACD"",""playerB"":""Vzz"",""stats"":{""eligible"":true,""n_games_total"":56.0,""n_games"":50.0,""n_days"":32.0,""mean_impact"":0.44547417,""shrunk_impact"":0.37122847,""ci_low"":0.19168168,""ci_high"":0.54610757,""win_rate"":0.84}},""value"":0.37122847},{""row"":3,""col"":1,""kind"":""eligible"",""pair"":{""id"":""pair-b80717a63ff1f581"",""teamId"":""oe:team:a2e63aee03585f0b37ff4cad936e349"",""teamName"":""Macko Esports"",""playerAId"":""oe:player:702efc23873d774e479682ef680d911"",""playerBId"":""oe:player:ba6e76e259419420ddff269bb6ef074"",""playerA"":""Cboi"",""playerB"":""Vzz"",""stats"":{""eligible"":true,""n_games_total"":56.0,""n_games"":50.0,""n_days"":32.0,""mean_impact"":0.03005827,""shrunk_impact"":0.02504856,""ci_low"":-0.08694096,""ci_high"":0.13261596,""win_rate"":0.84}},""value"":0.02504856},{""row"":3,""col"":2,""kind"":""eligible"",""pair"":{""id"":""pair-894733535e9dfad7"",""teamId"":""oe:team:a2e63aee03585f0b37ff4cad936e349"",""teamName"":""Macko Esports"",""playerAId"":""oe:player:325397710b4294aeb7a18881c34f33b"",""playerBId"":""oe:player:ba6e76e259419420ddff269bb6ef074"",""playerA"":""Six10"",""playerB"":""Vzz"",""stats"":{""eligible"":true,""n_games_total"":56.0,""n_games"":50.0,""n_days"":32.0,""mean_impact"":0.29586829,""shrunk_impact"":0.24655691,""ci_low"":0.0526012,""ci_high"":0.42623804,""win_rate"":0.84}},""value"":0.24655691},{""row"":3,""col"":3,""kind"":""self"",""pair"":null,""value"":null},{""row"":3,""col"":4,""kind"":""eligible"",""pair"":{""id"":""pair-1b5f8433eeb5589a"",""teamId"":""oe:team:a2e63aee03585f0b37ff4cad936e349"",""teamName"":""Macko Esports"",""playerAId"":""oe:player:1e249a5688255bde7f7213b5d257b3c"",""playerBId"":""oe:player:ba6e76e259419420ddff269bb6ef074"",""playerA"":""Click"",""playerB"":""Vzz"",""stats"":{""eligible"":true,""n_games_total"":56.0,""n_games"":50.0,""n_days"":32.0,""mean_impact"":0.00476863,""shrunk_impact"":0.00397386,""ci_low"":-0.16292139,""ci_high"":0.15202158,""win_rate"":0.84}},""value"":0.00397386},{""row"":4,""col"":0,""kind"":""eligible"",""pair"":{""id"":""pair-392cf509b8106f4c"",""teamId"":""oe:team:a2e63aee03585f0b37ff4cad936e349"",""teamName"":""Macko Esports"",""playerAId"":""oe:player:1e249a5688255bde7f7213b5d257b3c"",""playerBId"":""oe:player:72c5cc0e2586935d16539f31a2a4fec"",""playerA"":""Click"",""playerB"":""ACD"",""stats"":{""eligible"":true,""n_games_total"":56.0,""n_games"":50.0,""n_days"":32.0,""mean_impact"":0.04366137,""shrunk_impact"":0.03638447,""ci_low"":-0.16448642,""ci_high"":0.25260138,""win_rate"":0.84}},""value"":0.03638447},{""row"":4,""col"":1,""kind"":""eligible"",""pair"":{""id"":""pair-e883da1f2250731a"",""teamId"":""oe:team:a2e63aee03585f0b37ff4cad936e349"",""teamName"":""Macko Esports"",""playerAId"":""oe:player:1e249a5688255bde7f7213b5d257b3c"",""playerBId"":""oe:player:702efc23873d774e479682ef680d911"",""playerA"":""Click"",""playerB"":""Cboi"",""stats"":{""eligible"":true,""n_games_total"":56.0,""n_games"":50.0,""n_days"":32.0,""mean_impact"":-0.37175453,""shrunk_impact"":-0.30979544,""ci_low"":-0.43384057,""ci_high"":-0.18764861,""win_rate"":0.84}},""value"":-0.30979544},{""row"":4,""col"":2,""kind"":""eligible"",""pair"":{""id"":""pair-17af3c0be7c429d1"",""teamId"":""oe:team:a2e63aee03585f0b37ff4cad936e349"",""teamName"":""Macko Esports"",""playerAId"":""oe:player:1e249a5688255bde7f7213b5d257b3c"",""playerBId"":""oe:player:325397710b4294aeb7a18881c34f33b"",""playerA"":""Click"",""playerB"":""Six10"",""stats"":{""eligible"":true,""n_games_total"":56.0,""n_games"":50.0,""n_days"":32.0,""mean_impact"":-0.10594451,""shrunk_impact"":-0.08828709,""ci_low"":-0.27558419,""ci_high"":0.09081583,""win_rate"":0.84}},""value"":-0.08828709},{""row"":4,""col"":3,""kind"":""eligible"",""pair"":{""id"":""pair-1b5f8433eeb5589a"",""teamId"":""oe:team:a2e63aee03585f0b37ff4cad936e349"",""teamName"":""Macko Esports"",""playerAId"":""oe:player:1e249a5688255bde7f7213b5d257b3c"",""playerBId"":""oe:player:ba6e76e259419420ddff269bb6ef074"",""playerA"":""Click"",""playerB"":""Vzz"",""stats"":{""eligible"":true,""n_games_total"":56.0,""n_games"":50.0,""n_days"":32.0,""mean_impact"":0.00476863,""shrunk_impact"":0.00397386,""ci_low"":-0.16292139,""ci_high"":0.15202158,""win_rate"":0.84}},""value"":0.00397386},{""row"":4,""col"":4,""kind"":""self"",""pair"":null,""value"":null}],""limit"":0.37122847,""hasEligiblePair"":true}"
lineup-44177299499f2a8d,oe:team:7894460f171d66e8ffc149c05b056a8,Cyberground Gaming,2023,oe:player:d0f1bda8c77037b1f96242f46f97637,SkaR,oe:player:a68581f40d30119bad63673b157e660,Velja,oe:player:c08f75d1d70bf068013b32f60fe96a5,Vigil,oe:player:99b95ef29b1e18c587457d79910c685,JaVaaa,oe:player:a5c70cdfcff6537d4af4e9204ad252c,Tinelli,2,0,0,,,,,False,,,,,,,,,,,,,,,,"{""version"":1,""players"":[{""id"":""oe:player:d0f1bda8c77037b1f96242f46f97637"",""name"":""SkaR"",""role"":""top""},{""id"":""oe:player:a68581f40d30119bad63673b157e660"",""name"":""Velja"",""role"":""jng""},{""id"":""oe:player:c08f75d1d70bf068013b32f60fe96a5"",""name"":""Vigil"",""role"":""mid""},{""id"":""oe:player:99b95ef29b1e18c587457d79910c685"",""name"":""JaVaaa"",""role"":""bot""},{""id"":""oe:player:a5c70cdfcff6537d4af4e9204ad252c"",""name"":""Tinelli"",""role"":""sup""}],""cells"":[{""row"":0,""col"":0,""kind"":""self"",""pair"":null,""value"":null},{""row"":0,""col"":1,""kind"":""missing"",""pair"":{""id"":""pair-dfefda421707c0a2"",""teamId"":""oe:team:7894460f171d66e8ffc149c05b056a8"",""teamName"":""Cyberground Gaming"",""playerAId"":""oe:player:a68581f40d30119bad63673b157e660"",""playerBId"":""oe:player:d0f1bda8c77037b1f96242f46f97637"",""playerA"":""Velja"",""playerB"":""SkaR"",""stats"":{""eligible"":false,""n_games_total"":2.0,""n_games"":0.0,""n_days"":0.0,""mean_impact"":null,""shrunk_impact"":null,""ci_low"":null,""ci_high"":null,""win_rate"":null}},""value"":null},{""row"":0,""col"":2,""kind"":""missing"",""pair"":{""id"":""pair-18a0cc2cea09fff7"",""teamId"":""oe:team:7894460f171d66e8ffc149c05b056a8"",""teamName"":""Cyberground Gaming"",""playerAId"":""oe:player:c08f75d1d70bf068013b32f60fe96a5"",""playerBId"":""oe:player:d0f1bda8c77037b1f96242f46f97637"",""playerA"":""Vigil"",""playerB"":""SkaR"",""stats"":{""eligible"":false,""n_games_total"":2.0,""n_games"":0.0,""n_days"":0.0,""mean_impact"":null,""shrunk_impact"":null,""ci_low"":null,""ci_high"":null,""win_rate"":null}},""value"":null},{""row"":0,""col"":3,""kind"":""missing"",""pair"":{""id"":""pair-f6ed6205b1e759cd"",""teamId"":""oe:team:7894460f171d66e8ffc149c05b056a8"",""teamName"":""Cyberground Gaming"",""playerAId"":""oe:player:99b95ef29b1e18c587457d79910c685"",""playerBId"":""oe:player:d0f1bda8c77037b1f96242f46f97637"",""playerA"":""JaVaaa"",""playerB"":""SkaR"",""stats"":{""eligible"":false,""n_games_total"":2.0,""n_games"":0.0,""n_days"":0.0,""mean_impact"":null,""shrunk_impact"":null,""ci_low"":null,""ci_high"":null,""win_rate"":null}},""value"":null},{""row"":0,""col"":4,""kind"":""missing"",""pair"":{""id"":""pair-42637a8a97b8520a"",""teamId"":""oe:team:7894460f171d66e8ffc149c05b056a8"",""teamName"":""Cyberground Gaming"",""playerAId"":""oe:player:a5c70cdfcff6537d4af4e9204ad252c"",""playerBId"":""oe:player:d0f1bda8c77037b1f96242f46f97637"",""playerA"":""Tinelli"",""playerB"":""SkaR"",""stats"":{""eligible"":false,""n_games_total"":2.0,""n_games"":0.0,""n_days"":0.0,""mean_impact"":null,""shrunk_impact"":null,""ci_low"":null,""ci_high"":null,""win_rate"":null}},""value"":null},{""row"":1,""col"":0,""kind"":""missing"",""pair"":{""id"":""pair-dfefda421707c0a2"",""teamId"":""oe:team:7894460f171d66e8ffc149c05b056a8"",""teamName"":""Cyberground Gaming"",""playerAId"":""oe:player:a68581f40d30119bad63673b157e660"",""playerBId"":""oe:player:d0f1bda8c77037b1f96242f46f97637"",""playerA"":""Velja"",""playerB"":""SkaR"",""stats"":{""eligible"":false,""n_games_total"":2.0,""n_games"":0.0,""n_days"":0.0,""mean_impact"":null,""shrunk_impact"":null,""ci_low"":null,""ci_high"":null,""win_rate"":null}},""value"":null},{""row"":1,""col"":1,""kind"":""self"",""pair"":null,""value"":null},{""row"":1,""col"":2,""kind"":""missing"",""pair"":{""id"":""pair-4475d3370f1d5e34"",""teamId"":""oe:team:7894460f171d66e8ffc149c05b056a8"",""teamName"":""Cyberground Gaming"",""playerAId"":""oe:player:a68581f40d30119bad63673b157e660"",""playerBId"":""oe:player:c08f75d1d70bf068013b32f60fe96a5"",""playerA"":""Velja"",""playerB"":""Vigil"",""stats"":{""eligible"":false,""n_games_total"":6.0,""n_games"":0.0,""n_days"":0.0,""mean_impact"":null,""shrunk_impact"":null,""ci_low"":null,""ci_high"":null,""win_rate"":null}},""value"":null},{""row"":1,""col"":3,""kind"":""missing"",""pair"":{""id"":""pair-8e7f4111150ede75"",""teamId"":""oe:team:7894460f171d66e8ffc149c05b056a8"",""teamName"":""Cyberground Gaming"",""playerAId"":""oe:player:99b95ef29b1e18c587457d79910c685"",""playerBId"":""oe:player:a68581f40d30119bad63673b157e660"",""playerA"":""JaVaaa"",""playerB"":""Velja"",""stats"":{""eligible"":false,""n_games_total"":6.0,""n_games"":0.0,""n_days"":0.0,""mean_impact"":null,""shrunk_impact"":null,""ci_low"":null,""ci_high"":null,""win_rate"":null}},""value"":null},{""row"":1,""col"":4,""kind"":""missing"",""pair"":{""id"":""pair-16411c550a69ef0f"",""teamId"":""oe:team:7894460f171d66e8ffc149c05b056a8"",""teamName"":""Cyberground Gaming"",""playerAId"":""oe:player:a5c70cdfcff6537d4af4e9204ad252c"",""playerBId"":""oe:player:a68581f40d30119bad63673b157e660"",""playerA"":""Tinelli"",""playerB"":""Velja"",""stats"":{""eligible"":false,""n_games_total"":6.0,""n_games"":0.0,""n_days"":0.0,""mean_impact"":null,""shrunk_impact"":null,""ci_low"":null,""ci_high"":null,""win_rate"":null}},""value"":null},{""row"":2,""col"":0,""kind"":""missing"",""pair"":{""id"":""pair-18a0cc2cea09fff7"",""teamId"":""oe:team:7894460f171d66e8ffc149c05b056a8"",""teamName"":""Cyberground Gaming"",""playerAId"":""oe:player:c08f75d1d70bf068013b32f60fe96a5"",""playerBId"":""oe:player:d0f1bda8c77037b1f96242f46f97637"",""playerA"":""Vigil"",""playerB"":""SkaR"",""stats"":{""eligible"":false,""n_games_total"":2.0,""n_games"":0.0,""n_days"":0.0,""mean_impact"":null,""shrunk_impact"":null,""ci_low"":null,""ci_high"":null,""win_rate"":null}},""value"":null},{""row"":2,""col"":1,""kind"":""missing"",""pair"":{""id"":""pair-4475d3370f1d5e34"",""teamId"":""oe:team:7894460f171d66e8ffc149c05b056a8"",""teamName"":""Cyberground Gaming"",""playerAId"":""oe:player:a68581f40d30119bad63673b157e660"",""playerBId"":""oe:player:c08f75d1d70bf068013b32f60fe96a5"",""playerA"":""Velja"",""playerB"":""Vigil"",""stats"":{""eligible"":false,""n_games_total"":6.0,""n_games"":0.0,""n_days"":0.0,""mean_impact"":null,""shrunk_impact"":null,""ci_low"":null,""ci_high"":null,""win_rate"":null}},""value"":null},{""row"":2,""col"":2,""kind"":""self"",""pair"":null,""value"":null},{""row"":2,""col"":3,""kind"":""sparse"",""pair"":{""id"":""pair-edf465064a97d37c"",""teamId"":""oe:team:7894460f171d66e8ffc149c05b056a8"",""teamName"":""Cyberground Gaming"",""playerAId"":""oe:player:99b95ef29b1e18c587457d79910c685"",""playerBId"":""oe:player:c08f75d1d70bf068013b32f60fe96a5"",""playerA"":""JaVaaa"",""playerB"":""Vigil"",""stats"":{""eligible"":false,""n_games_total"":13.0,""n_games"":6.0,""n_days"":6.0,""mean_impact"":-0.40413913,""shrunk_impact"":-0.15155217,""ci_low"":-0.30204631,""ci_high"":0.04950864,""win_rate"":0.16666667}},""value"":-0.15155217},{""row"":2,""col"":4,""kind"":""sparse"",""pair"":{""id"":""pair-51593667434d5466"",""teamId"":""oe:team:7894460f171d66e8ffc149c05b056a8"",""teamName"":""Cyberground Gaming"",""playerAId"":""oe:player:a5c70cdfcff6537d4af4e9204ad252c"",""playerBId"":""oe:player:c08f75d1d70bf068013b32f60fe96a5"",""playerA"":""Tinelli"",""playerB"":""Vigil"",""stats"":{""eligible"":false,""n_games_total"":13.0,""n_games"":6.0,""n_days"":6.0,""mean_impact"":-1.0083298,""shrunk_impact"":-0.37812368,""ci_low"":-0.46164365,""ci_high"":-0.28824005,""win_rate"":0.16666667}},""value"":-0.37812368},{""row"":3,""col"":0,""kind"":""missing"",""pair"":{""id"":""pair-f6ed6205b1e759cd"",""teamId"":""oe:team:7894460f171d66e8ffc149c05b056a8"",""teamName"":""Cyberground Gaming"",""playerAId"":""oe:player:99b95ef29b1e18c587457d79910c685"",""playerBId"":""oe:player:d0f1bda8c77037b1f96242f46f97637"",""playerA"":""JaVaaa"",""playerB"":""SkaR"",""stats"":{""eligible"":false,""n_games_total"":2.0,""n_games"":0.0,""n_days"":0.0,""mean_impact"":null,""shrunk_impact"":null,""ci_low"":null,""ci_high"":null,""win_rate"":null}},""value"":null},{""row"":3,""col"":1,""kind"":""missing"",""pair"":{""id"":""pair-8e7f4111150ede75"",""teamId"":""oe:team:7894460f171d66e8ffc149c05b056a8"",""teamName"":""Cyberground Gaming"",""playerAId"":""oe:player:99b95ef29b1e18c587457d79910c685"",""playerBId"":""oe:player:a68581f40d30119bad63673b157e660"",""playerA"":""JaVaaa"",""playerB"":""Velja"",""stats"":{""eligible"":false,""n_games_total"":6.0,""n_games"":0.0,""n_days"":0.0,""mean_impact"":null,""shrunk_impact"":null,""ci_low"":null,""ci_high"":null,""win_rate"":null}},""value"":null},{""row"":3,""col"":2,""kind"":""sparse"",""pair"":{""id"":""pair-edf465064a97d37c"",""teamId"":""oe:team:7894460f171d66e8ffc149c05b056a8"",""teamName"":""Cyberground Gaming"",""playerAId"":""oe:player:99b95ef29b1e18c587457d79910c685"",""playerBId"":""oe:player:c08f75d1d70bf068013b32f60fe96a5"",""playerA"":""JaVaaa"",""playerB"":""Vigil"",""stats"":{""eligible"":false,""n_games_total"":13.0,""n_games"":6.0,""n_days"":6.0,""mean_impact"":-0.40413913,""shrunk_impact"":-0.15155217,""ci_low"":-0.30204631,""ci_high"":0.04950864,""win_rate"":0.16666667}},""value"":-0.15155217},{""row"":3,""col"":3,""kind"":""self"",""pair"":null,""value"":null},{""row"":3,""col"":4,""kind"":""sparse"",""pair"":{""id"":""pair-b40ea8fab4da5e61"",""teamId"":""oe:team:7894460f171d66e8ffc149c05b056a8"",""teamName"":""Cyberground Gaming"",""playerAId"":""oe:player:99b95ef29b1e18c587457d79910c685"",""playerBId"":""oe:player:a5c70cdfcff6537d4af4e9204ad252c"",""playerA"":""JaVaaa"",""playerB"":""Tinelli"",""stats"":{""eligible"":false,""n_games_total"":13.0,""n_games"":6.0,""n_days"":6.0,""mean_impact"":-0.79639623,""shrunk_impact"":-0.29864859,""ci_low"":-0.47669831,""ci_high"":-0.10564778,""win_rate"":0.16666667}},""value"":-0.29864859},{""row"":4,""col"":0,""kind"":""missing"",""pair"":{""id"":""pair-42637a8a97b8520a"",""teamId"":""oe:team:7894460f171d66e8ffc149c05b056a8"",""teamName"":""Cyberground Gaming"",""playerAId"":""oe:player:a5c70cdfcff6537d4af4e9204ad252c"",""playerBId"":""oe:player:d0f1bda8c77037b1f96242f46f97637"",""playerA"":""Tinelli"",""playerB"":""SkaR"",""stats"":{""eligible"":false,""n_games_total"":2.0,""n_games"":0.0,""n_days"":0.0,""mean_impact"":null,""shrunk_impact"":null,""ci_low"":null,""ci_high"":null,""win_rate"":null}},""value"":null},{""row"":4,""col"":1,""kind"":""missing"",""pair"":{""id"":""pair-16411c550a69ef0f"",""teamId"":""oe:team:7894460f171d66e8ffc149c05b056a8"",""teamName"":""Cyberground Gaming"",""playerAId"":""oe:player:a5c70cdfcff6537d4af4e9204ad252c"",""playerBId"":""oe:player:a68581f40d30119bad63673b157e660"",""playerA"":""Tinelli"",""playerB"":""Velja"",""stats"":{""eligible"":false,""n_games_total"":6.0,""n_games"":0.0,""n_days"":0.0,""mean_impact"":null,""shrunk_impact"":null,""ci_low"":null,""ci_high"":null,""win_rate"":null}},""value"":null},{""row"":4,""col"":2,""kind"":""sparse"",""pair"":{""id"":""pair-51593667434d5466"",""teamId"":""oe:team:7894460f171d66e8ffc149c05b056a8"",""teamName"":""Cyberground Gaming"",""playerAId"":""oe:player:a5c70cdfcff6537d4af4e9204ad252c"",""playerBId"":""oe:player:c08f75d1d70bf068013b32f60fe96a5"",""playerA"":""Tinelli"",""playerB"":""Vigil"",""stats"":{""eligible"":false,""n_games_total"":13.0,""n_games"":6.0,""n_days"":6.0,""mean_impact"":-1.0083298,""shrunk_impact"":-0.37812368,""ci_low"":-0.46164365,""ci_high"":-0.28824005,""win_rate"":0.16666667}},""value"":-0.37812368},{""row"":4,""col"":3,""kind"":""sparse"",""pair"":{""id"":""pair-b40ea8fab4da5e61"",""teamId"":""oe:team:7894460f171d66e8ffc149c05b056a8"",""teamName"":""Cyberground Gaming"",""playerAId"":""oe:player:99b95ef29b1e18c587457d79910c685"",""playerBId"":""oe:player:a5c70cdfcff6537d4af4e9204ad252c"",""playerA"":""JaVaaa"",""playerB"":""Tinelli"",""stats"":{""eligible"":false,""n_games_total"":13.0,""n_games"":6.0,""n_days"":6.0,""mean_impact"":-0.79639623,""shrunk_impact"":-0.29864859,""ci_low"":-0.47669831,""ci_high"":-0.10564778,""win_rate"":0.16666667}},""value"":-0.29864859},{""row"":4,""col"":4,""kind"":""self"",""pair"":null,""value"":null}],""limit"":0.37812368,""hasEligiblePair"":false}"
lineup-4b834caeea57925a,oe:team:7894460f171d66e8ffc149c05b056a8,Cyberground Gaming,2023,oe:player:27b383e6eed837ff756c825f9e11468,Gabbo,oe:player:2255ff4942064b8bcd54c7f27267683,MxDragon,oe:player:b9b86ae0a307d8b5e501e7048f92be4,MGX,oe:player:4a8a150d1497b3daa66c2bdaffe2c43,Fatihcan,oe:player:db38739eda4ad887b7d852545212528,Zergsting,12,12,9,-0.10592717,-0.05777846,-0.18910356,0.08728912,True,0.33333333,478.72688441,1.34207516,0.21062085,0.23939183,0.19818665,0.20883859,0.18501665,0.16043468,0.24005322,0.28866499,0.24457856,0.26779686,0.13216492,0.07426488,"{""version"":1,""players"":[{""id"":""oe:player:27b383e6eed837ff756c825f9e11468"",""name"":""Gabbo"",""role"":""jng""},{""id"":""oe:player:2255ff4942064b8bcd54c7f27267683"",""name"":""MxDragon"",""role"":""jng""},{""id"":""oe:player:b9b86ae0a307d8b5e501e7048f92be4"",""name"":""MGX"",""role"":""mid""},{""id"":""oe:player:4a8a150d1497b3daa66c2bdaffe2c43"",""name"":""Fatihcan"",""role"":""bot""},{""id"":""oe:player:db38739eda4ad887b7d852545212528"",""name"":""Zergsting"",""role"":""sup""}],""cells"":[{""row"":0,""col"":0,""kind"":""self"",""pair"":null,""value"":null},{""row"":0,""col"":1,""kind"":""eligible"",""pair"":{""id"":""pair-77363d0279f3b57c"",""teamId"":""oe:team:7894460f171d66e8ffc149c05b056a8"",""teamName"":""Cyberground Gaming"",""playerAId"":""oe:player:2255ff4942064b8bcd54c7f27267683"",""playerBId"":""oe:player:27b383e6eed837ff756c825f9e11468"",""playerA"":""MxDragon"",""playerB"":""Gabbo"",""stats"":{""eligible"":true,""n_games_total"":18.0,""n_games"":18.0,""n_days"":15.0,""mean_impact"":-0.23063576,""shrunk_impact"":-0.14826585,""ci_low"":-0.30033992,""ci_high"":0.0316158,""win_rate"":0.44444444}},""value"":-0.14826585},{""row"":0,""col"":2,""kind"":""eligible"",""pair"":{""id"":""pair-704b7c392ae6f691"",""teamId"":""oe:team:7894460f171d66e8ffc149c05b056a8"",""teamName"":""Cyberground Gaming"",""playerAId"":""oe:player:27b383e6eed837ff756c825f9e11468"",""playerBId"":""oe:player:b9b86ae0a307d8b5e501e7048f92be4"",""playerA"":""Gabbo"",""playerB"":""MGX"",""stats"":{""eligible"":true,""n_games_total"":18.0,""n_games"":18.0,""n_days"":15.0,""mean_impact"":0.20716708,""shrunk_impact"":0.13317884,""ci_low"":-0.05530292,""ci_high"":0.35939039,""win_rate"":0.44444444}},""value"":0.13317884},{""row"":0,""col"":3,""kind"":""eligible"",""pair"":{""id"":""pair-06e861724a241f0a"",""teamId"":""oe:team:7894460f171d66e8ffc149c05b056a8"",""teamName"":""Cyberground Gaming"",""playerAId"":""oe:player:27b383e6eed837ff756c825f9e11468"",""playerBId"":""oe:player:4a8a150d1497b3daa66c2bdaffe2c43"",""playerA"":""Gabbo"",""playerB"":""Fatihcan"",""stats"":{""eligible"":true,""n_games_total"":18.0,""n_games"":18.0,""n_days"":15.0,""mean_impact"":0.0759639,""shrunk_impact"":0.04883394,""ci_low"":-0.11415115,""ci_high"":0.24090381,""win_rate"":0.44444444}},""value"":0.04883394},{""row"":0,""col"":4,""kind"":""eligible"",""pair"":{""id"":""pair-8b5d6d11fa0c81da"",""teamId"":""oe:team:7894460f171d66e8ffc149c05b056a8"",""teamName"":""Cyberground Gaming"",""playerAId"":""oe:player:27b383e6eed837ff756c825f9e11468"",""playerBId"":""oe:player:db38739eda4ad887b7d852545212528"",""playerA"":""Gabbo"",""playerB"":""Zergsting"",""stats"":{""eligible"":true,""n_games_total"":12.0,""n_games"":12.0,""n_days"":9.0,""mean_impact"":-0.35780031,""shrunk_impact"":-0.19516381,""ci_low"":-0.32688567,""ci_high"":0.01528692,""win_rate"":0.33333333}},""value"":-0.19516381},{""row"":1,""col"":0,""kind"":""eligible"",""pair"":{""id"":""pair-77363d0279f3b57c"",""teamId"":""oe:team:7894460f171d66e8ffc149c05b056a8"",""teamName"":""Cyberground Gaming"",""playerAId"":""oe:player:2255ff4942064b8bcd54c7f27267683"",""playerBId"":""oe:player:27b383e6eed837ff756c825f9e11468"",""playerA"":""MxDragon"",""playerB"":""Gabbo"",""stats"":{""eligible"":true,""n_games_total"":18.0,""n_games"":18.0,""n_days"":15.0,""mean_impact"":-0.23063576,""shrunk_impact"":-0.14826585,""ci_low"":-0.30033992,""ci_high"":0.0316158,""win_rate"":0.44444444}},""value"":-0.14826585},{""row"":1,""col"":1,""kind"":""self"",""pair"":null,""value"":null},{""row"":1,""col"":2,""kind"":""eligible"",""pair"":{""id"":""pair-125f4821630d685a"",""teamId"":""oe:team:7894460f171d66e8ffc149c05b056a8"",""teamName"":""Cyberground Gaming"",""playerAId"":""oe:player:2255ff4942064b8bcd54c7f27267683"",""playerBId"":""oe:player:b9b86ae0a307d8b5e501e7048f92be4"",""playerA"":""MxDragon"",""playerB"":""MGX"",""stats"":{""eligible"":true,""n_games_total"":18.0,""n_games"":18.0,""n_days"":15.0,""mean_impact"":0.09322613,""shrunk_impact"":0.05993109,""ci_low"":-0.13044303,""ci_high"":0.23180168,""win_rate"":0.44444444}},""value"":0.05993109},{""row"":1,""col"":3,""kind"":""eligible"",""pair"":{""id"":""pair-7fddc4212cb9a5f8"",""teamId"":""oe:team:7894460f171d66e8ffc149c05b056a8"",""teamName"":""Cyberground Gaming"",""playerAId"":""oe:player:2255ff4942064b8bcd54c7f27267683"",""playerBId"":""oe:player:4a8a150d1497b3daa66c2bdaffe2c43"",""playerA"":""MxDragon"",""playerB"":""Fatihcan"",""stats"":{""eligible"":true,""n_games_total"":18.0,""n_games"":18.0,""n_days"":15.0,""mean_impact"":-0.03797705,""shrunk_impact"":-0.02441382,""ci_low"":-0.21454328,""ci_high"":0.1652615,""win_rate"":0.44444444}},""value"":-0.02441382},{""row"":1,""col"":4,""kind"":""eligible"",""pair"":{""id"":""pair-9212f7b3582adb36"",""teamId"":""oe:team:7894460f171d66e8ffc149c05b056a8"",""teamName"":""Cyberground Gaming"",""playerAId"":""oe:player:2255ff4942064b8bcd54c7f27267683"",""playerBId"":""oe:player:db38739eda4ad887b7d852545212528"",""playerA"":""MxDragon"",""playerB"":""Zergsting"",""stats"":{""eligible"":true,""n_games_total"":12.0,""n_games"":12.0,""n_days"":9.0,""mean_impact"":-0.46614528,""shrunk_impact"":-0.25426106,""ci_low"":-0.36702899,""ci_high"":-0.14989378,""win_rate"":0.33333333}},""value"":-0.25426106},{""row"":2,""col"":0,""kind"":""eligible"",""pair"":{""id"":""pair-704b7c392ae6f691"",""teamId"":""oe:team:7894460f171d66e8ffc149c05b056a8"",""teamName"":""Cyberground Gaming"",""playerAId"":""oe:player:27b383e6eed837ff756c825f9e11468"",""playerBId"":""oe:player:b9b86ae0a307d8b5e501e7048f92be4"",""playerA"":""Gabbo"",""playerB"":""MGX"",""stats"":{""eligible"":true,""n_games_total"":18.0,""n_games"":18.0,""n_days"":15.0,""mean_impact"":0.20716708,""shrunk_impact"":0.13317884,""ci_low"":-0.05530292,""ci_high"":0.35939039,""win_rate"":0.44444444}},""value"":0.13317884},{""row"":2,""col"":1,""kind"":""eligible"",""pair"":{""id"":""pair-125f4821630d685a"",""teamId"":""oe:team:7894460f171d66e8ffc149c05b056a8"",""teamName"":""Cyberground Gaming"",""playerAId"":""oe:player:2255ff4942064b8bcd54c7f27267683"",""playerBId"":""oe:player:b9b86ae0a307d8b5e501e7048f92be4"",""playerA"":""MxDragon"",""playerB"":""MGX"",""stats"":{""eligible"":true,""n_games_total"":18.0,""n_games"":18.0,""n_days"":15.0,""mean_impact"":0.09322613,""shrunk_impact"":0.05993109,""ci_low"":-0.13044303,""ci_high"":0.23180168,""win_rate"":0.44444444}},""value"":0.05993109},{""row"":2,""col"":2,""kind"":""self"",""pair"":null,""value"":null},{""row"":2,""col"":3,""kind"":""eligible"",""pair"":{""id"":""pair-328fcf1fd9c78435"",""teamId"":""oe:team:7894460f171d66e8ffc149c05b056a8"",""teamName"":""Cyberground Gaming"",""playerAId"":""oe:player:4a8a150d1497b3daa66c2bdaffe2c43"",""playerBId"":""oe:player:b9b86ae0a307d8b5e501e7048f92be4"",""playerA"":""Fatihcan"",""playerB"":""MGX"",""stats"":{""eligible"":true,""n_games_total"":18.0,""n_games"":18.0,""n_days"":15.0,""mean_impact"":0.3998258,""shrunk_impact"":0.25703087,""ci_low"":0.06618682,""ci_high"":0.43266332,""win_rate"":0.44444444}},""value"":0.25703087},{""row"":2,""col"":4,""kind"":""eligible"",""pair"":{""id"":""pair-d42882dea862afda"",""teamId"":""oe:team:7894460f171d66e8ffc149c05b056a8"",""teamName"":""Cyberground Gaming"",""playerAId"":""oe:player:b9b86ae0a307d8b5e501e7048f92be4"",""playerBId"":""oe:player:db38739eda4ad887b7d852545212528"",""playerA"":""MGX"",""playerB"":""Zergsting"",""stats"":{""eligible"":true,""n_games_total"":12.0,""n_games"":12.0,""n_days"":9.0,""mean_impact"":-0.05880693,""shrunk_impact"":-0.03207651,""ci_low"":-0.17381002,""ci_high"":0.12632645,""win_rate"":0.33333333}},""value"":-0.03207651},{""row"":3,""col"":0,""kind"":""eligible"",""pair"":{""id"":""pair-06e861724a241f0a"",""teamId"":""oe:team:7894460f171d66e8ffc149c05b056a8"",""teamName"":""Cyberground Gaming"",""playerAId"":""oe:player:27b383e6eed837ff756c825f9e11468"",""playerBId"":""oe:player:4a8a150d1497b3daa66c2bdaffe2c43"",""playerA"":""Gabbo"",""playerB"":""Fatihcan"",""stats"":{""eligible"":true,""n_games_total"":18.0,""n_games"":18.0,""n_days"":15.0,""mean_impact"":0.0759639,""shrunk_impact"":0.04883394,""ci_low"":-0.11415115,""ci_high"":0.24090381,""win_rate"":0.44444444}},""value"":0.04883394},{""row"":3,""col"":1,""kind"":""eligible"",""pair"":{""id"":""pair-7fddc4212cb9a5f8"",""teamId"":""oe:team:7894460f171d66e8ffc149c05b056a8"",""teamName"":""Cyberground Gaming"",""playerAId"":""oe:player:2255ff4942064b8bcd54c7f27267683"",""playerBId"":""oe:player:4a8a150d1497b3daa66c2bdaffe2c43"",""playerA"":""MxDragon"",""playerB"":""Fatihcan"",""stats"":{""eligible"":true,""n_games_total"":18.0,""n_games"":18.0,""n_days"":15.0,""mean_impact"":-0.03797705,""shrunk_impact"":-0.02441382,""ci_low"":-0.21454328,""ci_high"":0.1652615,""win_rate"":0.44444444}},""value"":-0.02441382},{""row"":3,""col"":2,""kind"":""eligible"",""pair"":{""id"":""pair-328fcf1fd9c78435"",""teamId"":""oe:team:7894460f171d66e8ffc149c05b056a8"",""teamName"":""Cyberground Gaming"",""playerAId"":""oe:player:4a8a150d1497b3daa66c2bdaffe2c43"",""playerBId"":""oe:player:b9b86ae0a307d8b5e501e7048f92be4"",""playerA"":""Fatihcan"",""playerB"":""MGX"",""stats"":{""eligible"":true,""n_games_total"":18.0,""n_games"":18.0,""n_days"":15.0,""mean_impact"":0.3998258,""shrunk_impact"":0.25703087,""ci_low"":0.06618682,""ci_high"":0.43266332,""win_rate"":0.44444444}},""value"":0.25703087},{""row"":3,""col"":3,""kind"":""self"",""pair"":null,""value"":null},{""row"":3,""col"":4,""kind"":""eligible"",""pair"":{""id"":""pair-53b9723bea531e4e"",""teamId"":""oe:team:7894460f171d66e8ffc149c05b056a8"",""teamName"":""Cyberground Gaming"",""playerAId"":""oe:player:4a8a150d1497b3daa66c2bdaffe2c43"",""playerBId"":""oe:player:db38739eda4ad887b7d852545212528"",""playerA"":""Fatihcan"",""playerB"":""Zergsting"",""stats"":{""eligible"":true,""n_games_total"":12.0,""n_games"":12.0,""n_days"":9.0,""mean_impact"":-0.26192393,""shrunk_impact"":-0.1428676,""ci_low"":-0.27197343,""ci_high"":-0.03016816,""win_rate"":0.33333333}},""value"":-0.1428676},{""row"":4,""col"":0,""kind"":""eligible"",""pair"":{""id"":""pair-8b5d6d11fa0c81da"",""teamId"":""oe:team:7894460f171d66e8ffc149c05b056a8"",""teamName"":""Cyberground Gaming"",""playerAId"":""oe:player:27b383e6eed837ff756c825f9e11468"",""playerBId"":""oe:player:db38739eda4ad887b7d852545212528"",""playerA"":""Gabbo"",""playerB"":""Zergsting"",""stats"":{""eligible"":true,""n_games_total"":12.0,""n_games"":12.0,""n_days"":9.0,""mean_impact"":-0.35780031,""shrunk_impact"":-0.19516381,""ci_low"":-0.32688567,""ci_high"":0.01528692,""win_rate"":0.33333333}},""value"":-0.19516381},{""row"":4,""col"":1,""kind"":""eligible"",""pair"":{""id"":""pair-9212f7b3582adb36"",""teamId"":""oe:team:7894460f171d66e8ffc149c05b056a8"",""teamName"":""Cyberground Gaming"",""playerAId"":""oe:player:2255ff4942064b8bcd54c7f27267683"",""playerBId"":""oe:player:db38739eda4ad887b7d852545212528"",""playerA"":""MxDragon"",""playerB"":""Zergsting"",""stats"":{""eligible"":true,""n_games_total"":12.0,""n_games"":12.0,""n_days"":9.0,""mean_impact"":-0.46614528,""shrunk_impact"":-0.25426106,""ci_low"":-0.36702899,""ci_high"":-0.14989378,""win_rate"":0.33333333}},""value"":-0.25426106},{""row"":4,""col"":2,""kind"":""eligible"",""pair"":{""id"":""pair-d42882dea862afda"",""teamId"":""oe:team:7894460f171d66e8ffc149c05b056a8"",""teamName"":""Cyberground Gaming"",""playerAId"":""oe:player:b9b86ae0a307d8b5e501e7048f92be4"",""playerBId"":""oe:player:db38739eda4ad887b7d852545212528"",""playerA"":""MGX"",""playerB"":""Zergsting"",""stats"":{""eligible"":true,""n_games_total"":12.0,""n_games"":12.0,""n_days"":9.0,""mean_impact"":-0.05880693,""shrunk_impact"":-0.03207651,""ci_low"":-0.17381002,""ci_high"":0.12632645,""win_rate"":0.33333333}},""value"":-0.03207651},{""row"":4,""col"":3,""kind"":""eligible"",""pair"":{""id"":""pair-53b9723bea531e4e"",""teamId"":""oe:team:7894460f171d66e8ffc149c05b056a8"",""teamName"":""Cyberground Gaming"",""playerAId"":""oe:player:4a8a150d1497b3daa66c2bdaffe2c43"",""playerBId"":""oe:player:db38739eda4ad887b7d852545212528"",""playerA"":""Fatihcan"",""playerB"":""Zergsting"",""stats"":{""eligible"":true,""n_games_total"":12.0,""n_games"":12.0,""n_days"":9.0,""mean_impact"":-0.26192393,""shrunk_impact"":-0.1428676,""ci_low"":-0.27197343,""ci_high"":-0.03016816,""win_rate"":0.33333333}},""value"":-0.1428676},{""row"":4,""col"":4,""kind"":""self"",""pair"":null,""value"":null}],""limit"":0.25703087,""hasEligiblePair"":true}"
lineup-53fac83a711ea8dd,oe:team:9efc9069228bc0817c7a9bac775daa7,Samsung Morning Stars,2023,oe:player:2a2e8a4d073d7f10a9adb064fc8bd38,Conse,oe:player:15101ae59f2cc7c8836b7e67352b598,Noodle,oe:player:6f5188d848cbbcc09145e58277c0e07,coing,oe:player:64d129224a5377b63e9727479ec987d,Counter,oe:player:df5866d3078c786ce03084b78b1f5d9,Czypsy,10,0,0,,,,,False,,,,,,,,,,,,,,,,"{""version"":1,""players"":[{""id"":""oe:player:2a2e8a4d073d7f10a9adb064fc8bd38"",""name"":""Conse"",""role"":""top""},{""id"":""oe:player:15101ae59f2cc7c8836b7e67352b598"",""name"":""Noodle"",""role"":""jng""},{""id"":""oe:player:6f5188d848cbbcc09145e58277c0e07"",""name"":""coing"",""role"":""mid""},{""id"":""oe:player:64d129224a5377b63e9727479ec987d"",""name"":""Counter"",""role"":""bot""},{""id"":""oe:player:df5866d3078c786ce03084b78b1f5d9"",""name"":""Czypsy"",""role"":""sup""}],""cells"":[{""row"":0,""col"":0,""kind"":""self"",""pair"":null,""value"":null},{""row"":0,""col"":1,""kind"":""missing"",""pair"":{""id"":""pair-3edaa9f2fd055be1"",""teamId"":""oe:team:9efc9069228bc0817c7a9bac775daa7"",""teamName"":""Samsung Morning Stars"",""playerAId"":""oe:player:15101ae59f2cc7c8836b7e67352b598"",""playerBId"":""oe:player:2a2e8a4d073d7f10a9adb064fc8bd38"",""playerA"":""Noodle"",""playerB"":""Conse"",""stats"":{""eligible"":false,""n_games_total"":10.0,""n_games"":0.0,""n_days"":0.0,""mean_impact"":null,""shrunk_impact"":null,""ci_low"":null,""ci_high"":null,""win_rate"":null}},""value"":null},{""row"":0,""col"":2,""kind"":""missing"",""pair"":{""id"":""pair-31da107d46dda8dd"",""teamId"":""oe:team:9efc9069228bc0817c7a9bac775daa7"",""teamName"":""Samsung Morning Stars"",""playerAId"":""oe:player:2a2e8a4d073d7f10a9adb064fc8bd38"",""playerBId"":""oe:player:6f5188d848cbbcc09145e58277c0e07"",""playerA"":""Conse"",""playerB"":""coing"",""stats"":{""eligible"":false,""n_games_total"":10.0,""n_games"":0.0,""n_days"":0.0,""mean_impact"":null,""shrunk_impact"":null,""ci_low"":null,""ci_high"":null,""win_rate"":null}},""value"":null},{""row"":0,""col"":3,""kind"":""missing"",""pair"":{""id"":""pair-9f38fd717af35692"",""teamId"":""oe:team:9efc9069228bc0817c7a9bac775daa7"",""teamName"":""Samsung Morning Stars"",""playerAId"":""oe:player:2a2e8a4d073d7f10a9adb064fc8bd38"",""playerBId"":""oe:player:64d129224a5377b63e9727479ec987d"",""playerA"":""Conse"",""playerB"":""Counter"",""stats"":{""eligible"":false,""n_games_total"":10.0,""n_games"":0.0,""n_days"":0.0,""mean_impact"":null,""shrunk_impact"":null,""ci_low"":null,""ci_high"":null,""win_rate"":null}},""value"":null},{""row"":0,""col"":4,""kind"":""missing"",""pair"":{""id"":""pair-222c26cd6ac4c986"",""teamId"":""oe:team:9efc9069228bc0817c7a9bac775daa7"",""teamName"":""Samsung Morning Stars"",""playerAId"":""oe:player:2a2e8a4d073d7f10a9adb064fc8bd38"",""playerBId"":""oe:player:df5866d3078c786ce03084b78b1f5d9"",""playerA"":""Conse"",""playerB"":""Czypsy"",""stats"":{""eligible"":false,""n_games_total"":10.0,""n_games"":0.0,""n_days"":0.0,""mean_impact"":null,""shrunk_impact"":null,""ci_low"":null,""ci_high"":null,""win_rate"":null}},""value"":null},{""row"":1,""col"":0,""kind"":""missing"",""pair"":{""id"":""pair-3edaa9f2fd055be1"",""teamId"":""oe:team:9efc9069228bc0817c7a9bac775daa7"",""teamName"":""Samsung Morning Stars"",""playerAId"":""oe:player:15101ae59f2cc7c8836b7e67352b598"",""playerBId"":""oe:player:2a2e8a4d073d7f10a9adb064fc8bd38"",""playerA"":""Noodle"",""playerB"":""Conse"",""stats"":{""eligible"":false,""n_games_total"":10.0,""n_games"":0.0,""n_days"":0.0,""mean_impact"":null,""shrunk_impact"":null,""ci_low"":null,""ci_high"":null,""win_rate"":null}},""value"":null},{""row"":1,""col"":1,""kind"":""self"",""pair"":null,""value"":null},{""row"":1,""col"":2,""kind"":""missing"",""pair"":{""id"":""pair-89904afa30976c21"",""teamId"":""oe:team:9efc9069228bc0817c7a9bac775daa7"",""teamName"":""Samsung Morning Stars"",""playerAId"":""oe:player:15101ae59f2cc7c8836b7e67352b598"",""playerBId"":""oe:player:6f5188d848cbbcc09145e58277c0e07"",""playerA"":""Noodle"",""playerB"":""coing"",""stats"":{""eligible"":false,""n_games_total"":10.0,""n_games"":0.0,""n_days"":0.0,""mean_impact"":null,""shrunk_impact"":null,""ci_low"":null,""ci_high"":null,""win_rate"":null}},""value"":null},{""row"":1,""col"":3,""kind"":""missing"",""pair"":{""id"":""pair-3c2a495e3d5b2586"",""teamId"":""oe:team:9efc9069228bc0817c7a9bac775daa7"",""teamName"":""Samsung Morning Stars"",""playerAId"":""oe:player:15101ae59f2cc7c8836b7e67352b598"",""playerBId"":""oe:player:64d129224a5377b63e9727479ec987d"",""playerA"":""Noodle"",""playerB"":""Counter"",""stats"":{""eligible"":false,""n_games_total"":10.0,""n_games"":0.0,""n_days"":0.0,""mean_impact"":null,""shrunk_impact"":null,""ci_low"":null,""ci_high"":null,""win_rate"":null}},""value"":null},{""row"":1,""col"":4,""kind"":""missing"",""pair"":{""id"":""pair-aff2767fc59c6f21"",""teamId"":""oe:team:9efc9069228bc0817c7a9bac775daa7"",""teamName"":""Samsung Morning Stars"",""playerAId"":""oe:player:15101ae59f2cc7c8836b7e67352b598"",""playerBId"":""oe:player:df5866d3078c786ce03084b78b1f5d9"",""playerA"":""Noodle"",""playerB"":""Czypsy"",""stats"":{""eligible"":false,""n_games_total"":10.0,""n_games"":0.0,""n_days"":0.0,""mean_impact"":null,""shrunk_impact"":null,""ci_low"":null,""ci_high"":null,""win_rate"":null}},""value"":null},{""row"":2,""col"":0,""kind"":""missing"",""pair"":{""id"":""pair-31da107d46dda8dd"",""teamId"":""oe:team:9efc9069228bc0817c7a9bac775daa7"",""teamName"":""Samsung Morning Stars"",""playerAId"":""oe:player:2a2e8a4d073d7f10a9adb064fc8bd38"",""playerBId"":""oe:player:6f5188d848cbbcc09145e58277c0e07"",""playerA"":""Conse"",""playerB"":""coing"",""stats"":{""eligible"":false,""n_games_total"":10.0,""n_games"":0.0,""n_days"":0.0,""mean_impact"":null,""shrunk_impact"":null,""ci_low"":null,""ci_high"":null,""win_rate"":null}},""value"":null},{""row"":2,""col"":1,""kind"":""missing"",""pair"":{""id"":""pair-89904afa30976c21"",""teamId"":""oe:team:9efc9069228bc0817c7a9bac775daa7"",""teamName"":""Samsung Morning Stars"",""playerAId"":""oe:player:15101ae59f2cc7c8836b7e67352b598"",""playerBId"":""oe:player:6f5188d848cbbcc09145e58277c0e07"",""playerA"":""Noodle"",""playerB"":""coing"",""stats"":{""eligible"":false,""n_games_total"":10.0,""n_games"":0.0,""n_days"":0.0,""mean_impact"":null,""shrunk_impact"":null,""ci_low"":null,""ci_high"":null,""win_rate"":null}},""value"":null},{""row"":2,""col"":2,""kind"":""self"",""pair"":null,""value"":null},{""row"":2,""col"":3,""kind"":""missing"",""pair"":{""id"":""pair-ecb5e12d0bcb2c90"",""teamId"":""oe:team:9efc9069228bc0817c7a9bac775daa7"",""teamName"":""Samsung Morning Stars"",""playerAId"":""oe:player:64d129224a5377b63e9727479ec987d"",""playerBId"":""oe:player:6f5188d848cbbcc09145e58277c0e07"",""playerA"":""Counter"",""playerB"":""coing"",""stats"":{""eligible"":false,""n_games_total"":10.0,""n_games"":0.0,""n_days"":0.0,""mean_impact"":null,""shrunk_impact"":null,""ci_low"":null,""ci_high"":null,""win_rate"":null}},""value"":null},{""row"":2,""col"":4,""kind"":""missing"",""pair"":{""id"":""pair-0d43d8430c6c3cc7"",""teamId"":""oe:team:9efc9069228bc0817c7a9bac775daa7"",""teamName"":""Samsung Morning Stars"",""playerAId"":""oe:player:6f5188d848cbbcc09145e58277c0e07"",""playerBId"":""oe:player:df5866d3078c786ce03084b78b1f5d9"",""playerA"":""coing"",""playerB"":""Czypsy"",""stats"":{""eligible"":false,""n_games_total"":10.0,""n_games"":0.0,""n_days"":0.0,""mean_impact"":null,""shrunk_impact"":null,""ci_low"":null,""ci_high"":null,""win_rate"":null}},""value"":null},{""row"":3,""col"":0,""kind"":""missing"",""pair"":{""id"":""pair-9f38fd717af35692"",""teamId"":""oe:team:9efc9069228bc0817c7a9bac775daa7"",""teamName"":""Samsung Morning Stars"",""playerAId"":""oe:player:2a2e8a4d073d7f10a9adb064fc8bd38"",""playerBId"":""oe:player:64d129224a5377b63e9727479ec987d"",""playerA"":""Conse"",""playerB"":""Counter"",""stats"":{""eligible"":false,""n_games_total"":10.0,""n_games"":0.0,""n_days"":0.0,""mean_impact"":null,""shrunk_impact"":null,""ci_low"":null,""ci_high"":null,""win_rate"":null}},""value"":null},{""row"":3,""col"":1,""kind"":""missing"",""pair"":{""id"":""pair-3c2a495e3d5b2586"",""teamId"":""oe:team:9efc9069228bc0817c7a9bac775daa7"",""teamName"":""Samsung Morning Stars"",""playerAId"":""oe:player:15101ae59f2cc7c8836b7e67352b598"",""playerBId"":""oe:player:64d129224a5377b63e9727479ec987d"",""playerA"":""Noodle"",""playerB"":""Counter"",""stats"":{""eligible"":false,""n_games_total"":10.0,""n_games"":0.0,""n_days"":0.0,""mean_impact"":null,""shrunk_impact"":null,""ci_low"":null,""ci_high"":null,""win_rate"":null}},""value"":null},{""row"":3,""col"":2,""kind"":""missing"",""pair"":{""id"":""pair-ecb5e12d0bcb2c90"",""teamId"":""oe:team:9efc9069228bc0817c7a9bac775daa7"",""teamName"":""Samsung Morning Stars"",""playerAId"":""oe:player:64d129224a5377b63e9727479ec987d"",""playerBId"":""oe:player:6f5188d848cbbcc09145e58277c0e07"",""playerA"":""Counter"",""playerB"":""coing"",""stats"":{""eligible"":false,""n_games_total"":10.0,""n_games"":0.0,""n_days"":0.0,""mean_impact"":null,""shrunk_impact"":null,""ci_low"":null,""ci_high"":null,""win_rate"":null}},""value"":null},{""row"":3,""col"":3,""kind"":""self"",""pair"":null,""value"":null},{""row"":3,""col"":4,""kind"":""missing"",""pair"":{""id"":""pair-a87773334a69cf9c"",""teamId"":""oe:team:9efc9069228bc0817c7a9bac775daa7"",""teamName"":""Samsung Morning Stars"",""playerAId"":""oe:player:64d129224a5377b63e9727479ec987d"",""playerBId"":""oe:player:df5866d3078c786ce03084b78b1f5d9"",""playerA"":""Counter"",""playerB"":""Czypsy"",""stats"":{""eligible"":false,""n_games_total"":10.0,""n_games"":0.0,""n_days"":0.0,""mean_impact"":null,""shrunk_impact"":null,""ci_low"":null,""ci_high"":null,""win_rate"":null}},""value"":null},{""row"":4,""col"":0,""kind"":""missing"",""pair"":{""id"":""pair-222c26cd6ac4c986"",""teamId"":""oe:team:9efc9069228bc0817c7a9bac775daa7"",""teamName"":""Samsung Morning Stars"",""playerAId"":""oe:player:2a2e8a4d073d7f10a9adb064fc8bd38"",""playerBId"":""oe:player:df5866d3078c786ce03084b78b1f5d9"",""playerA"":""Conse"",""playerB"":""Czypsy"",""stats"":{""eligible"":false,""n_games_total"":10.0,""n_games"":0.0,""n_days"":0.0,""mean_impact"":null,""shrunk_impact"":null,""ci_low"":null,""ci_high"":null,""win_rate"":null}},""value"":null},{""row"":4,""col"":1,""kind"":""missing"",""pair"":{""id"":""pair-aff2767fc59c6f21"",""teamId"":""oe:team:9efc9069228bc0817c7a9bac775daa7"",""teamName"":""Samsung Morning Stars"",""playerAId"":""oe:player:15101ae59f2cc7c8836b7e67352b598"",""playerBId"":""oe:player:df5866d3078c786ce03084b78b1f5d9"",""playerA"":""Noodle"",""playerB"":""Czypsy"",""stats"":{""eligible"":false,""n_games_total"":10.0,""n_games"":0.0,""n_days"":0.0,""mean_impact"":null,""shrunk_impact"":null,""ci_low"":null,""ci_high"":null,""win_rate"":null}},""value"":null},{""row"":4,""col"":2,""kind"":""missing"",""pair"":{""id"":""pair-0d43d8430c6c3cc7"",""teamId"":""oe:team:9efc9069228bc0817c7a9bac775daa7"",""teamName"":""Samsung Morning Stars"",""playerAId"":""oe:player:6f5188d848cbbcc09145e58277c0e07"",""playerBId"":""oe:player:df5866d3078c786ce03084b78b1f5d9"",""playerA"":""coing"",""playerB"":""Czypsy"",""stats"":{""eligible"":false,""n_games_total"":10.0,""n_games"":0.0,""n_days"":0.0,""mean_impact"":null,""shrunk_impact"":null,""ci_low"":null,""ci_high"":null,""win_rate"":null}},""value"":null},{""row"":4,""col"":3,""kind"":""missing"",""pair"":{""id"":""pair-a87773334a69cf9c"",""teamId"":""oe:team:9efc9069228bc0817c7a9bac775daa7"",""teamName"":""Samsung Morning Stars"",""playerAId"":""oe:player:64d129224a5377b63e9727479ec987d"",""playerBId"":""oe:player:df5866d3078c786ce03084b78b1f5d9"",""playerA"":""Counter"",""playerB"":""Czypsy"",""stats"":{""eligible"":false,""n_games_total"":10.0,""n_games"":0.0,""n_days"":0.0,""mean_impact"":null,""shrunk_impact"":null,""ci_low"":null,""ci_high"":null,""win_rate"":null}},""value"":null},{""row"":4,""col"":4,""kind"":""self"",""pair"":null,""value"":null}],""limit"":0.15,""hasEligiblePair"":false}"
lineup-5b66eb91ae116f9e,oe:team:3e3ca0895ded506fd637e723d6ae2a1,DSYRE,2023,oe:player:05232b60ecb30d224586da27ae658d7,Akukatt,oe:player:cbe20c64274a87a21e5bdac1ccc3e77,Rhilech,oe:player:c08f75d1d70bf068013b32f60fe96a5,Vigil,oe:player:43ba4f6beb2d73408cb2fcebd67b1ff,Teiyon,oe:player:cf92da6a565cf411663430c9b2a0f3b,Enryy,3,0,0,,,,,False,,,,,,,,,,,,,,,,"{""version"":1,""players"":[{""id"":""oe:player:05232b60ecb30d224586da27ae658d7"",""name"":""Akukatt"",""role"":""top""},{""id"":""oe:player:cbe20c64274a87a21e5bdac1ccc3e77"",""name"":""Rhilech"",""role"":""jng""},{""id"":""oe:player:c08f75d1d70bf068013b32f60fe96a5"",""name"":""Vigil"",""role"":""mid""},{""id"":""oe:player:43ba4f6beb2d73408cb2fcebd67b1ff"",""name"":""Teiyon"",""role"":""bot""},{""id"":""oe:player:cf92da6a565cf411663430c9b2a0f3b"",""name"":""Enryy"",""role"":""sup""}],""cells"":[{""row"":0,""col"":0,""kind"":""self"",""pair"":null,""value"":null},{""row"":0,""col"":1,""kind"":""missing"",""pair"":{""id"":""pair-1de51ce813179bb9"",""teamId"":""oe:team:3e3ca0895ded506fd637e723d6ae2a1"",""teamName"":""DSYRE"",""playerAId"":""oe:player:05232b60ecb30d224586da27ae658d7"",""playerBId"":""oe:player:cbe20c64274a87a21e5bdac1ccc3e77"",""playerA"":""Akukatt"",""playerB"":""Rhilech"",""stats"":{""eligible"":false,""n_games_total"":3.0,""n_games"":0.0,""n_days"":0.0,""mean_impact"":null,""shrunk_impact"":null,""ci_low"":null,""ci_high"":null,""win_rate"":null}},""value"":null},{""row"":0,""col"":2,""kind"":""missing"",""pair"":{""id"":""pair-5960e16f708dce83"",""teamId"":""oe:team:3e3ca0895ded506fd637e723d6ae2a1"",""teamName"":""DSYRE"",""playerAId"":""oe:player:05232b60ecb30d224586da27ae658d7"",""playerBId"":""oe:player:c08f75d1d70bf068013b32f60fe96a5"",""playerA"":""Akukatt"",""playerB"":""Vigil"",""stats"":{""eligible"":false,""n_games_total"":3.0,""n_games"":0.0,""n_days"":0.0,""mean_impact"":null,""shrunk_impact"":null,""ci_low"":null,""ci_high"":null,""win_rate"":null}},""value"":null},{""row"":0,""col"":3,""kind"":""missing"",""pair"":{""id"":""pair-f2e6e87c621a6e2c"",""teamId"":""oe:team:3e3ca0895ded506fd637e723d6ae2a1"",""teamName"":""DSYRE"",""playerAId"":""oe:player:05232b60ecb30d224586da27ae658d7"",""playerBId"":""oe:player:43ba4f6beb2d73408cb2fcebd67b1ff"",""playerA"":""Akukatt"",""playerB"":""Teiyon"",""stats"":{""eligible"":false,""n_games_total"":3.0,""n_games"":0.0,""n_days"":0.0,""mean_impact"":null,""shrunk_impact"":null,""ci_low"":null,""ci_high"":null,""win_rate"":null}},""value"":null},{""row"":0,""col"":4,""kind"":""missing"",""pair"":{""id"":""pair-2d8f6c226a8fa573"",""teamId"":""oe:team:3e3ca0895ded506fd637e723d6ae2a1"",""teamName"":""DSYRE"",""playerAId"":""oe:player:05232b60ecb30d224586da27ae658d7"",""playerBId"":""oe:player:cf92da6a565cf411663430c9b2a0f3b"",""playerA"":""Akukatt"",""playerB"":""Enryy"",""stats"":{""eligible"":false,""n_games_total"":3.0,""n_games"":0.0,""n_days"":0.0,""mean_impact"":null,""shrunk_impact"":null,""ci_low"":null,""ci_high"":null,""win_rate"":null}},""value"":null},{""row"":1,""col"":0,""kind"":""missing"",""pair"":{""id"":""pair-1de51ce813179bb9"",""teamId"":""oe:team:3e3ca0895ded506fd637e723d6ae2a1"",""teamName"":""DSYRE"",""playerAId"":""oe:player:05232b60ecb30d224586da27ae658d7"",""playerBId"":""oe:player:cbe20c64274a87a21e5bdac1ccc3e77"",""playerA"":""Akukatt"",""playerB"":""Rhilech"",""stats"":{""eligible"":false,""n_games_total"":3.0,""n_games"":0.0,""n_days"":0.0,""mean_impact"":null,""shrunk_impact"":null,""ci_low"":null,""ci_high"":null,""win_rate"":null}},""value"":null},{""row"":1,""col"":1,""kind"":""self"",""pair"":null,""value"":null},{""row"":1,""col"":2,""kind"":""missing"",""pair"":{""id"":""pair-ed18f0b031157f2e"",""teamId"":""oe:team:3e3ca0895ded506fd637e723d6ae2a1"",""teamName"":""DSYRE"",""playerAId"":""oe:player:c08f75d1d70bf068013b32f60fe96a5"",""playerBId"":""oe:player:cbe20c64274a87a21e5bdac1ccc3e77"",""playerA"":""Vigil"",""playerB"":""Rhilech"",""stats"":{""eligible"":false,""n_games_total"":3.0,""n_games"":0.0,""n_days"":0.0,""mean_impact"":null,""shrunk_impact"":null,""ci_low"":null,""ci_high"":null,""win_rate"":null}},""value"":null},{""row"":1,""col"":3,""kind"":""missing"",""pair"":{""id"":""pair-62db5e4056b7ee14"",""teamId"":""oe:team:3e3ca0895ded506fd637e723d6ae2a1"",""teamName"":""DSYRE"",""playerAId"":""oe:player:43ba4f6beb2d73408cb2fcebd67b1ff"",""playerBId"":""oe:player:cbe20c64274a87a21e5bdac1ccc3e77"",""playerA"":""Teiyon"",""playerB"":""Rhilech"",""stats"":{""eligible"":false,""n_games_total"":3.0,""n_games"":0.0,""n_days"":0.0,""mean_impact"":null,""shrunk_impact"":null,""ci_low"":null,""ci_high"":null,""win_rate"":null}},""value"":null},{""row"":1,""col"":4,""kind"":""missing"",""pair"":{""id"":""pair-dae1ba910c760574"",""teamId"":""oe:team:3e3ca0895ded506fd637e723d6ae2a1"",""teamName"":""DSYRE"",""playerAId"":""oe:player:cbe20c64274a87a21e5bdac1ccc3e77"",""playerBId"":""oe:player:cf92da6a565cf411663430c9b2a0f3b"",""playerA"":""Rhilech"",""playerB"":""Enryy"",""stats"":{""eligible"":false,""n_games_total"":3.0,""n_games"":0.0,""n_days"":0.0,""mean_impact"":null,""shrunk_impact"":null,""ci_low"":null,""ci_high"":null,""win_rate"":null}},""value"":null},{""row"":2,""col"":0,""kind"":""missing"",""pair"":{""id"":""pair-5960e16f708dce83"",""teamId"":""oe:team:3e3ca0895ded506fd637e723d6ae2a1"",""teamName"":""DSYRE"",""playerAId"":""oe:player:05232b60ecb30d224586da27ae658d7"",""playerBId"":""oe:player:c08f75d1d70bf068013b32f60fe96a5"",""playerA"":""Akukatt"",""playerB"":""Vigil"",""stats"":{""eligible"":false,""n_games_total"":3.0,""n_games"":0.0,""n_days"":0.0,""mean_impact"":null,""shrunk_impact"":null,""ci_low"":null,""ci_high"":null,""win_rate"":null}},""value"":null},{""row"":2,""col"":1,""kind"":""missing"",""pair"":{""id"":""pair-ed18f0b031157f2e"",""teamId"":""oe:team:3e3ca0895ded506fd637e723d6ae2a1"",""teamName"":""DSYRE"",""playerAId"":""oe:player:c08f75d1d70bf068013b32f60fe96a5"",""playerBId"":""oe:player:cbe20c64274a87a21e5bdac1ccc3e77"",""playerA"":""Vigil"",""playerB"":""Rhilech"",""stats"":{""eligible"":false,""n_games_total"":3.0,""n_games"":0.0,""n_days"":0.0,""mean_impact"":null,""shrunk_impact"":null,""ci_low"":null,""ci_high"":null,""win_rate"":null}},""value"":null},{""row"":2,""col"":2,""kind"":""self"",""pair"":null,""value"":null},{""row"":2,""col"":3,""kind"":""missing"",""pair"":{""id"":""pair-6bb9843475b32508"",""teamId"":""oe:team:3e3ca0895ded506fd637e723d6ae2a1"",""teamName"":""DSYRE"",""playerAId"":""oe:player:43ba4f6beb2d73408cb2fcebd67b1ff"",""playerBId"":""oe:player:c08f75d1d70bf068013b32f60fe96a5"",""playerA"":""Teiyon"",""playerB"":""Vigil"",""stats"":{""eligible"":false,""n_games_total"":3.0,""n_games"":0.0,""n_days"":0.0,""mean_impact"":null,""shrunk_impact"":null,""ci_low"":null,""ci_high"":null,""win_rate"":null}},""value"":null},{""row"":2,""col"":4,""kind"":""missing"",""pair"":{""id"":""pair-0e06c684ef3e8d7b"",""teamId"":""oe:team:3e3ca0895ded506fd637e723d6ae2a1"",""teamName"":""DSYRE"",""playerAId"":""oe:player:c08f75d1d70bf068013b32f60fe96a5"",""playerBId"":""oe:player:cf92da6a565cf411663430c9b2a0f3b"",""playerA"":""Vigil"",""playerB"":""Enryy"",""stats"":{""eligible"":false,""n_games_total"":3.0,""n_games"":0.0,""n_days"":0.0,""mean_impact"":null,""shrunk_impact"":null,""ci_low"":null,""ci_high"":null,""win_rate"":null}},""value"":null},{""row"":3,""col"":0,""kind"":""missing"",""pair"":{""id"":""pair-f2e6e87c621a6e2c"",""teamId"":""oe:team:3e3ca0895ded506fd637e723d6ae2a1"",""teamName"":""DSYRE"",""playerAId"":""oe:player:05232b60ecb30d224586da27ae658d7"",""playerBId"":""oe:player:43ba4f6beb2d73408cb2fcebd67b1ff"",""playerA"":""Akukatt"",""playerB"":""Teiyon"",""stats"":{""eligible"":false,""n_games_total"":3.0,""n_games"":0.0,""n_days"":0.0,""mean_impact"":null,""shrunk_impact"":null,""ci_low"":null,""ci_high"":null,""win_rate"":null}},""value"":null},{""row"":3,""col"":1,""kind"":""missing"",""pair"":{""id"":""pair-62db5e4056b7ee14"",""teamId"":""oe:team:3e3ca0895ded506fd637e723d6ae2a1"",""teamName"":""DSYRE"",""playerAId"":""oe:player:43ba4f6beb2d73408cb2fcebd67b1ff"",""playerBId"":""oe:player:cbe20c64274a87a21e5bdac1ccc3e77"",""playerA"":""Teiyon"",""playerB"":""Rhilech"",""stats"":{""eligible"":false,""n_games_total"":3.0,""n_games"":0.0,""n_days"":0.0,""mean_impact"":null,""shrunk_impact"":null,""ci_low"":null,""ci_high"":null,""win_rate"":null}},""value"":null},{""row"":3,""col"":2,""kind"":""missing"",""pair"":{""id"":""pair-6bb9843475b32508"",""teamId"":""oe:team:3e3ca0895ded506fd637e723d6ae2a1"",""teamName"":""DSYRE"",""playerAId"":""oe:player:43ba4f6beb2d73408cb2fcebd67b1ff"",""playerBId"":""oe:player:c08f75d1d70bf068013b32f60fe96a5"",""playerA"":""Teiyon"",""playerB"":""Vigil"",""stats"":{""eligible"":false,""n_games_total"":3.0,""n_games"":0.0,""n_days"":0.0,""mean_impact"":null,""shrunk_impact"":null,""ci_low"":null,""ci_high"":null,""win_rate"":null}},""value"":null},{""row"":3,""col"":3,""kind"":""self"",""pair"":null,""value"":null},{""row"":3,""col"":4,""kind"":""missing"",""pair"":{""id"":""pair-56691fa064d4001f"",""teamId"":""oe:team:3e3ca0895ded506fd637e723d6ae2a1"",""teamName"":""DSYRE"",""playerAId"":""oe:player:43ba4f6beb2d73408cb2fcebd67b1ff"",""playerBId"":""oe:player:cf92da6a565cf411663430c9b2a0f3b"",""playerA"":""Teiyon"",""playerB"":""Enryy"",""stats"":{""eligible"":false,""n_games_total"":3.0,""n_games"":0.0,""n_days"":0.0,""mean_impact"":null,""shrunk_impact"":null,""ci_low"":null,""ci_high"":null,""win_rate"":null}},""value"":null},{""row"":4,""col"":0,""kind"":""missing"",""pair"":{""id"":""pair-2d8f6c226a8fa573"",""teamId"":""oe:team:3e3ca0895ded506fd637e723d6ae2a1"",""teamName"":""DSYRE"",""playerAId"":""oe:player:05232b60ecb30d224586da27ae658d7"",""playerBId"":""oe:player:cf92da6a565cf411663430c9b2a0f3b"",""playerA"":""Akukatt"",""playerB"":""Enryy"",""stats"":{""eligible"":false,""n_games_total"":3.0,""n_games"":0.0,""n_days"":0.0,""mean_impact"":null,""shrunk_impact"":null,""ci_low"":null,""ci_high"":null,""win_rate"":null}},""value"":null},{""row"":4,""col"":1,""kind"":""missing"",""pair"":{""id"":""pair-dae1ba910c760574"",""teamId"":""oe:team:3e3ca0895ded506fd637e723d6ae2a1"",""teamName"":""DSYRE"",""playerAId"":""oe:player:cbe20c64274a87a21e5bdac1ccc3e77"",""playerBId"":""oe:player:cf92da6a565cf411663430c9b2a0f3b"",""playerA"":""Rhilech"",""playerB"":""Enryy"",""stats"":{""eligible"":false,""n_games_total"":3.0,""n_games"":0.0,""n_days"":0.0,""mean_impact"":null,""shrunk_impact"":null,""ci_low"":null,""ci_high"":null,""win_rate"":null}},""value"":null},{""row"":4,""col"":2,""kind"":""missing"",""pair"":{""id"":""pair-0e06c684ef3e8d7b"",""teamId"":""oe:team:3e3ca0895ded506fd637e723d6ae2a1"",""teamName"":""DSYRE"",""playerAId"":""oe:player:c08f75d1d70bf068013b32f60fe96a5"",""playerBId"":""oe:player:cf92da6a565cf411663430c9b2a0f3b"",""playerA"":""Vigil"",""playerB"":""Enryy"",""stats"":{""eligible"":false,""n_games_total"":3.0,""n_games"":0.0,""n_days"":0.0,""mean_impact"":null,""shrunk_impact"":null,""ci_low"":null,""ci_high"":null,""win_rate"":null}},""value"":null},{""row"":4,""col"":3,""kind"":""missing"",""pair"":{""id"":""pair-56691fa064d4001f"",""teamId"":""oe:team:3e3ca0895ded506fd637e723d6ae2a1"",""teamName"":""DSYRE"",""playerAId"":""oe:player:43ba4f6beb2d73408cb2fcebd67b1ff"",""playerBId"":""oe:player:cf92da6a565cf411663430c9b2a0f3b"",""playerA"":""Teiyon"",""playerB"":""Enryy"",""stats"":{""eligible"":false,""n_games_total"":3.0,""n_games"":0.0,""n_days"":0.0,""mean_impact"":null,""shrunk_impact"":null,""ci_low"":null,""ci_high"":null,""win_rate"":null}},""value"":null},{""row"":4,""col"":4,""kind"":""self"",""pair"":null,""value"":null}],""limit"":0.15,""hasEligiblePair"":false}"
lineup-5e715ef0e89c9361,oe:team:23dda07cf3e2a786d6b300cc78a1cf6,GGEsports,2023,oe:player:b7fe50d252f0ea8a99edc0dfb504b4d,JeppeHou,oe:player:c7673cc6a75e1633240f751f871ef49,Navatar,oe:player:b768e829b646b094c7df80ba249b193,gtrik,oe:player:43ba4f6beb2d73408cb2fcebd67b1ff,Teiyon,oe:player:e30062a89c547678e8bdba69edf2295,ItSir,1,1,1,-0.39590244,-0.03599113,,,False,0.00000000,330.30796460,0.84955752,0.20628971,0.26097953,0.19278051,0.27826003,0.19465732,0.14682999,0.20598079,0.14699074,0.25875066,0.37020962,0.14783071,0.05770962,"{""version"":1,""players"":[{""id"":""oe:player:b7fe50d252f0ea8a99edc0dfb504b4d"",""name"":""JeppeHou"",""role"":""sup""},{""id"":""oe:player:c7673cc6a75e1633240f751f871ef49"",""name"":""Navatar"",""role"":""jng""},{""id"":""oe:player:b768e829b646b094c7df80ba249b193"",""name"":""gtrik"",""role"":""mid""},{""id"":""oe:player:43ba4f6beb2d73408cb2fcebd67b1ff"",""name"":""Teiyon"",""role"":""bot""},{""id"":""oe:player:e30062a89c547678e8bdba69edf2295"",""name"":""ItSir"",""role"":""sup""}],""cells"":[{""row"":0,""col"":0,""kind"":""self"",""pair"":null,""value"":null},{""row"":0,""col"":1,""kind"":""sparse"",""pair"":{""id"":""pair-1c09c6f90c412bdb"",""teamId"":""oe:team:23dda07cf3e2a786d6b300cc78a1cf6"",""teamName"":""GGEsports"",""playerAId"":""oe:player:b7fe50d252f0ea8a99edc0dfb504b4d"",""playerBId"":""oe:player:c7673cc6a75e1633240f751f871ef49"",""playerA"":""JeppeHou"",""playerB"":""Navatar"",""stats"":{""eligible"":false,""n_games_total"":11.0,""n_games"":7.0,""n_days"":7.0,""mean_impact"":0.41287774,""shrunk_impact"":0.17000848,""ci_low"":-0.02982205,""ci_high"":0.3980769,""win_rate"":0.14285714}},""value"":0.17000848},{""row"":0,""col"":2,""kind"":""sparse"",""pair"":{""id"":""pair-47e04dcdc87fcb06"",""teamId"":""oe:team:23dda07cf3e2a786d6b300cc78a1cf6"",""teamName"":""GGEsports"",""playerAId"":""oe:player:b768e829b646b094c7df80ba249b193"",""playerBId"":""oe:player:b7fe50d252f0ea8a99edc0dfb504b4d"",""playerA"":""gtrik"",""playerB"":""JeppeHou"",""stats"":{""eligible"":false,""n_games_total"":6.0,""n_games"":6.0,""n_days"":6.0,""mean_impact"":0.75927227,""shrunk_impact"":0.2847271,""ci_low"":0.02173226,""ci_high"":0.62146038,""win_rate"":0.16666667}},""value"":0.2847271},{""row"":0,""col"":3,""kind"":""sparse"",""pair"":{""id"":""pair-59c19b43dc5905aa"",""teamId"":""oe:team:23dda07cf3e2a786d6b300cc78a1cf6"",""teamName"":""GGEsports"",""playerAId"":""oe:player:43ba4f6beb2d73408cb2fcebd67b1ff"",""playerBId"":""oe:player:b7fe50d252f0ea8a99edc0dfb504b4d"",""playerA"":""Teiyon"",""playerB"":""JeppeHou"",""stats"":{""eligible"":false,""n_games_total"":11.0,""n_games"":7.0,""n_days"":7.0,""mean_impact"":0.62450797,""shrunk_impact"":0.25715034,""ci_low"":0.01239322,""ci_high"":0.56036934,""win_rate"":0.14285714}},""value"":0.25715034},{""row"":0,""col"":4,""kind"":""sparse"",""pair"":{""id"":""pair-5df7d39bf40af45c"",""teamId"":""oe:team:23dda07cf3e2a786d6b300cc78a1cf6"",""teamName"":""GGEsports"",""playerAId"":""oe:player:b7fe50d252f0ea8a99edc0dfb504b4d"",""playerBId"":""oe:player:e30062a89c547678e8bdba69edf2295"",""playerA"":""JeppeHou"",""playerB"":""ItSir"",""stats"":{""eligible"":false,""n_games_total"":2.0,""n_games"":2.0,""n_days"":2.0,""mean_impact"":-0.1079985,""shrunk_impact"":-0.01799975,""ci_low"":null,""ci_high"":null,""win_rate"":0.0}},""value"":-0.01799975},{""row"":1,""col"":0,""kind"":""sparse"",""pair"":{""id"":""pair-1c09c6f90c412bdb"",""teamId"":""oe:team:23dda07cf3e2a786d6b300cc78a1cf6"",""teamName"":""GGEsports"",""playerAId"":""oe:player:b7fe50d252f0ea8a99edc0dfb504b4d"",""playerBId"":""oe:player:c7673cc6a75e1633240f751f871ef49"",""playerA"":""JeppeHou"",""playerB"":""Navatar"",""stats"":{""eligible"":false,""n_games_total"":11.0,""n_games"":7.0,""n_days"":7.0,""mean_impact"":0.41287774,""shrunk_impact"":0.17000848,""ci_low"":-0.02982205,""ci_high"":0.3980769,""win_rate"":0.14285714}},""value"":0.17000848},{""row"":1,""col"":1,""kind"":""self"",""pair"":null,""value"":null},{""row"":1,""col"":2,""kind"":""sparse"",""pair"":{""id"":""pair-20883a410e27471a"",""teamId"":""oe:team:23dda07cf3e2a786d6b300cc78a1cf6"",""teamName"":""GGEsports"",""playerAId"":""oe:player:b768e829b646b094c7df80ba249b193"",""playerBId"":""oe:player:c7673cc6a75e1633240f751f871ef49"",""playerA"":""gtrik"",""playerB"":""Navatar"",""stats"":{""eligible"":false,""n_games_total"":6.0,""n_games"":6.0,""n_days"":6.0,""mean_impact"":-0.09389187,""shrunk_impact"":-0.03520945,""ci_low"":-0.20231762,""ci_high"":0.17456323,""win_rate"":0.16666667}},""value"":-0.03520945},{""row"":1,""col"":3,""kind"":""sparse"",""pair"":{""id"":""pair-b55db0bf1cb37b46"",""teamId"":""oe:team:23dda07cf3e2a786d6b300cc78a1cf6"",""teamName"":""GGEsports"",""playerAId"":""oe:player:43ba4f6beb2d73408cb2fcebd67b1ff"",""playerBId"":""oe:player:c7673cc6a75e1633240f751f871ef49"",""playerA"":""Teiyon"",""playerB"":""Navatar"",""stats"":{""eligible"":false,""n_games_total"":13.0,""n_games"":7.0,""n_days"":7.0,""mean_impact"":-0.06451089,""shrunk_impact"":-0.02656331,""ci_low"":-0.12239395,""ci_high"":0.12382979,""win_rate"":0.14285714}},""value"":-0.02656331},{""row"":1,""col"":4,""kind"":""sparse"",""pair"":{""id"":""pair-079c09e630834f85"",""teamId"":""oe:team:23dda07cf3e2a786d6b300cc78a1cf6"",""teamName"":""GGEsports"",""playerAId"":""oe:player:c7673cc6a75e1633240f751f871ef49"",""playerBId"":""oe:player:e30062a89c547678e8bdba69edf2295"",""playerA"":""Navatar"",""playerB"":""ItSir"",""stats"":{""eligible"":false,""n_games_total"":4.0,""n_games"":2.0,""n_days"":2.0,""mean_impact"":-0.19900197,""shrunk_impact"":-0.033167,""ci_low"":null,""ci_high"":null,""win_rate"":0.0}},""value"":-0.033167},{""row"":2,""col"":0,""kind"":""sparse"",""pair"":{""id"":""pair-47e04dcdc87fcb06"",""teamId"":""oe:team:23dda07cf3e2a786d6b300cc78a1cf6"",""teamName"":""GGEsports"",""playerAId"":""oe:player:b768e829b646b094c7df80ba249b193"",""playerBId"":""oe:player:b7fe50d252f0ea8a99edc0dfb504b4d"",""playerA"":""gtrik"",""playerB"":""JeppeHou"",""stats"":{""eligible"":false,""n_games_total"":6.0,""n_games"":6.0,""n_days"":6.0,""mean_impact"":0.75927227,""shrunk_impact"":0.2847271,""ci_low"":0.02173226,""ci_high"":0.62146038,""win_rate"":0.16666667}},""value"":0.2847271},{""row"":2,""col"":1,""kind"":""sparse"",""pair"":{""id"":""pair-20883a410e27471a"",""teamId"":""oe:team:23dda07cf3e2a786d6b300cc78a1cf6"",""teamName"":""GGEsports"",""playerAId"":""oe:player:b768e829b646b094c7df80ba249b193"",""playerBId"":""oe:player:c7673cc6a75e1633240f751f871ef49"",""playerA"":""gtrik"",""playerB"":""Navatar"",""stats"":{""eligible"":false,""n_games_total"":6.0,""n_games"":6.0,""n_days"":6.0,""mean_impact"":-0.09389187,""shrunk_impact"":-0.03520945,""ci_low"":-0.20231762,""ci_high"":0.17456323,""win_rate"":0.16666667}},""value"":-0.03520945},{""row"":2,""col"":2,""kind"":""self"",""pair"":null,""value"":null},{""row"":2,""col"":3,""kind"":""sparse"",""pair"":{""id"":""pair-1c069f31a0118538"",""teamId"":""oe:team:23dda07cf3e2a786d6b300cc78a1cf6"",""teamName"":""GGEsports"",""playerAId"":""oe:player:43ba4f6beb2d73408cb2fcebd67b1ff"",""playerBId"":""oe:player:b768e829b646b094c7df80ba249b193"",""playerA"":""Teiyon"",""playerB"":""gtrik"",""stats"":{""eligible"":false,""n_games_total"":6.0,""n_games"":6.0,""n_days"":6.0,""mean_impact"":0.20792776,""shrunk_impact"":0.07797291,""ci_low"":-0.11012781,""ci_high"":0.34405509,""win_rate"":0.16666667}},""value"":0.07797291},{""row"":2,""col"":4,""kind"":""sparse"",""pair"":{""id"":""pair-15e4639d5402093a"",""teamId"":""oe:team:23dda07cf3e2a786d6b300cc78a1cf6"",""teamName"":""GGEsports"",""playerAId"":""oe:player:b768e829b646b094c7df80ba249b193"",""playerBId"":""oe:player:e30062a89c547678e8bdba69edf2295"",""playerA"":""gtrik"",""playerB"":""ItSir"",""stats"":{""eligible"":false,""n_games_total"":1.0,""n_games"":1.0,""n_days"":1.0,""mean_impact"":-0.86407211,""shrunk_impact"":-0.07855201,""ci_low"":null,""ci_high"":null,""win_rate"":0.0}},""value"":-0.07855201},{""row"":3,""col"":0,""kind"":""sparse"",""pair"":{""id"":""pair-59c19b43dc5905aa"",""teamId"":""oe:team:23dda07cf3e2a786d6b300cc78a1cf6"",""teamName"":""GGEsports"",""playerAId"":""oe:player:43ba4f6beb2d73408cb2fcebd67b1ff"",""playerBId"":""oe:player:b7fe50d252f0ea8a99edc0dfb504b4d"",""playerA"":""Teiyon"",""playerB"":""JeppeHou"",""stats"":{""eligible"":false,""n_games_total"":11.0,""n_games"":7.0,""n_days"":7.0,""mean_impact"":0.62450797,""shrunk_impact"":0.25715034,""ci_low"":0.01239322,""ci_high"":0.56036934,""win_rate"":0.14285714}},""value"":0.25715034},{""row"":3,""col"":1,""kind"":""sparse"",""pair"":{""id"":""pair-b55db0bf1cb37b46"",""teamId"":""oe:team:23dda07cf3e2a786d6b300cc78a1cf6"",""teamName"":""GGEsports"",""playerAId"":""oe:player:43ba4f6beb2d73408cb2fcebd67b1ff"",""playerBId"":""oe:player:c7673cc6a75e1633240f751f871ef49"",""playerA"":""Teiyon"",""playerB"":""Navatar"",""stats"":{""eligible"":false,""n_games_total"":13.0,""n_games"":7.0,""n_days"":7.0,""mean_impact"":-0.06451089,""shrunk_impact"":-0.02656331,""ci_low"":-0.12239395,""ci_high"":0.12382979,""win_rate"":0.14285714}},""value"":-0.02656331},{""row"":3,""col"":2,""kind"":""sparse"",""pair"":{""id"":""pair-1c069f31a0118538"",""teamId"":""oe:team:23dda07cf3e2a786d6b300cc78a1cf6"",""teamName"":""GGEsports"",""playerAId"":""oe:player:43ba4f6beb2d73408cb2fcebd67b1ff"",""playerBId"":""oe:player:b768e829b646b094c7df80ba249b193"",""playerA"":""Teiyon"",""playerB"":""gtrik"",""stats"":{""eligible"":false,""n_games_total"":6.0,""n_games"":6.0,""n_days"":6.0,""mean_impact"":0.20792776,""shrunk_impact"":0.07797291,""ci_low"":-0.11012781,""ci_high"":0.34405509,""win_rate"":0.16666667}},""value"":0.07797291},{""row"":3,""col"":3,""kind"":""self"",""pair"":null,""value"":null},{""row"":3,""col"":4,""kind"":""sparse"",""pair"":{""id"":""pair-80067d0526c82f4b"",""teamId"":""oe:team:23dda07cf3e2a786d6b300cc78a1cf6"",""teamName"":""GGEsports"",""playerAId"":""oe:player:43ba4f6beb2d73408cb2fcebd67b1ff"",""playerBId"":""oe:player:e30062a89c547678e8bdba69edf2295"",""playerA"":""Teiyon"",""playerB"":""ItSir"",""stats"":{""eligible"":false,""n_games_total"":4.0,""n_games"":2.0,""n_days"":2.0,""mean_impact"":-0.0968194,""shrunk_impact"":-0.01613657,""ci_low"":null,""ci_high"":null,""win_rate"":0.0}},""value"":-0.01613657},{""row"":4,""col"":0,""kind"":""sparse"",""pair"":{""id"":""pair-5df7d39bf40af45c"",""teamId"":""oe:team:23dda07cf3e2a786d6b300cc78a1cf6"",""teamName"":""GGEsports"",""playerAId"":""oe:player:b7fe50d252f0ea8a99edc0dfb504b4d"",""playerBId"":""oe:player:e30062a89c547678e8bdba69edf2295"",""playerA"":""JeppeHou"",""playerB"":""ItSir"",""stats"":{""eligible"":false,""n_games_total"":2.0,""n_games"":2.0,""n_days"":2.0,""mean_impact"":-0.1079985,""shrunk_impact"":-0.01799975,""ci_low"":null,""ci_high"":null,""win_rate"":0.0}},""value"":-0.01799975},{""row"":4,""col"":1,""kind"":""sparse"",""pair"":{""id"":""pair-079c09e630834f85"",""teamId"":""oe:team:23dda07cf3e2a786d6b300cc78a1cf6"",""teamName"":""GGEsports"",""playerAId"":""oe:player:c7673cc6a75e1633240f751f871ef49"",""playerBId"":""oe:player:e30062a89c547678e8bdba69edf2295"",""playerA"":""Navatar"",""playerB"":""ItSir"",""stats"":{""eligible"":false,""n_games_total"":4.0,""n_games"":2.0,""n_days"":2.0,""mean_impact"":-0.19900197,""shrunk_impact"":-0.033167,""ci_low"":null,""ci_high"":null,""win_rate"":0.0}},""value"":-0.033167},{""row"":4,""col"":2,""kind"":""sparse"",""pair"":{""id"":""pair-15e4639d5402093a"",""teamId"":""oe:team:23dda07cf3e2a786d6b300cc78a1cf6"",""teamName"":""GGEsports"",""playerAId"":""oe:player:b768e829b646b094c7df80ba249b193"",""playerBId"":""oe:player:e30062a89c547678e8bdba69edf2295"",""playerA"":""gtrik"",""playerB"":""ItSir"",""stats"":{""eligible"":false,""n_games_total"":1.0,""n_games"":1.0,""n_days"":1.0,""mean_impact"":-0.86407211,""shrunk_impact"":-0.07855201,""ci_low"":null,""ci_high"":null,""win_rate"":0.0}},""value"":-0.07855201},{""row"":4,""col"":3,""kind"":""sparse"",""pair"":{""id"":""pair-80067d0526c82f4b"",""teamId"":""oe:team:23dda07cf3e2a786d6b300cc78a1cf6"",""teamName"":""GGEsports"",""playerAId"":""oe:player:43ba4f6beb2d73408cb2fcebd67b1ff"",""playerBId"":""oe:player:e30062a89c547678e8bdba69edf2295"",""playerA"":""Teiyon"",""playerB"":""ItSir"",""stats"":{""eligible"":false,""n_games_total"":4.0,""n_games"":2.0,""n_days"":2.0,""mean_impact"":-0.0968194,""shrunk_impact"":-0.01613657,""ci_low"":null,""ci_high"":null,""win_rate"":0.0}},""value"":-0.01613657},{""row"":4,""col"":4,""kind"":""self"",""pair"":null,""value"":null}],""limit"":0.2847271,""hasEligiblePair"":false}"
lineup-643fdc83335917b8,oe:team:23dda07cf3e2a786d6b300cc78a1cf6,GGEsports,2023,oe:player:d623bb25dc94f5a8dfdab2689ac5615,TheCheeng,oe:player:c7673cc6a75e1633240f751f871ef49,Navatar,oe:player:4b6557e79af901ff0372a85f848ccb8,Dream Maker,oe:player:43ba4f6beb2d73408cb2fcebd67b1ff,Teiyon,oe:player:e30062a89c547678e8bdba69edf2295,ItSir,2,0,0,,,,,False,,,,,,,,,,,,,,,,"{""version"":1,""players"":[{""id"":""oe:player:d623bb25dc94f5a8dfdab2689ac5615"",""name"":""TheCheeng"",""role"":""top""},{""id"":""oe:player:c7673cc6a75e1633240f751f871ef49"",""name"":""Navatar"",""role"":""jng""},{""id"":""oe:player:4b6557e79af901ff0372a85f848ccb8"",""name"":""Dream Maker"",""role"":""mid""},{""id"":""oe:player:43ba4f6beb2d73408cb2fcebd67b1ff"",""name"":""Teiyon"",""role"":""bot""},{""id"":""oe:player:e30062a89c547678e8bdba69edf2295"",""name"":""ItSir"",""role"":""sup""}],""cells"":[{""row"":0,""col"":0,""kind"":""self"",""pair"":null,""value"":null},{""row"":0,""col"":1,""kind"":""sparse"",""pair"":{""id"":""pair-68a629225cf44299"",""teamId"":""oe:team:23dda07cf3e2a786d6b300cc78a1cf6"",""teamName"":""GGEsports"",""playerAId"":""oe:player:c7673cc6a75e1633240f751f871ef49"",""playerBId"":""oe:player:d623bb25dc94f5a8dfdab2689ac5615"",""playerA"":""Navatar"",""playerB"":""TheCheeng"",""stats"":{""eligible"":false,""n_games_total"":12.0,""n_games"":6.0,""n_days"":6.0,""mean_impact"":0.07154274,""shrunk_impact"":0.02682853,""ci_low"":-0.0712982,""ci_high"":0.13195508,""win_rate"":0.16666667}},""value"":0.02682853},{""row"":0,""col"":2,""kind"":""missing"",""pair"":{""id"":""pair-40a187dd142a0b5b"",""teamId"":""oe:team:23dda07cf3e2a786d6b300cc78a1cf6"",""teamName"":""GGEsports"",""playerAId"":""oe:player:4b6557e79af901ff0372a85f848ccb8"",""playerBId"":""oe:player:d623bb25dc94f5a8dfdab2689ac5615"",""playerA"":""Dream Maker"",""playerB"":""TheCheeng"",""stats"":{""eligible"":false,""n_games_total"":6.0,""n_games"":0.0,""n_days"":0.0,""mean_impact"":null,""shrunk_impact"":null,""ci_low"":null,""ci_high"":null,""win_rate"":null}},""value"":null},{""row"":0,""col"":3,""kind"":""sparse"",""pair"":{""id"":""pair-18a756a7a344aef6"",""teamId"":""oe:team:23dda07cf3e2a786d6b300cc78a1cf6"",""teamName"":""GGEsports"",""playerAId"":""oe:player:43ba4f6beb2d73408cb2fcebd67b1ff"",""playerBId"":""oe:player:d623bb25dc94f5a8dfdab2689ac5615"",""playerA"":""Teiyon"",""playerB"":""TheCheeng"",""stats"":{""eligible"":false,""n_games_total"":12.0,""n_games"":6.0,""n_days"":6.0,""mean_impact"":0.22946613,""shrunk_impact"":0.0860498,""ci_low"":-0.0232492,""ci_high"":0.27401422,""win_rate"":0.16666667}},""value"":0.0860498},{""row"":0,""col"":4,""kind"":""sparse"",""pair"":{""id"":""pair-63aa8fc6894cba1a"",""teamId"":""oe:team:23dda07cf3e2a786d6b300cc78a1cf6"",""teamName"":""GGEsports"",""playerAId"":""oe:player:d623bb25dc94f5a8dfdab2689ac5615"",""playerBId"":""oe:player:e30062a89c547678e8bdba69edf2295"",""playerA"":""TheCheeng"",""playerB"":""ItSir"",""stats"":{""eligible"":false,""n_games_total"":3.0,""n_games"":1.0,""n_days"":1.0,""mean_impact"":0.51069521,""shrunk_impact"":0.04642684,""ci_low"":null,""ci_high"":null,""win_rate"":0.0}},""value"":0.04642684},{""row"":1,""col"":0,""kind"":""sparse"",""pair"":{""id"":""pair-68a629225cf44299"",""teamId"":""oe:team:23dda07cf3e2a786d6b300cc78a1cf6"",""teamName"":""GGEsports"",""playerAId"":""oe:player:c7673cc6a75e1633240f751f871ef49"",""playerBId"":""oe:player:d623bb25dc94f5a8dfdab2689ac5615"",""playerA"":""Navatar"",""playerB"":""TheCheeng"",""stats"":{""eligible"":false,""n_games_total"":12.0,""n_games"":6.0,""n_days"":6.0,""mean_impact"":0.07154274,""shrunk_impact"":0.02682853,""ci_low"":-0.0712982,""ci_high"":0.13195508,""win_rate"":0.16666667}},""value"":0.02682853},{""row"":1,""col"":1,""kind"":""self"",""pair"":null,""value"":null},{""row"":1,""col"":2,""kind"":""missing"",""pair"":{""id"":""pair-12c3310b12f0747f"",""teamId"":""oe:team:23dda07cf3e2a786d6b300cc78a1cf6"",""teamName"":""GGEsports"",""playerAId"":""oe:player:4b6557e79af901ff0372a85f848ccb8"",""playerBId"":""oe:player:c7673cc6a75e1633240f751f871ef49"",""playerA"":""Dream Maker"",""playerB"":""Navatar"",""stats"":{""eligible"":false,""n_games_total"":6.0,""n_games"":0.0,""n_days"":0.0,""mean_impact"":null,""shrunk_impact"":null,""ci_low"":null,""ci_high"":null,""win_rate"":null}},""value"":null},{""row"":1,""col"":3,""kind"":""sparse"",""pair"":{""id"":""pair-b55db0bf1cb37b46"",""teamId"":""oe:team:23dda07cf3e2a786d6b300cc78a1cf6"",""teamName"":""GGEsports"",""playerAId"":""oe:player:43ba4f6beb2d73408cb2fcebd67b1ff"",""playerBId"":""oe:player:c7673cc6a75e1633240f751f871ef49"",""playerA"":""Teiyon"",""playerB"":""Navatar"",""stats"":{""eligible"":false,""n_games_total"":13.0,""n_games"":7.0,""n_days"":7.0,""mean_impact"":-0.06451089,""shrunk_impact"":-0.02656331,""ci_low"":-0.12239395,""ci_high"":0.12382979,""win_rate"":0.14285714}},""value"":-0.02656331},{""row"":1,""col"":4,""kind"":""sparse"",""pair"":{""id"":""pair-079c09e630834f85"",""teamId"":""oe:team:23dda07cf3e2a786d6b300cc78a1cf6"",""teamName"":""GGEsports"",""playerAId"":""oe:player:c7673cc6a75e1633240f751f871ef49"",""playerBId"":""oe:player:e30062a89c547678e8bdba69edf2295"",""playerA"":""Navatar"",""playerB"":""ItSir"",""stats"":{""eligible"":false,""n_games_total"":4.0,""n_games"":2.0,""n_days"":2.0,""mean_impact"":-0.19900197,""shrunk_impact"":-0.033167,""ci_low"":null,""ci_high"":null,""win_rate"":0.0}},""value"":-0.033167},{""row"":2,""col"":0,""kind"":""missing"",""pair"":{""id"":""pair-40a187dd142a0b5b"",""teamId"":""oe:team:23dda07cf3e2a786d6b300cc78a1cf6"",""teamName"":""GGEsports"",""playerAId"":""oe:player:4b6557e79af901ff0372a85f848ccb8"",""playerBId"":""oe:player:d623bb25dc94f5a8dfdab2689ac5615"",""playerA"":""Dream Maker"",""playerB"":""TheCheeng"",""stats"":{""eligible"":false,""n_games_total"":6.0,""n_games"":0.0,""n_days"":0.0,""mean_impact"":null,""shrunk_impact"":null,""ci_low"":null,""ci_high"":null,""win_rate"":null}},""value"":null},{""row"":2,""col"":1,""kind"":""missing"",""pair"":{""id"":""pair-12c3310b12f0747f"",""teamId"":""oe:team:23dda07cf3e2a786d6b300cc78a1cf6"",""teamName"":""GGEsports"",""playerAId"":""oe:player:4b6557e79af901ff0372a85f848ccb8"",""playerBId"":""oe:player:c7673cc6a75e1633240f751f871ef49"",""playerA"":""Dream Maker"",""playerB"":""Navatar"",""stats"":{""eligible"":false,""n_games_total"":6.0,""n_games"":0.0,""n_days"":0.0,""mean_impact"":null,""shrunk_impact"":null,""ci_low"":null,""ci_high"":null,""win_rate"":null}},""value"":null},{""row"":2,""col"":2,""kind"":""self"",""pair"":null,""value"":null},{""row"":2,""col"":3,""kind"":""missing"",""pair"":{""id"":""pair-d6312167a2350d8e"",""teamId"":""oe:team:23dda07cf3e2a786d6b300cc78a1cf6"",""teamName"":""GGEsports"",""playerAId"":""oe:player:43ba4f6beb2d73408cb2fcebd67b1ff"",""playerBId"":""oe:player:4b6557e79af901ff0372a85f848ccb8"",""playerA"":""Teiyon"",""playerB"":""Dream Maker"",""stats"":{""eligible"":false,""n_games_total"":6.0,""n_games"":0.0,""n_days"":0.0,""mean_impact"":null,""shrunk_impact"":null,""ci_low"":null,""ci_high"":null,""win_rate"":null}},""value"":null},{""row"":2,""col"":4,""kind"":""missing"",""pair"":{""id"":""pair-cb8e3bb6a9d96c8f"",""teamId"":""oe:team:23dda07cf3e2a786d6b300cc78a1cf6"",""teamName"":""GGEsports"",""playerAId"":""oe:player:4b6557e79af901ff0372a85f848ccb8"",""playerBId"":""oe:player:e30062a89c547678e8bdba69edf2295"",""playerA"":""Dream Maker"",""playerB"":""ItSir"",""stats"":{""eligible"":false,""n_games_total"":2.0,""n_games"":0.0,""n_days"":0.0,""mean_impact"":null,""shrunk_impact"":null,""ci_low"":null,""ci_high"":null,""win_rate"":null}},""value"":null},{""row"":3,""col"":0,""kind"":""sparse"",""pair"":{""id"":""pair-18a756a7a344aef6"",""teamId"":""oe:team:23dda07cf3e2a786d6b300cc78a1cf6"",""teamName"":""GGEsports"",""playerAId"":""oe:player:43ba4f6beb2d73408cb2fcebd67b1ff"",""playerBId"":""oe:player:d623bb25dc94f5a8dfdab2689ac5615"",""playerA"":""Teiyon"",""playerB"":""TheCheeng"",""stats"":{""eligible"":false,""n_games_total"":12.0,""n_games"":6.0,""n_days"":6.0,""mean_impact"":0.22946613,""shrunk_impact"":0.0860498,""ci_low"":-0.0232492,""ci_high"":0.27401422,""win_rate"":0.16666667}},""value"":0.0860498},{""row"":3,""col"":1,""kind"":""sparse"",""pair"":{""id"":""pair-b55db0bf1cb37b46"",""teamId"":""oe:team:23dda07cf3e2a786d6b300cc78a1cf6"",""teamName"":""GGEsports"",""playerAId"":""oe:player:43ba4f6beb2d73408cb2fcebd67b1ff"",""playerBId"":""oe:player:c7673cc6a75e1633240f751f871ef49"",""playerA"":""Teiyon"",""playerB"":""Navatar"",""stats"":{""eligible"":false,""n_games_total"":13.0,""n_games"":7.0,""n_days"":7.0,""mean_impact"":-0.06451089,""shrunk_impact"":-0.02656331,""ci_low"":-0.12239395,""ci_high"":0.12382979,""win_rate"":0.14285714}},""value"":-0.02656331},{""row"":3,""col"":2,""kind"":""missing"",""pair"":{""id"":""pair-d6312167a2350d8e"",""teamId"":""oe:team:23dda07cf3e2a786d6b300cc78a1cf6"",""teamName"":""GGEsports"",""playerAId"":""oe:player:43ba4f6beb2d73408cb2fcebd67b1ff"",""playerBId"":""oe:player:4b6557e79af901ff0372a85f848ccb8"",""playerA"":""Teiyon"",""playerB"":""Dream Maker"",""stats"":{""eligible"":false,""n_games_total"":6.0,""n_games"":0.0,""n_days"":0.0,""mean_impact"":null,""shrunk_impact"":null,""ci_low"":null,""ci_high"":null,""win_rate"":null}},""value"":null},{""row"":3,""col"":3,""kind"":""self"",""pair"":null,""value"":null},{""row"":3,""col"":4,""kind"":""sparse"",""pair"":{""id"":""pair-80067d0526c82f4b"",""teamId"":""oe:team:23dda07cf3e2a786d6b300cc78a1cf6"",""teamName"":""GGEsports"",""playerAId"":""oe:player:43ba4f6beb2d73408cb2fcebd67b1ff"",""playerBId"":""oe:player:e30062a89c547678e8bdba69edf2295"",""playerA"":""Teiyon"",""playerB"":""ItSir"",""stats"":{""eligible"":false,""n_games_total"":4.0,""n_games"":2.0,""n_days"":2.0,""mean_impact"":-0.0968194,""shrunk_impact"":-0.01613657,""ci_low"":null,""ci_high"":null,""win_rate"":0.0}},""value"":-0.01613657},{""row"":4,""col"":0,""kind"":""sparse"",""pair"":{""id"":""pair-63aa8fc6894cba1a"",""teamId"":""oe:team:23dda07cf3e2a786d6b300cc78a1cf6"",""teamName"":""GGEsports"",""playerAId"":""oe:player:d623bb25dc94f5a8dfdab2689ac5615"",""playerBId"":""oe:player:e30062a89c547678e8bdba69edf2295"",""playerA"":""TheCheeng"",""playerB"":""ItSir"",""stats"":{""eligible"":false,""n_games_total"":3.0,""n_games"":1.0,""n_days"":1.0,""mean_impact"":0.51069521,""shrunk_impact"":0.04642684,""ci_low"":null,""ci_high"":null,""win_rate"":0.0}},""value"":0.04642684},{""row"":4,""col"":1,""kind"":""sparse"",""pair"":{""id"":""pair-079c09e630834f85"",""teamId"":""oe:team:23dda07cf3e2a786d6b300cc78a1cf6"",""teamName"":""GGEsports"",""playerAId"":""oe:player:c7673cc6a75e1633240f751f871ef49"",""playerBId"":""oe:player:e30062a89c547678e8bdba69edf2295"",""playerA"":""Navatar"",""playerB"":""ItSir"",""stats"":{""eligible"":false,""n_games_total"":4.0,""n_games"":2.0,""n_days"":2.0,""mean_impact"":-0.19900197,""shrunk_impact"":-0.033167,""ci_low"":null,""ci_high"":null,""win_rate"":0.0}},""value"":-0.033167},{""row"":4,""col"":2,""kind"":""missing"",""pair"":{""id"":""pair-cb8e3bb6a9d96c8f"",""teamId"":""oe:team:23dda07cf3e2a786d6b300cc78a1cf6"",""teamName"":""GGEsports"",""playerAId"":""oe:player:4b6557e79af901ff0372a85f848ccb8"",""playerBId"":""oe:player:e30062a89c547678e8bdba69edf2295"",""playerA"":""Dream Maker"",""playerB"":""ItSir"",""stats"":{""eligible"":false,""n_games_total"":2.0,""n_games"":0.0,""n_days"":0.0,""mean_impact"":null,""shrunk_impact"":null,""ci_low"":null,""ci_high"":null,""win_rate"":null}},""value"":null},{""row"":4,""col"":3,""kind"":""sparse"",""pair"":{""id"":""pair-80067d0526c82f4b"",""teamId"":""oe:team:23dda07cf3e2a786d6b300cc78a1cf6"",""teamName"":""GGEsports"",""playerAId"":""oe:player:43ba4f6beb2d73408cb2fcebd67b1ff"",""playerBId"":""oe:player:e30062a89c547678e8bdba69edf2295"",""playerA"":""Teiyon"",""playerB"":""ItSir"",""stats"":{""eligible"":false,""n_games_total"":4.0,""n_games"":2.0,""n_days"":2.0,""mean_impact"":-0.0968194,""shrunk_impact"":-0.01613657,""ci_low"":null,""ci_high"":null,""win_rate"":0.0}},""value"":-0.01613657},{""row"":4,""col"":4,""kind"":""self"",""pair"":null,""value"":null}],""limit"":0.15,""hasEligiblePair"":false}"
lineup-65adc52be0a60478,oe:team:ee569c9f5e85fba8fcf57d51b1b78ed,DREN Esports,2023,oe:player:4b54bd2134c923b7b6a9bab64ef00cd,Dreampull,oe:player:2255ff4942064b8bcd54c7f27267683,MxDragon,oe:player:b8c5bfbff49a0f1459f1c15d824fde7,Sebekx,oe:player:ae47062e8906d12c9f92a2ec49fce87,Endz,oe:player:96215ee4e13a67c2ac7336f26afeeb9,Wendel,2,0,0,,,,,False,,,,,,,,,,,,,,,,"{""version"":1,""players"":[{""id"":""oe:player:4b54bd2134c923b7b6a9bab64ef00cd"",""name"":""Dreampull"",""role"":""top""},{""id"":""oe:player:2255ff4942064b8bcd54c7f27267683"",""name"":""MxDragon"",""role"":""jng""},{""id"":""oe:player:b8c5bfbff49a0f1459f1c15d824fde7"",""name"":""Sebekx"",""role"":""mid""},{""id"":""oe:player:ae47062e8906d12c9f92a2ec49fce87"",""name"":""Endz"",""role"":""bot""},{""id"":""oe:player:96215ee4e13a67c2ac7336f26afeeb9"",""name"":""Wendel"",""role"":""sup""}],""cells"":[{""row"":0,""col"":0,""kind"":""self"",""pair"":null,""value"":null},{""row"":0,""col"":1,""kind"":""sparse"",""pair"":{""id"":""pair-330aff8cc9de2396"",""teamId"":""oe:team:ee569c9f5e85fba8fcf57d51b1b78ed"",""teamName"":""DREN Esports"",""playerAId"":""oe:player:2255ff4942064b8bcd54c7f27267683"",""playerBId"":""oe:player:4b54bd2134c923b7b6a9bab64ef00cd"",""playerA"":""MxDragon"",""playerB"":""Dreampull"",""stats"":{""eligible"":false,""n_games_total"":9.0,""n_games"":3.0,""n_days"":3.0,""mean_impact"":-0.66392229,""shrunk_impact"":-0.15321284,""ci_low"":-0.30304739,""ci_high"":0.04629054,""win_rate"":0.66666667}},""value"":-0.15321284},{""row"":0,""col"":2,""kind"":""sparse"",""pair"":{""id"":""pair-949f17efb59449b3"",""teamId"":""oe:team:ee569c9f5e85fba8fcf57d51b1b78ed"",""teamName"":""DREN Esports"",""playerAId"":""oe:player:4b54bd2134c923b7b6a9bab64ef00cd"",""playerBId"":""oe:player:b8c5bfbff49a0f1459f1c15d824fde7"",""playerA"":""Dreampull"",""playerB"":""Sebekx"",""stats"":{""eligible"":false,""n_games_total"":9.0,""n_games"":3.0,""n_days"":3.0,""mean_impact"":-0.82986164,""shrunk_impact"":-0.19150653,""ci_low"":-0.36063448,""ci_high"":0.02764982,""win_rate"":0.66666667}},""value"":-0.19150653},{""row"":0,""col"":3,""kind"":""sparse"",""pair"":{""id"":""pair-4084e6398175806c"",""teamId"":""oe:team:ee569c9f5e85fba8fcf57d51b1b78ed"",""teamName"":""DREN Esports"",""playerAId"":""oe:player:4b54bd2134c923b7b6a9bab64ef00cd"",""playerBId"":""oe:player:ae47062e8906d12c9f92a2ec49fce87"",""playerA"":""Dreampull"",""playerB"":""Endz"",""stats"":{""eligible"":false,""n_games_total"":9.0,""n_games"":3.0,""n_days"":3.0,""mean_impact"":-0.83981428,""shrunk_impact"":-0.19380329,""ci_low"":-0.31214903,""ci_high"":0.03938034,""win_rate"":0.66666667}},""value"":-0.19380329},{""row"":0,""col"":4,""kind"":""missing"",""pair"":{""id"":""pair-cbb9640df9c2144f"",""teamId"":""oe:team:ee569c9f5e85fba8fcf57d51b1b78ed"",""teamName"":""DREN Esports"",""playerAId"":""oe:player:4b54bd2134c923b7b6a9bab64ef00cd"",""playerBId"":""oe:player:96215ee4e13a67c2ac7336f26afeeb9"",""playerA"":""Dreampull"",""playerB"":""Wendel"",""stats"":{""eligible"":false,""n_games_total"":2.0,""n_games"":0.0,""n_days"":0.0,""mean_impact"":null,""shrunk_impact"":null,""ci_low"":null,""ci_high"":null,""win_rate"":null}},""value"":null},{""row"":1,""col"":0,""kind"":""sparse"",""pair"":{""id"":""pair-330aff8cc9de2396"",""teamId"":""oe:team:ee569c9f5e85fba8fcf57d51b1b78ed"",""teamName"":""DREN Esports"",""playerAId"":""oe:player:2255ff4942064b8bcd54c7f27267683"",""playerBId"":""oe:player:4b54bd2134c923b7b6a9bab64ef00cd"",""playerA"":""MxDragon"",""playerB"":""Dreampull"",""stats"":{""eligible"":false,""n_games_total"":9.0,""n_games"":3.0,""n_days"":3.0,""mean_impact"":-0.66392229,""shrunk_impact"":-0.15321284,""ci_low"":-0.30304739,""ci_high"":0.04629054,""win_rate"":0.66666667}},""value"":-0.15321284},{""row"":1,""col"":1,""kind"":""self"",""pair"":null,""value"":null},{""row"":1,""col"":2,""kind"":""sparse"",""pair"":{""id"":""pair-979225cb59a8ddb2"",""teamId"":""oe:team:ee569c9f5e85fba8fcf57d51b1b78ed"",""teamName"":""DREN Esports"",""playerAId"":""oe:player:2255ff4942064b8bcd54c7f27267683"",""playerBId"":""oe:player:b8c5bfbff49a0f1459f1c15d824fde7"",""playerA"":""MxDragon"",""playerB"":""Sebekx"",""stats"":{""eligible"":false,""n_games_total"":9.0,""n_games"":3.0,""n_days"":3.0,""mean_impact"":-0.26538775,""shrunk_impact"":-0.06124333,""ci_low"":-0.28444352,""ci_high"":0.16009878,""win_rate"":0.66666667}},""value"":-0.06124333},{""row"":1,""col"":3,""kind"":""sparse"",""pair"":{""id"":""pair-798c731d1fb30f81"",""teamId"":""oe:team:ee569c9f5e85fba8fcf57d51b1b78ed"",""teamName"":""DREN Esports"",""playerAId"":""oe:player:2255ff4942064b8bcd54c7f27267683"",""playerBId"":""oe:player:ae47062e8906d12c9f92a2ec49fce87"",""playerA"":""MxDragon"",""playerB"":""Endz"",""stats"":{""eligible"":false,""n_games_total"":9.0,""n_games"":3.0,""n_days"":3.0,""mean_impact"":-0.27534039,""shrunk_impact"":-0.06354009,""ci_low"":-0.23595807,""ci_high"":0.1718293,""win_rate"":0.66666667}},""value"":-0.06354009},{""row"":1,""col"":4,""kind"":""missing"",""pair"":{""id"":""pair-353e3a9ec4096a0e"",""teamId"":""oe:team:ee569c9f5e85fba8fcf57d51b1b78ed"",""teamName"":""DREN Esports"",""playerAId"":""oe:player:2255ff4942064b8bcd54c7f27267683"",""playerBId"":""oe:player:96215ee4e13a67c2ac7336f26afeeb9"",""playerA"":""MxDragon"",""playerB"":""Wendel"",""stats"":{""eligible"":false,""n_games_total"":2.0,""n_games"":0.0,""n_days"":0.0,""mean_impact"":null,""shrunk_impact"":null,""ci_low"":null,""ci_high"":null,""win_rate"":null}},""value"":null},{""row"":2,""col"":0,""kind"":""sparse"",""pair"":{""id"":""pair-949f17efb59449b3"",""teamId"":""oe:team:ee569c9f5e85fba8fcf57d51b1b78ed"",""teamName"":""DREN Esports"",""playerAId"":""oe:player:4b54bd2134c923b7b6a9bab64ef00cd"",""playerBId"":""oe:player:b8c5bfbff49a0f1459f1c15d824fde7"",""playerA"":""Dreampull"",""playerB"":""Sebekx"",""stats"":{""eligible"":false,""n_games_total"":9.0,""n_games"":3.0,""n_days"":3.0,""mean_impact"":-0.82986164,""shrunk_impact"":-0.19150653,""ci_low"":-0.36063448,""ci_high"":0.02764982,""win_rate"":0.66666667}},""value"":-0.19150653},{""row"":2,""col"":1,""kind"":""sparse"",""pair"":{""id"":""pair-979225cb59a8ddb2"",""teamId"":""oe:team:ee569c9f5e85fba8fcf57d51b1b78ed"",""teamName"":""DREN Esports"",""playerAId"":""oe:player:2255ff4942064b8bcd54c7f27267683"",""playerBId"":""oe:player:b8c5bfbff49a0f1459f1c15d824fde7"",""playerA"":""MxDragon"",""playerB"":""Sebekx"",""stats"":{""eligible"":false,""n_games_total"":9.0,""n_games"":3.0,""n_days"":3.0,""mean_impact"":-0.26538775,""shrunk_impact"":-0.06124333,""ci_low"":-0.28444352,""ci_high"":0.16009878,""win_rate"":0.66666667}},""value"":-0.06124333},{""row"":2,""col"":2,""kind"":""self"",""pair"":null,""value"":null},{""row"":2,""col"":3,""kind"":""sparse"",""pair"":{""id"":""pair-0ad41f7d8823bb84"",""teamId"":""oe:team:ee569c9f5e85fba8fcf57d51b1b78ed"",""teamName"":""DREN Esports"",""playerAId"":""oe:player:ae47062e8906d12c9f92a2ec49fce87"",""playerBId"":""oe:player:b8c5bfbff49a0f1459f1c15d824fde7"",""playerA"":""Endz"",""playerB"":""Sebekx"",""stats"":{""eligible"":false,""n_games_total"":9.0,""n_games"":3.0,""n_days"":3.0,""mean_impact"":-0.44127974,""shrunk_impact"":-0.10183379,""ci_low"":-0.29354517,""ci_high"":0.15318858,""win_rate"":0.66666667}},""value"":-0.10183379},{""row"":2,""col"":4,""kind"":""missing"",""pair"":{""id"":""pair-fce8da0211006ebc"",""teamId"":""oe:team:ee569c9f5e85fba8fcf57d51b1b78ed"",""teamName"":""DREN Esports"",""playerAId"":""oe:player:96215ee4e13a67c2ac7336f26afeeb9"",""playerBId"":""oe:player:b8c5bfbff49a0f1459f1c15d824fde7"",""playerA"":""Wendel"",""playerB"":""Sebekx"",""stats"":{""eligible"":false,""n_games_total"":2.0,""n_games"":0.0,""n_days"":0.0,""mean_impact"":null,""shrunk_impact"":null,""ci_low"":null,""ci_high"":null,""win_rate"":null}},""value"":null},{""row"":3,""col"":0,""kind"":""sparse"",""pair"":{""id"":""pair-4084e6398175806c"",""teamId"":""oe:team:ee569c9f5e85fba8fcf57d51b1b78ed"",""teamName"":""DREN Esports"",""playerAId"":""oe:player:4b54bd2134c923b7b6a9bab64ef00cd"",""playerBId"":""oe:player:ae47062e8906d12c9f92a2ec49fce87"",""playerA"":""Dreampull"",""playerB"":""Endz"",""stats"":{""eligible"":false,""n_games_total"":9.0,""n_games"":3.0,""n_days"":3.0,""mean_impact"":-0.83981428,""shrunk_impact"":-0.19380329,""ci_low"":-0.31214903,""ci_high"":0.03938034,""win_rate"":0.66666667}},""value"":-0.19380329},{""row"":3,""col"":1,""kind"":""sparse"",""pair"":{""id"":""pair-798c731d1fb30f81"",""teamId"":""oe:team:ee569c9f5e85fba8fcf57d51b1b78ed"",""teamName"":""DREN Esports"",""playerAId"":""oe:player:2255ff4942064b8bcd54c7f27267683"",""playerBId"":""oe:player:ae47062e8906d12c9f92a2ec49fce87"",""playerA"":""MxDragon"",""playerB"":""Endz"",""stats"":{""eligible"":false,""n_games_total"":9.0,""n_games"":3.0,""n_days"":3.0,""mean_impact"":-0.27534039,""shrunk_impact"":-0.06354009,""ci_low"":-0.23595807,""ci_high"":0.1718293,""win_rate"":0.66666667}},""value"":-0.06354009},{""row"":3,""col"":2,""kind"":""sparse"",""pair"":{""id"":""pair-0ad41f7d8823bb84"",""teamId"":""oe:team:ee569c9f5e85fba8fcf57d51b1b78ed"",""teamName"":""DREN Esports"",""playerAId"":""oe:player:ae47062e8906d12c9f92a2ec49fce87"",""playerBId"":""oe:player:b8c5bfbff49a0f1459f1c15d824fde7"",""playerA"":""Endz"",""playerB"":""Sebekx"",""stats"":{""eligible"":false,""n_games_total"":9.0,""n_games"":3.0,""n_days"":3.0,""mean_impact"":-0.44127974,""shrunk_impact"":-0.10183379,""ci_low"":-0.29354517,""ci_high"":0.15318858,""win_rate"":0.66666667}},""value"":-0.10183379},{""row"":3,""col"":3,""kind"":""self"",""pair"":null,""value"":null},{""row"":3,""col"":4,""kind"":""missing"",""pair"":{""id"":""pair-8c175ade9d5c542a"",""teamId"":""oe:team:ee569c9f5e85fba8fcf57d51b1b78ed"",""teamName"":""DREN Esports"",""playerAId"":""oe:player:96215ee4e13a67c2ac7336f26afeeb9"",""playerBId"":""oe:player:ae47062e8906d12c9f92a2ec49fce87"",""playerA"":""Wendel"",""playerB"":""Endz"",""stats"":{""eligible"":false,""n_games_total"":2.0,""n_games"":0.0,""n_days"":0.0,""mean_impact"":null,""shrunk_impact"":null,""ci_low"":null,""ci_high"":null,""win_rate"":null}},""value"":null},{""row"":4,""col"":0,""kind"":""missing"",""pair"":{""id"":""pair-cbb9640df9c2144f"",""teamId"":""oe:team:ee569c9f5e85fba8fcf57d51b1b78ed"",""teamName"":""DREN Esports"",""playerAId"":""oe:player:4b54bd2134c923b7b6a9bab64ef00cd"",""playerBId"":""oe:player:96215ee4e13a67c2ac7336f26afeeb9"",""playerA"":""Dreampull"",""playerB"":""Wendel"",""stats"":{""eligible"":false,""n_games_total"":2.0,""n_games"":0.0,""n_days"":0.0,""mean_impact"":null,""shrunk_impact"":null,""ci_low"":null,""ci_high"":null,""win_rate"":null}},""value"":null},{""row"":4,""col"":1,""kind"":""missing"",""pair"":{""id"":""pair-353e3a9ec4096a0e"",""teamId"":""oe:team:ee569c9f5e85fba8fcf57d51b1b78ed"",""teamName"":""DREN Esports"",""playerAId"":""oe:player:2255ff4942064b8bcd54c7f27267683"",""playerBId"":""oe:player:96215ee4e13a67c2ac7336f26afeeb9"",""playerA"":""MxDragon"",""playerB"":""Wendel"",""stats"":{""eligible"":false,""n_games_total"":2.0,""n_games"":0.0,""n_days"":0.0,""mean_impact"":null,""shrunk_impact"":null,""ci_low"":null,""ci_high"":null,""win_rate"":null}},""value"":null},{""row"":4,""col"":2,""kind"":""missing"",""pair"":{""id"":""pair-fce8da0211006ebc"",""teamId"":""oe:team:ee569c9f5e85fba8fcf57d51b1b78ed"",""teamName"":""DREN Esports"",""playerAId"":""oe:player:96215ee4e13a67c2ac7336f26afeeb9"",""playerBId"":""oe:player:b8c5bfbff49a0f1459f1c15d824fde7"",""playerA"":""Wendel"",""playerB"":""Sebekx"",""stats"":{""eligible"":false,""n_games_total"":2.0,""n_games"":0.0,""n_days"":0.0,""mean_impact"":null,""shrunk_impact"":null,""ci_low"":null,""ci_high"":null,""win_rate"":null}},""value"":null},{""row"":4,""col"":3,""kind"":""missing"",""pair"":{""id"":""pair-8c175ade9d5c542a"",""teamId"":""oe:team:ee569c9f5e85fba8fcf57d51b1b78ed"",""teamName"":""DREN Esports"",""playerAId"":""oe:player:96215ee4e13a67c2ac7336f26afeeb9"",""playerBId"":""oe:player:ae47062e8906d12c9f92a2ec49fce87"",""playerA"":""Wendel"",""playerB"":""Endz"",""stats"":{""eligible"":false,""n_games_total"":2.0,""n_games"":0.0,""n_days"":0.0,""mean_impact"":null,""shrunk_impact"":null,""ci_low"":null,""ci_high"":null,""win_rate"":null}},""value"":null},{""row"":4,""col"":4,""kind"":""self"",""pair"":null,""value"":null}],""limit"":0.19380329,""hasEligiblePair"":false}"
lineup-6dccbc26e8daeff3,oe:team:7894460f171d66e8ffc149c05b056a8,Cyberground Gaming,2023,oe:player:27b383e6eed837ff756c825f9e11468,Gabbo,oe:player:2255ff4942064b8bcd54c7f27267683,MxDragon,oe:player:b9b86ae0a307d8b5e501e7048f92be4,MGX,oe:player:4a8a150d1497b3daa66c2bdaffe2c43,Fatihcan,oe:player:10be1f35d8b5ea6babf916a6e7dd8a4,Fleshy,6,6,6,0.14147896,0.05305461,-0.11572239,0.20856947,False,0.66666667,516.49511574,1.38045645,0.20701094,0.24086314,0.19474416,0.18972674,0.18596962,0.13512386,0.22575900,0.28796965,0.24440393,0.29767779,0.14912328,0.08950196,"{""version"":1,""players"":[{""id"":""oe:player:27b383e6eed837ff756c825f9e11468"",""name"":""Gabbo"",""role"":""jng""},{""id"":""oe:player:2255ff4942064b8bcd54c7f27267683"",""name"":""MxDragon"",""role"":""jng""},{""id"":""oe:player:b9b86ae0a307d8b5e501e7048f92be4"",""name"":""MGX"",""role"":""mid""},{""id"":""oe:player:4a8a150d1497b3daa66c2bdaffe2c43"",""name"":""Fatihcan"",""role"":""bot""},{""id"":""oe:player:10be1f35d8b5ea6babf916a6e7dd8a4"",""name"":""Fleshy"",""role"":""sup""}],""cells"":[{""row"":0,""col"":0,""kind"":""self"",""pair"":null,""value"":null},{""row"":0,""col"":1,""kind"":""eligible"",""pair"":{""id"":""pair-77363d0279f3b57c"",""teamId"":""oe:team:7894460f171d66e8ffc149c05b056a8"",""teamName"":""Cyberground Gaming"",""playerAId"":""oe:player:2255ff4942064b8bcd54c7f27267683"",""playerBId"":""oe:player:27b383e6eed837ff756c825f9e11468"",""playerA"":""MxDragon"",""playerB"":""Gabbo"",""stats"":{""eligible"":true,""n_games_total"":18.0,""n_games"":18.0,""n_days"":15.0,""mean_impact"":-0.23063576,""shrunk_impact"":-0.14826585,""ci_low"":-0.30033992,""ci_high"":0.0316158,""win_rate"":0.44444444}},""value"":-0.14826585},{""row"":0,""col"":2,""kind"":""eligible"",""pair"":{""id"":""pair-704b7c392ae6f691"",""teamId"":""oe:team:7894460f171d66e8ffc149c05b056a8"",""teamName"":""Cyberground Gaming"",""playerAId"":""oe:player:27b383e6eed837ff756c825f9e11468"",""playerBId"":""oe:player:b9b86ae0a307d8b5e501e7048f92be4"",""playerA"":""Gabbo"",""playerB"":""MGX"",""stats"":{""eligible"":true,""n_games_total"":18.0,""n_games"":18.0,""n_days"":15.0,""mean_impact"":0.20716708,""shrunk_impact"":0.13317884,""ci_low"":-0.05530292,""ci_high"":0.35939039,""win_rate"":0.44444444}},""value"":0.13317884},{""row"":0,""col"":3,""kind"":""eligible"",""pair"":{""id"":""pair-06e861724a241f0a"",""teamId"":""oe:team:7894460f171d66e8ffc149c05b056a8"",""teamName"":""Cyberground Gaming"",""playerAId"":""oe:player:27b383e6eed837ff756c825f9e11468"",""playerBId"":""oe:player:4a8a150d1497b3daa66c2bdaffe2c43"",""playerA"":""Gabbo"",""playerB"":""Fatihcan"",""stats"":{""eligible"":true,""n_games_total"":18.0,""n_games"":18.0,""n_days"":15.0,""mean_impact"":0.0759639,""shrunk_impact"":0.04883394,""ci_low"":-0.11415115,""ci_high"":0.24090381,""win_rate"":0.44444444}},""value"":0.04883394},{""row"":0,""col"":4,""kind"":""sparse"",""pair"":{""id"":""pair-f1f246275b063a68"",""teamId"":""oe:team:7894460f171d66e8ffc149c05b056a8"",""teamName"":""Cyberground Gaming"",""playerAId"":""oe:player:10be1f35d8b5ea6babf916a6e7dd8a4"",""playerBId"":""oe:player:27b383e6eed837ff756c825f9e11468"",""playerA"":""Fleshy"",""playerB"":""Gabbo"",""stats"":{""eligible"":false,""n_games_total"":6.0,""n_games"":6.0,""n_days"":6.0,""mean_impact"":-0.14295013,""shrunk_impact"":-0.0536063,""ci_low"":-0.23122845,""ci_high"":0.10261795,""win_rate"":0.66666667}},""value"":-0.0536063},{""row"":1,""col"":0,""kind"":""eligible"",""pair"":{""id"":""pair-77363d0279f3b57c"",""teamId"":""oe:team:7894460f171d66e8ffc149c05b056a8"",""teamName"":""Cyberground Gaming"",""playerAId"":""oe:player:2255ff4942064b8bcd54c7f27267683"",""playerBId"":""oe:player:27b383e6eed837ff756c825f9e11468"",""playerA"":""MxDragon"",""playerB"":""Gabbo"",""stats"":{""eligible"":true,""n_games_total"":18.0,""n_games"":18.0,""n_days"":15.0,""mean_impact"":-0.23063576,""shrunk_impact"":-0.14826585,""ci_low"":-0.30033992,""ci_high"":0.0316158,""win_rate"":0.44444444}},""value"":-0.14826585},{""row"":1,""col"":1,""kind"":""self"",""pair"":null,""value"":null},{""row"":1,""col"":2,""kind"":""eligible"",""pair"":{""id"":""pair-125f4821630d685a"",""teamId"":""oe:team:7894460f171d66e8ffc149c05b056a8"",""teamName"":""Cyberground Gaming"",""playerAId"":""oe:player:2255ff4942064b8bcd54c7f27267683"",""playerBId"":""oe:player:b9b86ae0a307d8b5e501e7048f92be4"",""playerA"":""MxDragon"",""playerB"":""MGX"",""stats"":{""eligible"":true,""n_games_total"":18.0,""n_games"":18.0,""n_days"":15.0,""mean_impact"":0.09322613,""shrunk_impact"":0.05993109,""ci_low"":-0.13044303,""ci_high"":0.23180168,""win_rate"":0.44444444}},""value"":0.05993109},{""row"":1,""col"":3,""kind"":""eligible"",""pair"":{""id"":""pair-7fddc4212cb9a5f8"",""teamId"":""oe:team:7894460f171d66e8ffc149c05b056a8"",""teamName"":""Cyberground Gaming"",""playerAId"":""oe:player:2255ff4942064b8bcd54c7f27267683"",""playerBId"":""oe:player:4a8a150d1497b3daa66c2bdaffe2c43"",""playerA"":""MxDragon"",""playerB"":""Fatihcan"",""stats"":{""eligible"":true,""n_games_total"":18.0,""n_games"":18.0,""n_days"":15.0,""mean_impact"":-0.03797705,""shrunk_impact"":-0.02441382,""ci_low"":-0.21454328,""ci_high"":0.1652615,""win_rate"":0.44444444}},""value"":-0.02441382},{""row"":1,""col"":4,""kind"":""sparse"",""pair"":{""id"":""pair-059237b6738729ce"",""teamId"":""oe:team:7894460f171d66e8ffc149c05b056a8"",""teamName"":""Cyberground Gaming"",""playerAId"":""oe:player:10be1f35d8b5ea6babf916a6e7dd8a4"",""playerBId"":""oe:player:2255ff4942064b8bcd54c7f27267683"",""playerA"":""Fleshy"",""playerB"":""MxDragon"",""stats"":{""eligible"":false,""n_games_total"":6.0,""n_games"":6.0,""n_days"":6.0,""mean_impact"":-0.26808305,""shrunk_impact"":-0.10053114,""ci_low"":-0.27353276,""ci_high"":0.07341864,""win_rate"":0.66666667}},""value"":-0.10053114},{""row"":2,""col"":0,""kind"":""eligible"",""pair"":{""id"":""pair-704b7c392ae6f691"",""teamId"":""oe:team:7894460f171d66e8ffc149c05b056a8"",""teamName"":""Cyberground Gaming"",""playerAId"":""oe:player:27b383e6eed837ff756c825f9e11468"",""playerBId"":""oe:player:b9b86ae0a307d8b5e501e7048f92be4"",""playerA"":""Gabbo"",""playerB"":""MGX"",""stats"":{""eligible"":true,""n_games_total"":18.0,""n_games"":18.0,""n_days"":15.0,""mean_impact"":0.20716708,""shrunk_impact"":0.13317884,""ci_low"":-0.05530292,""ci_high"":0.35939039,""win_rate"":0.44444444}},""value"":0.13317884},{""row"":2,""col"":1,""kind"":""eligible"",""pair"":{""id"":""pair-125f4821630d685a"",""teamId"":""oe:team:7894460f171d66e8ffc149c05b056a8"",""teamName"":""Cyberground Gaming"",""playerAId"":""oe:player:2255ff4942064b8bcd54c7f27267683"",""playerBId"":""oe:player:b9b86ae0a307d8b5e501e7048f92be4"",""playerA"":""MxDragon"",""playerB"":""MGX"",""stats"":{""eligible"":true,""n_games_total"":18.0,""n_games"":18.0,""n_days"":15.0,""mean_impact"":0.09322613,""shrunk_impact"":0.05993109,""ci_low"":-0.13044303,""ci_high"":0.23180168,""win_rate"":0.44444444}},""value"":0.05993109},{""row"":2,""col"":2,""kind"":""self"",""pair"":null,""value"":null},{""row"":2,""col"":3,""kind"":""eligible"",""pair"":{""id"":""pair-328fcf1fd9c78435"",""teamId"":""oe:team:7894460f171d66e8ffc149c05b056a8"",""teamName"":""Cyberground Gaming"",""playerAId"":""oe:player:4a8a150d1497b3daa66c2bdaffe2c43"",""playerBId"":""oe:player:b9b86ae0a307d8b5e501e7048f92be4"",""playerA"":""Fatihcan"",""playerB"":""MGX"",""stats"":{""eligible"":true,""n_games_total"":18.0,""n_games"":18.0,""n_days"":15.0,""mean_impact"":0.3998258,""shrunk_impact"":0.25703087,""ci_low"":0.06618682,""ci_high"":0.43266332,""win_rate"":0.44444444}},""value"":0.25703087},{""row"":2,""col"":4,""kind"":""sparse"",""pair"":{""id"":""pair-ba36d959d3f962d4"",""teamId"":""oe:team:7894460f171d66e8ffc149c05b056a8"",""teamName"":""Cyberground Gaming"",""playerAId"":""oe:player:10be1f35d8b5ea6babf916a6e7dd8a4"",""playerBId"":""oe:player:b9b86ae0a307d8b5e501e7048f92be4"",""playerA"":""Fleshy"",""playerB"":""MGX"",""stats"":{""eligible"":false,""n_games_total"":6.0,""n_games"":6.0,""n_days"":6.0,""mean_impact"":0.23064879,""shrunk_impact"":0.0864933,""ci_low"":-0.07943077,""ci_high"":0.23950072,""win_rate"":0.66666667}},""value"":0.0864933},{""row"":3,""col"":0,""kind"":""eligible"",""pair"":{""id"":""pair-06e861724a241f0a"",""teamId"":""oe:team:7894460f171d66e8ffc149c05b056a8"",""teamName"":""Cyberground Gaming"",""playerAId"":""oe:player:27b383e6eed837ff756c825f9e11468"",""playerBId"":""oe:player:4a8a150d1497b3daa66c2bdaffe2c43"",""playerA"":""Gabbo"",""playerB"":""Fatihcan"",""stats"":{""eligible"":true,""n_games_total"":18.0,""n_games"":18.0,""n_days"":15.0,""mean_impact"":0.0759639,""shrunk_impact"":0.04883394,""ci_low"":-0.11415115,""ci_high"":0.24090381,""win_rate"":0.44444444}},""value"":0.04883394},{""row"":3,""col"":1,""kind"":""eligible"",""pair"":{""id"":""pair-7fddc4212cb9a5f8"",""teamId"":""oe:team:7894460f171d66e8ffc149c05b056a8"",""teamName"":""Cyberground Gaming"",""playerAId"":""oe:player:2255ff4942064b8bcd54c7f27267683"",""playerBId"":""oe:player:4a8a150d1497b3daa66c2bdaffe2c43"",""playerA"":""MxDragon"",""playerB"":""Fatihcan"",""stats"":{""eligible"":true,""n_games_total"":18.0,""n_games"":18.0,""n_days"":15.0,""mean_impact"":-0.03797705,""shrunk_impact"":-0.02441382,""ci_low"":-0.21454328,""ci_high"":0.1652615,""win_rate"":0.44444444}},""value"":-0.02441382},{""row"":3,""col"":2,""kind"":""eligible"",""pair"":{""id"":""pair-328fcf1fd9c78435"",""teamId"":""oe:team:7894460f171d66e8ffc149c05b056a8"",""teamName"":""Cyberground Gaming"",""playerAId"":""oe:player:4a8a150d1497b3daa66c2bdaffe2c43"",""playerBId"":""oe:player:b9b86ae0a307d8b5e501e7048f92be4"",""playerA"":""Fatihcan"",""playerB"":""MGX"",""stats"":{""eligible"":true,""n_games_total"":18.0,""n_games"":18.0,""n_days"":15.0,""mean_impact"":0.3998258,""shrunk_impact"":0.25703087,""ci_low"":0.06618682,""ci_high"":0.43266332,""win_rate"":0.44444444}},""value"":0.25703087},{""row"":3,""col"":3,""kind"":""self"",""pair"":null,""value"":null},{""row"":3,""col"":4,""kind"":""sparse"",""pair"":{""id"":""pair-a0fe7cd52a3cac15"",""teamId"":""oe:team:7894460f171d66e8ffc149c05b056a8"",""teamName"":""Cyberground Gaming"",""playerAId"":""oe:player:10be1f35d8b5ea6babf916a6e7dd8a4"",""playerBId"":""oe:player:4a8a150d1497b3daa66c2bdaffe2c43"",""playerA"":""Fleshy"",""playerB"":""Fatihcan"",""stats"":{""eligible"":false,""n_games_total"":6.0,""n_games"":6.0,""n_days"":6.0,""mean_impact"":0.24327325,""shrunk_impact"":0.09122747,""ci_low"":-0.11123314,""ci_high"":0.28356665,""win_rate"":0.66666667}},""value"":0.09122747},{""row"":4,""col"":0,""kind"":""sparse"",""pair"":{""id"":""pair-f1f246275b063a68"",""teamId"":""oe:team:7894460f171d66e8ffc149c05b056a8"",""teamName"":""Cyberground Gaming"",""playerAId"":""oe:player:10be1f35d8b5ea6babf916a6e7dd8a4"",""playerBId"":""oe:player:27b383e6eed837ff756c825f9e11468"",""playerA"":""Fleshy"",""playerB"":""Gabbo"",""stats"":{""eligible"":false,""n_games_total"":6.0,""n_games"":6.0,""n_days"":6.0,""mean_impact"":-0.14295013,""shrunk_impact"":-0.0536063,""ci_low"":-0.23122845,""ci_high"":0.10261795,""win_rate"":0.66666667}},""value"":-0.0536063},{""row"":4,""col"":1,""kind"":""sparse"",""pair"":{""id"":""pair-059237b6738729ce"",""teamId"":""oe:team:7894460f171d66e8ffc149c05b056a8"",""teamName"":""Cyberground Gaming"",""playerAId"":""oe:player:10be1f35d8b5ea6babf916a6e7dd8a4"",""playerBId"":""oe:player:2255ff4942064b8bcd54c7f27267683"",""playerA"":""Fleshy"",""playerB"":""MxDragon"",""stats"":{""eligible"":false,""n_games_total"":6.0,""n_games"":6.0,""n_days"":6.0,""mean_impact"":-0.26808305,""shrunk_impact"":-0.10053114,""ci_low"":-0.27353276,""ci_high"":0.07341864,""win_rate"":0.66666667}},""value"":-0.10053114},{""row"":4,""col"":2,""kind"":""sparse"",""pair"":{""id"":""pair-ba36d959d3f962d4"",""teamId"":""oe:team:7894460f171d66e8ffc149c05b056a8"",""teamName"":""Cyberground Gaming"",""playerAId"":""oe:player:10be1f35d8b5ea6babf916a6e7dd8a4"",""playerBId"":""oe:player:b9b86ae0a307d8b5e501e7048f92be4"",""playerA"":""Fleshy"",""playerB"":""MGX"",""stats"":{""eligible"":false,""n_games_total"":6.0,""n_games"":6.0,""n_days"":6.0,""mean_impact"":0.23064879,""shrunk_impact"":0.0864933,""ci_low"":-0.07943077,""ci_high"":0.23950072,""win_rate"":0.66666667}},""value"":0.0864933},{""row"":4,""col"":3,""kind"":""sparse"",""pair"":{""id"":""pair-a0fe7cd52a3cac15"",""teamId"":""oe:team:7894460f171d66e8ffc149c05b056a8"",""teamName"":""Cyberground Gaming"",""playerAId"":""oe:player:10be1f35d8b5ea6babf916a6e7dd8a4"",""playerBId"":""oe:player:4a8a150d1497b3daa66c2bdaffe2c43"",""playerA"":""Fleshy"",""playerB"":""Fatihcan"",""stats"":{""eligible"":false,""n_games_total"":6.0,""n_games"":6.0,""n_days"":6.0,""mean_impact"":0.24327325,""shrunk_impact"":0.09122747,""ci_low"":-0.11123314,""ci_high"":0.28356665,""win_rate"":0.66666667}},""value"":0.09122747},{""row"":4,""col"":4,""kind"":""self"",""pair"":null,""value"":null}],""limit"":0.25703087,""hasEligiblePair"":true}"
lineup-70cc0fc0064fd99e,oe:team:23dda07cf3e2a786d6b300cc78a1cf6,GGEsports,2023,oe:player:d623bb25dc94f5a8dfdab2689ac5615,TheCheeng,oe:player:c7673cc6a75e1633240f751f871ef49,Navatar,oe:player:4b6557e79af901ff0372a85f848ccb8,Dream Maker,oe:player:43ba4f6beb2d73408cb2fcebd67b1ff,Teiyon,oe:player:b7fe50d252f0ea8a99edc0dfb504b4d,JeppeHou,4,0,0,,,,,False,,,,,,,,,,,,,,,,"{""version"":1,""players"":[{""id"":""oe:player:d623bb25dc94f5a8dfdab2689ac5615"",""name"":""TheCheeng"",""role"":""top""},{""id"":""oe:player:c7673cc6a75e1633240f751f871ef49"",""name"":""Navatar"",""role"":""jng""},{""id"":""oe:player:4b6557e79af901ff0372a85f848ccb8"",""name"":""Dream Maker"",""role"":""mid""},{""id"":""oe:player:43ba4f6beb2d73408cb2fcebd67b1ff"",""name"":""Teiyon"",""role"":""bot""},{""id"":""oe:player:b7fe50d252f0ea8a99edc0dfb504b4d"",""name"":""JeppeHou"",""role"":""sup""}],""cells"":[{""row"":0,""col"":0,""kind"":""self"",""pair"":null,""value"":null},{""row"":0,""col"":1,""kind"":""sparse"",""pair"":{""id"":""pair-68a629225cf44299"",""teamId"":""oe:team:23dda07cf3e2a786d6b300cc78a1cf6"",""teamName"":""GGEsports"",""playerAId"":""oe:player:c7673cc6a75e1633240f751f871ef49"",""playerBId"":""oe:player:d623bb25dc94f5a8dfdab2689ac5615"",""playerA"":""Navatar"",""playerB"":""TheCheeng"",""stats"":{""eligible"":false,""n_games_total"":12.0,""n_games"":6.0,""n_days"":6.0,""mean_impact"":0.07154274,""shrunk_impact"":0.02682853,""ci_low"":-0.0712982,""ci_high"":0.13195508,""win_rate"":0.16666667}},""value"":0.02682853},{""row"":0,""col"":2,""kind"":""missing"",""pair"":{""id"":""pair-40a187dd142a0b5b"",""teamId"":""oe:team:23dda07cf3e2a786d6b300cc78a1cf6"",""teamName"":""GGEsports"",""playerAId"":""oe:player:4b6557e79af901ff0372a85f848ccb8"",""playerBId"":""oe:player:d623bb25dc94f5a8dfdab2689ac5615"",""playerA"":""Dream Maker"",""playerB"":""TheCheeng"",""stats"":{""eligible"":false,""n_games_total"":6.0,""n_games"":0.0,""n_days"":0.0,""mean_impact"":null,""shrunk_impact"":null,""ci_low"":null,""ci_high"":null,""win_rate"":null}},""value"":null},{""row"":0,""col"":3,""kind"":""sparse"",""pair"":{""id"":""pair-18a756a7a344aef6"",""teamId"":""oe:team:23dda07cf3e2a786d6b300cc78a1cf6"",""teamName"":""GGEsports"",""playerAId"":""oe:player:43ba4f6beb2d73408cb2fcebd67b1ff"",""playerBId"":""oe:player:d623bb25dc94f5a8dfdab2689ac5615"",""playerA"":""Teiyon"",""playerB"":""TheCheeng"",""stats"":{""eligible"":false,""n_games_total"":12.0,""n_games"":6.0,""n_days"":6.0,""mean_impact"":0.22946613,""shrunk_impact"":0.0860498,""ci_low"":-0.0232492,""ci_high"":0.27401422,""win_rate"":0.16666667}},""value"":0.0860498},{""row"":0,""col"":4,""kind"":""sparse"",""pair"":{""id"":""pair-15a1a6ae56416375"",""teamId"":""oe:team:23dda07cf3e2a786d6b300cc78a1cf6"",""teamName"":""GGEsports"",""playerAId"":""oe:player:b7fe50d252f0ea8a99edc0dfb504b4d"",""playerBId"":""oe:player:d623bb25dc94f5a8dfdab2689ac5615"",""playerA"":""JeppeHou"",""playerB"":""TheCheeng"",""stats"":{""eligible"":false,""n_games_total"":10.0,""n_games"":6.0,""n_days"":6.0,""mean_impact"":0.79575479,""shrunk_impact"":0.29840805,""ci_low"":0.08738646,""ci_high"":0.56774666,""win_rate"":0.16666667}},""value"":0.29840805},{""row"":1,""col"":0,""kind"":""sparse"",""pair"":{""id"":""pair-68a629225cf44299"",""teamId"":""oe:team:23dda07cf3e2a786d6b300cc78a1cf6"",""teamName"":""GGEsports"",""playerAId"":""oe:player:c7673cc6a75e1633240f751f871ef49"",""playerBId"":""oe:player:d623bb25dc94f5a8dfdab2689ac5615"",""playerA"":""Navatar"",""playerB"":""TheCheeng"",""stats"":{""eligible"":false,""n_games_total"":12.0,""n_games"":6.0,""n_days"":6.0,""mean_impact"":0.07154274,""shrunk_impact"":0.02682853,""ci_low"":-0.0712982,""ci_high"":0.13195508,""win_rate"":0.16666667}},""value"":0.02682853},{""row"":1,""col"":1,""kind"":""self"",""pair"":null,""value"":null},{""row"":1,""col"":2,""kind"":""missing"",""pair"":{""id"":""pair-12c3310b12f0747f"",""teamId"":""oe:team:23dda07cf3e2a786d6b300cc78a1cf6"",""teamName"":""GGEsports"",""playerAId"":""oe:player:4b6557e79af901ff0372a85f848ccb8"",""playerBId"":""oe:player:c7673cc6a75e1633240f751f871ef49"",""playerA"":""Dream Maker"",""playerB"":""Navatar"",""stats"":{""eligible"":false,""n_games_total"":6.0,""n_games"":0.0,""n_days"":0.0,""mean_impact"":null,""shrunk_impact"":null,""ci_low"":null,""ci_high"":null,""win_rate"":null}},""value"":null},{""row"":1,""col"":3,""kind"":""sparse"",""pair"":{""id"":""pair-b55db0bf1cb37b46"",""teamId"":""oe:team:23dda07cf3e2a786d6b300cc78a1cf6"",""teamName"":""GGEsports"",""playerAId"":""oe:player:43ba4f6beb2d73408cb2fcebd67b1ff"",""playerBId"":""oe:player:c7673cc6a75e1633240f751f871ef49"",""playerA"":""Teiyon"",""playerB"":""Navatar"",""stats"":{""eligible"":false,""n_games_total"":13.0,""n_games"":7.0,""n_days"":7.0,""mean_impact"":-0.06451089,""shrunk_impact"":-0.02656331,""ci_low"":-0.12239395,""ci_high"":0.12382979,""win_rate"":0.14285714}},""value"":-0.02656331},{""row"":1,""col"":4,""kind"":""sparse"",""pair"":{""id"":""pair-1c09c6f90c412bdb"",""teamId"":""oe:team:23dda07cf3e2a786d6b300cc78a1cf6"",""teamName"":""GGEsports"",""playerAId"":""oe:player:b7fe50d252f0ea8a99edc0dfb504b4d"",""playerBId"":""oe:player:c7673cc6a75e1633240f751f871ef49"",""playerA"":""JeppeHou"",""playerB"":""Navatar"",""stats"":{""eligible"":false,""n_games_total"":11.0,""n_games"":7.0,""n_days"":7.0,""mean_impact"":0.41287774,""shrunk_impact"":0.17000848,""ci_low"":-0.02982205,""ci_high"":0.3980769,""win_rate"":0.14285714}},""value"":0.17000848},{""row"":2,""col"":0,""kind"":""missing"",""pair"":{""id"":""pair-40a187dd142a0b5b"",""teamId"":""oe:team:23dda07cf3e2a786d6b300cc78a1cf6"",""teamName"":""GGEsports"",""playerAId"":""oe:player:4b6557e79af901ff0372a85f848ccb8"",""playerBId"":""oe:player:d623bb25dc94f5a8dfdab2689ac5615"",""playerA"":""Dream Maker"",""playerB"":""TheCheeng"",""stats"":{""eligible"":false,""n_games_total"":6.0,""n_games"":0.0,""n_days"":0.0,""mean_impact"":null,""shrunk_impact"":null,""ci_low"":null,""ci_high"":null,""win_rate"":null}},""value"":null},{""row"":2,""col"":1,""kind"":""missing"",""pair"":{""id"":""pair-12c3310b12f0747f"",""teamId"":""oe:team:23dda07cf3e2a786d6b300cc78a1cf6"",""teamName"":""GGEsports"",""playerAId"":""oe:player:4b6557e79af901ff0372a85f848ccb8"",""playerBId"":""oe:player:c7673cc6a75e1633240f751f871ef49"",""playerA"":""Dream Maker"",""playerB"":""Navatar"",""stats"":{""eligible"":false,""n_games_total"":6.0,""n_games"":0.0,""n_days"":0.0,""mean_impact"":null,""shrunk_impact"":null,""ci_low"":null,""ci_high"":null,""win_rate"":null}},""value"":null},{""row"":2,""col"":2,""kind"":""self"",""pair"":null,""value"":null},{""row"":2,""col"":3,""kind"":""missing"",""pair"":{""id"":""pair-d6312167a2350d8e"",""teamId"":""oe:team:23dda07cf3e2a786d6b300cc78a1cf6"",""teamName"":""GGEsports"",""playerAId"":""oe:player:43ba4f6beb2d73408cb2fcebd67b1ff"",""playerBId"":""oe:player:4b6557e79af901ff0372a85f848ccb8"",""playerA"":""Teiyon"",""playerB"":""Dream Maker"",""stats"":{""eligible"":false,""n_games_total"":6.0,""n_games"":0.0,""n_days"":0.0,""mean_impact"":null,""shrunk_impact"":null,""ci_low"":null,""ci_high"":null,""win_rate"":null}},""value"":null},{""row"":2,""col"":4,""kind"":""missing"",""pair"":{""id"":""pair-3114a3cc4f181149"",""teamId"":""oe:team:23dda07cf3e2a786d6b300cc78a1cf6"",""teamName"":""GGEsports"",""playerAId"":""oe:player:4b6557e79af901ff0372a85f848ccb8"",""playerBId"":""oe:player:b7fe50d252f0ea8a99edc0dfb504b4d"",""playerA"":""Dream Maker"",""playerB"":""JeppeHou"",""stats"":{""eligible"":false,""n_games_total"":4.0,""n_games"":0.0,""n_days"":0.0,""mean_impact"":null,""shrunk_impact"":null,""ci_low"":null,""ci_high"":null,""win_rate"":null}},""value"":null},{""row"":3,""col"":0,""kind"":""sparse"",""pair"":{""id"":""pair-18a756a7a344aef6"",""teamId"":""oe:team:23dda07cf3e2a786d6b300cc78a1cf6"",""teamName"":""GGEsports"",""playerAId"":""oe:player:43ba4f6beb2d73408cb2fcebd67b1ff"",""playerBId"":""oe:player:d623bb25dc94f5a8dfdab2689ac5615"",""playerA"":""Teiyon"",""playerB"":""TheCheeng"",""stats"":{""eligible"":false,""n_games_total"":12.0,""n_games"":6.0,""n_days"":6.0,""mean_impact"":0.22946613,""shrunk_impact"":0.0860498,""ci_low"":-0.0232492,""ci_high"":0.27401422,""win_rate"":0.16666667}},""value"":0.0860498},{""row"":3,""col"":1,""kind"":""sparse"",""pair"":{""id"":""pair-b55db0bf1cb37b46"",""teamId"":""oe:team:23dda07cf3e2a786d6b300cc78a1cf6"",""teamName"":""GGEsports"",""playerAId"":""oe:player:43ba4f6beb2d73408cb2fcebd67b1ff"",""playerBId"":""oe:player:c7673cc6a75e1633240f751f871ef49"",""playerA"":""Teiyon"",""playerB"":""Navatar"",""stats"":{""eligible"":false,""n_games_total"":13.0,""n_games"":7.0,""n_days"":7.0,""mean_impact"":-0.06451089,""shrunk_impact"":-0.02656331,""ci_low"":-0.12239395,""ci_high"":0.12382979,""win_rate"":0.14285714}},""value"":-0.02656331},{""row"":3,""col"":2,""kind"":""missing"",""pair"":{""id"":""pair-d6312167a2350d8e"",""teamId"":""oe:team:23dda07cf3e2a786d6b300cc78a1cf6"",""teamName"":""GGEsports"",""playerAId"":""oe:player:43ba4f6beb2d73408cb2fcebd67b1ff"",""playerBId"":""oe:player:4b6557e79af901ff0372a85f848ccb8"",""playerA"":""Teiyon"",""playerB"":""Dream Maker"",""stats"":{""eligible"":false,""n_games_total"":6.0,""n_games"":0.0,""n_days"":0.0,""mean_impact"":null,""shrunk_impact"":null,""ci_low"":null,""ci_high"":null,""win_rate"":null}},""value"":null},{""row"":3,""col"":3,""kind"":""self"",""pair"":null,""value"":null},{""row"":3,""col"":4,""kind"":""sparse"",""pair"":{""id"":""pair-59c19b43dc5905aa"",""teamId"":""oe:team:23dda07cf3e2a786d6b300cc78a1cf6"",""teamName"":""GGEsports"",""playerAId"":""oe:player:43ba4f6beb2d73408cb2fcebd67b1ff"",""playerBId"":""oe:player:b7fe50d252f0ea8a99edc0dfb504b4d"",""playerA"":""Teiyon"",""playerB"":""JeppeHou"",""stats"":{""eligible"":false,""n_games_total"":11.0,""n_games"":7.0,""n_days"":7.0,""mean_impact"":0.62450797,""shrunk_impact"":0.25715034,""ci_low"":0.01239322,""ci_high"":0.56036934,""win_rate"":0.14285714}},""value"":0.25715034},{""row"":4,""col"":0,""kind"":""sparse"",""pair"":{""id"":""pair-15a1a6ae56416375"",""teamId"":""oe:team:23dda07cf3e2a786d6b300cc78a1cf6"",""teamName"":""GGEsports"",""playerAId"":""oe:player:b7fe50d252f0ea8a99edc0dfb504b4d"",""playerBId"":""oe:player:d623bb25dc94f5a8dfdab2689ac5615"",""playerA"":""JeppeHou"",""playerB"":""TheCheeng"",""stats"":{""eligible"":false,""n_games_total"":10.0,""n_games"":6.0,""n_days"":6.0,""mean_impact"":0.79575479,""shrunk_impact"":0.29840805,""ci_low"":0.08738646,""ci_high"":0.56774666,""win_rate"":0.16666667}},""value"":0.29840805},{""row"":4,""col"":1,""kind"":""sparse"",""pair"":{""id"":""pair-1c09c6f90c412bdb"",""teamId"":""oe:team:23dda07cf3e2a786d6b300cc78a1cf6"",""teamName"":""GGEsports"",""playerAId"":""oe:player:b7fe50d252f0ea8a99edc0dfb504b4d"",""playerBId"":""oe:player:c7673cc6a75e1633240f751f871ef49"",""playerA"":""JeppeHou"",""playerB"":""Navatar"",""stats"":{""eligible"":false,""n_games_total"":11.0,""n_games"":7.0,""n_days"":7.0,""mean_impact"":0.41287774,""shrunk_impact"":0.17000848,""ci_low"":-0.02982205,""ci_high"":0.3980769,""win_rate"":0.14285714}},""value"":0.17000848},{""row"":4,""col"":2,""kind"":""missing"",""pair"":{""id"":""pair-3114a3cc4f181149"",""teamId"":""oe:team:23dda07cf3e2a786d6b300cc78a1cf6"",""teamName"":""GGEsports"",""playerAId"":""oe:player:4b6557e79af901ff0372a85f848ccb8"",""playerBId"":""oe:player:b7fe50d252f0ea8a99edc0dfb504b4d"",""playerA"":""Dream Maker"",""playerB"":""JeppeHou"",""stats"":{""eligible"":false,""n_games_total"":4.0,""n_games"":0.0,""n_days"":0.0,""mean_impact"":null,""shrunk_impact"":null,""ci_low"":null,""ci_high"":null,""win_rate"":null}},""value"":null},{""row"":4,""col"":3,""kind"":""sparse"",""pair"":{""id"":""pair-59c19b43dc5905aa"",""teamId"":""oe:team:23dda07cf3e2a786d6b300cc78a1cf6"",""teamName"":""GGEsports"",""playerAId"":""oe:player:43ba4f6beb2d73408cb2fcebd67b1ff"",""playerBId"":""oe:player:b7fe50d252f0ea8a99edc0dfb504b4d"",""playerA"":""Teiyon"",""playerB"":""JeppeHou"",""stats"":{""eligible"":false,""n_games_total"":11.0,""n_games"":7.0,""n_days"":7.0,""mean_impact"":0.62450797,""shrunk_impact"":0.25715034,""ci_low"":0.01239322,""ci_high"":0.56036934,""win_rate"":0.14285714}},""value"":0.25715034},{""row"":4,""col"":4,""kind"":""self"",""pair"":null,""value"":null}],""limit"":0.29840805,""hasEligiblePair"":false}"
lineup-787419da4afe36d6,oe:team:4e32226d1afb63dde4a39d02cb1cd0f,ENEMI3S,2023,oe:player:e72c863b7586a6b3a37e6e91339472d,kPr,oe:player:d6978cb4b12a5de75f68b2da2f55dc9,XnS,oe:player:080079ade773c7f23f7a15d3bc04b6f,Skaterot,oe:player:52c10360309e42ce286362204586160,Artenes,oe:player:cdc952e024c99837dc7af684adf322e,Joao,16,16,13,0.26588078,0.16361894,-0.05989097,0.36648011,True,0.31250000,522.89665879,1.24260905,0.20938484,0.25073768,0.22754932,0.27095961,0.21255855,0.22649417,0.21286614,0.23985752,0.22025840,0.20376717,0.12676759,0.05892154,"{""version"":1,""players"":[{""id"":""oe:player:e72c863b7586a6b3a37e6e91339472d"",""name"":""kPr"",""role"":""top""},{""id"":""oe:player:d6978cb4b12a5de75f68b2da2f55dc9"",""name"":""XnS"",""role"":""jng""},{""id"":""oe:player:080079ade773c7f23f7a15d3bc04b6f"",""name"":""Skaterot"",""role"":""mid""},{""id"":""oe:player:52c10360309e42ce286362204586160"",""name"":""Artenes"",""role"":""bot""},{""id"":""oe:player:cdc952e024c99837dc7af684adf322e"",""name"":""Joao"",""role"":""sup""}],""cells"":[{""row"":0,""col"":0,""kind"":""self"",""pair"":null,""value"":null},{""row"":0,""col"":1,""kind"":""eligible"",""pair"":{""id"":""pair-61b4b85ccc25b556"",""teamId"":""oe:team:4e32226d1afb63dde4a39d02cb1cd0f"",""teamName"":""ENEMI3S"",""playerAId"":""oe:player:d6978cb4b12a5de75f68b2da2f55dc9"",""playerBId"":""oe:player:e72c863b7586a6b3a37e6e91339472d"",""playerA"":""XnS"",""playerB"":""kPr"",""stats"":{""eligible"":true,""n_games_total"":23.0,""n_games"":23.0,""n_days"":20.0,""mean_impact"":0.68682506,""shrunk_impact"":0.47869625,""ci_low"":0.16528221,""ci_high"":0.77315844,""win_rate"":0.26086957}},""value"":0.47869625},{""row"":0,""col"":2,""kind"":""eligible"",""pair"":{""id"":""pair-2779f08925b40bee"",""teamId"":""oe:team:4e32226d1afb63dde4a39d02cb1cd0f"",""teamName"":""ENEMI3S"",""playerAId"":""oe:player:080079ade773c7f23f7a15d3bc04b6f"",""playerBId"":""oe:player:e72c863b7586a6b3a37e6e91339472d"",""playerA"":""Skaterot"",""playerB"":""kPr"",""stats"":{""eligible"":true,""n_games_total"":23.0,""n_games"":23.0,""n_days"":20.0,""mean_impact"":0.2937778,""shrunk_impact"":0.20475422,""ci_low"":-0.1243376,""ci_high"":0.54699239,""win_rate"":0.26086957}},""value"":0.20475422},{""row"":0,""col"":3,""kind"":""eligible"",""pair"":{""id"":""pair-3976e7136fc6e41b"",""teamId"":""oe:team:4e32226d1afb63dde4a39d02cb1cd0f"",""teamName"":""ENEMI3S"",""playerAId"":""oe:player:52c10360309e42ce286362204586160"",""playerBId"":""oe:player:e72c863b7586a6b3a37e6e91339472d"",""playerA"":""Artenes"",""playerB"":""kPr"",""stats"":{""eligible"":true,""n_games_total"":16.0,""n_games"":16.0,""n_days"":13.0,""mean_impact"":0.35139199,""shrunk_impact"":0.21624122,""ci_low"":-0.10405768,""ci_high"":0.5078335,""win_rate"":0.3125}},""value"":0.21624122},{""row"":0,""col"":4,""kind"":""eligible"",""pair"":{""id"":""pair-903ce99ef325c129"",""teamId"":""oe:team:4e32226d1afb63dde4a39d02cb1cd0f"",""teamName"":""ENEMI3S"",""playerAId"":""oe:player:cdc952e024c99837dc7af684adf322e"",""playerBId"":""oe:player:e72c863b7586a6b3a37e6e91339472d"",""playerA"":""Joao"",""playerB"":""kPr"",""stats"":{""eligible"":true,""n_games_total"":23.0,""n_games"":23.0,""n_days"":20.0,""mean_impact"":0.20834613,""shrunk_impact"":0.14521094,""ci_low"":-0.10345244,""ci_high"":0.41156223,""win_rate"":0.26086957}},""value"":0.14521094},{""row"":1,""col"":0,""kind"":""eligible"",""pair"":{""id"":""pair-61b4b85ccc25b556"",""teamId"":""oe:team:4e32226d1afb63dde4a39d02cb1cd0f"",""teamName"":""ENEMI3S"",""playerAId"":""oe:player:d6978cb4b12a5de75f68b2da2f55dc9"",""playerBId"":""oe:player:e72c863b7586a6b3a37e6e91339472d"",""playerA"":""XnS"",""playerB"":""kPr"",""stats"":{""eligible"":true,""n_games_total"":23.0,""n_games"":23.0,""n_days"":20.0,""mean_impact"":0.68682506,""shrunk_impact"":0.47869625,""ci_low"":0.16528221,""ci_high"":0.77315844,""win_rate"":0.26086957}},""value"":0.47869625},{""row"":1,""col"":1,""kind"":""self"",""pair"":null,""value"":null},{""row"":1,""col"":2,""kind"":""eligible"",""pair"":{""id"":""pair-1dc5a9c0ea1ec3f1"",""teamId"":""oe:team:4e32226d1afb63dde4a39d02cb1cd0f"",""teamName"":""ENEMI3S"",""playerAId"":""oe:player:080079ade773c7f23f7a15d3bc04b6f"",""playerBId"":""oe:player:d6978cb4b12a5de75f68b2da2f55dc9"",""playerA"":""Skaterot"",""playerB"":""XnS"",""stats"":{""eligible"":true,""n_games_total"":23.0,""n_games"":23.0,""n_days"":20.0,""mean_impact"":0.18450149,""shrunk_impact"":0.12859195,""ci_low"":-0.16907226,""ci_high"":0.40560801,""win_rate"":0.26086957}},""value"":0.12859195},{""row"":1,""col"":3,""kind"":""eligible"",""pair"":{""id"":""pair-640d31e0bce99a56"",""teamId"":""oe:team:4e32226d1afb63dde4a39d02cb1cd0f"",""teamName"":""ENEMI3S"",""playerAId"":""oe:player:52c10360309e42ce286362204586160"",""playerBId"":""oe:player:d6978cb4b12a5de75f68b2da2f55dc9"",""playerA"":""Artenes"",""playerB"":""XnS"",""stats"":{""eligible"":true,""n_games_total"":16.0,""n_games"":16.0,""n_days"":13.0,""mean_impact"":0.22851592,""shrunk_impact"":0.14062518,""ci_low"":-0.14999654,""ci_high"":0.39707119,""win_rate"":0.3125}},""value"":0.14062518},{""row"":1,""col"":4,""kind"":""eligible"",""pair"":{""id"":""pair-60d1f1c796fe1588"",""teamId"":""oe:team:4e32226d1afb63dde4a39d02cb1cd0f"",""teamName"":""ENEMI3S"",""playerAId"":""oe:player:cdc952e024c99837dc7af684adf322e"",""playerBId"":""oe:player:d6978cb4b12a5de75f68b2da2f55dc9"",""playerA"":""Joao"",""playerB"":""XnS"",""stats"":{""eligible"":true,""n_games_total"":23.0,""n_games"":23.0,""n_days"":20.0,""mean_impact"":0.09906983,""shrunk_impact"":0.06904867,""ci_low"":-0.16999169,""ci_high"":0.30189305,""win_rate"":0.26086957}},""value"":0.06904867},{""row"":2,""col"":0,""kind"":""eligible"",""pair"":{""id"":""pair-2779f08925b40bee"",""teamId"":""oe:team:4e32226d1afb63dde4a39d02cb1cd0f"",""teamName"":""ENEMI3S"",""playerAId"":""oe:player:080079ade773c7f23f7a15d3bc04b6f"",""playerBId"":""oe:player:e72c863b7586a6b3a37e6e91339472d"",""playerA"":""Skaterot"",""playerB"":""kPr"",""stats"":{""eligible"":true,""n_games_total"":23.0,""n_games"":23.0,""n_days"":20.0,""mean_impact"":0.2937778,""shrunk_impact"":0.20475422,""ci_low"":-0.1243376,""ci_high"":0.54699239,""win_rate"":0.26086957}},""value"":0.20475422},{""row"":2,""col"":1,""kind"":""eligible"",""pair"":{""id"":""pair-1dc5a9c0ea1ec3f1"",""teamId"":""oe:team:4e32226d1afb63dde4a39d02cb1cd0f"",""teamName"":""ENEMI3S"",""playerAId"":""oe:player:080079ade773c7f23f7a15d3bc04b6f"",""playerBId"":""oe:player:d6978cb4b12a5de75f68b2da2f55dc9"",""playerA"":""Skaterot"",""playerB"":""XnS"",""stats"":{""eligible"":true,""n_games_total"":23.0,""n_games"":23.0,""n_days"":20.0,""mean_impact"":0.18450149,""shrunk_impact"":0.12859195,""ci_low"":-0.16907226,""ci_high"":0.40560801,""win_rate"":0.26086957}},""value"":0.12859195},{""row"":2,""col"":2,""kind"":""self"",""pair"":null,""value"":null},{""row"":2,""col"":3,""kind"":""eligible"",""pair"":{""id"":""pair-8e5026128d2e8b35"",""teamId"":""oe:team:4e32226d1afb63dde4a39d02cb1cd0f"",""teamName"":""ENEMI3S"",""playerAId"":""oe:player:080079ade773c7f23f7a15d3bc04b6f"",""playerBId"":""oe:player:52c10360309e42ce286362204586160"",""playerA"":""Skaterot"",""playerB"":""Artenes"",""stats"":{""eligible"":true,""n_games_total"":16.0,""n_games"":16.0,""n_days"":13.0,""mean_impact"":-0.07491785,""shrunk_impact"":-0.04610329,""ci_low"":-0.33304296,""ci_high"":0.2206859,""win_rate"":0.3125}},""value"":-0.04610329},{""row"":2,""col"":4,""kind"":""eligible"",""pair"":{""id"":""pair-88fa9415843aee6a"",""teamId"":""oe:team:4e32226d1afb63dde4a39d02cb1cd0f"",""teamName"":""ENEMI3S"",""playerAId"":""oe:player:080079ade773c7f23f7a15d3bc04b6f"",""playerBId"":""oe:player:cdc952e024c99837dc7af684adf322e"",""playerA"":""Skaterot"",""playerB"":""Joao"",""stats"":{""eligible"":true,""n_games_total"":23.0,""n_games"":23.0,""n_days"":20.0,""mean_impact"":-0.29397744,""shrunk_impact"":-0.20489337,""ci_low"":-0.42513021,""ci_high"":0.02377302,""win_rate"":0.26086957}},""value"":-0.20489337},{""row"":3,""col"":0,""kind"":""eligible"",""pair"":{""id"":""pair-3976e7136fc6e41b"",""teamId"":""oe:team:4e32226d1afb63dde4a39d02cb1cd0f"",""teamName"":""ENEMI3S"",""playerAId"":""oe:player:52c10360309e42ce286362204586160"",""playerBId"":""oe:player:e72c863b7586a6b3a37e6e91339472d"",""playerA"":""Artenes"",""playerB"":""kPr"",""stats"":{""eligible"":true,""n_games_total"":16.0,""n_games"":16.0,""n_days"":13.0,""mean_impact"":0.35139199,""shrunk_impact"":0.21624122,""ci_low"":-0.10405768,""ci_high"":0.5078335,""win_rate"":0.3125}},""value"":0.21624122},{""row"":3,""col"":1,""kind"":""eligible"",""pair"":{""id"":""pair-640d31e0bce99a56"",""teamId"":""oe:team:4e32226d1afb63dde4a39d02cb1cd0f"",""teamName"":""ENEMI3S"",""playerAId"":""oe:player:52c10360309e42ce286362204586160"",""playerBId"":""oe:player:d6978cb4b12a5de75f68b2da2f55dc9"",""playerA"":""Artenes"",""playerB"":""XnS"",""stats"":{""eligible"":true,""n_games_total"":16.0,""n_games"":16.0,""n_days"":13.0,""mean_impact"":0.22851592,""shrunk_impact"":0.14062518,""ci_low"":-0.14999654,""ci_high"":0.39707119,""win_rate"":0.3125}},""value"":0.14062518},{""row"":3,""col"":2,""kind"":""eligible"",""pair"":{""id"":""pair-8e5026128d2e8b35"",""teamId"":""oe:team:4e32226d1afb63dde4a39d02cb1cd0f"",""teamName"":""ENEMI3S"",""playerAId"":""oe:player:080079ade773c7f23f7a15d3bc04b6f"",""playerBId"":""oe:player:52c10360309e42ce286362204586160"",""playerA"":""Skaterot"",""playerB"":""Artenes"",""stats"":{""eligible"":true,""n_games_total"":16.0,""n_games"":16.0,""n_days"":13.0,""mean_impact"":-0.07491785,""shrunk_impact"":-0.04610329,""ci_low"":-0.33304296,""ci_high"":0.2206859,""win_rate"":0.3125}},""value"":-0.04610329},{""row"":3,""col"":3,""kind"":""self"",""pair"":null,""value"":null},{""row"":3,""col"":4,""kind"":""eligible"",""pair"":{""id"":""pair-6b56d2296d3631b6"",""teamId"":""oe:team:4e32226d1afb63dde4a39d02cb1cd0f"",""teamName"":""ENEMI3S"",""playerAId"":""oe:player:52c10360309e42ce286362204586160"",""playerBId"":""oe:player:cdc952e024c99837dc7af684adf322e"",""playerA"":""Artenes"",""playerB"":""Joao"",""stats"":{""eligible"":true,""n_games_total"":16.0,""n_games"":16.0,""n_days"":13.0,""mean_impact"":-0.32172508,""shrunk_impact"":-0.19798466,""ci_low"":-0.41725668,""ci_high"":0.01371165,""win_rate"":0.3125}},""value"":-0.19798466},{""row"":4,""col"":0,""kind"":""eligible"",""pair"":{""id"":""pair-903ce99ef325c129"",""teamId"":""oe:team:4e32226d1afb63dde4a39d02cb1cd0f"",""teamName"":""ENEMI3S"",""playerAId"":""oe:player:cdc952e024c99837dc7af684adf322e"",""playerBId"":""oe:player:e72c863b7586a6b3a37e6e91339472d"",""playerA"":""Joao"",""playerB"":""kPr"",""stats"":{""eligible"":true,""n_games_total"":23.0,""n_games"":23.0,""n_days"":20.0,""mean_impact"":0.20834613,""shrunk_impact"":0.14521094,""ci_low"":-0.10345244,""ci_high"":0.41156223,""win_rate"":0.26086957}},""value"":0.14521094},{""row"":4,""col"":1,""kind"":""eligible"",""pair"":{""id"":""pair-60d1f1c796fe1588"",""teamId"":""oe:team:4e32226d1afb63dde4a39d02cb1cd0f"",""teamName"":""ENEMI3S"",""playerAId"":""oe:player:cdc952e024c99837dc7af684adf322e"",""playerBId"":""oe:player:d6978cb4b12a5de75f68b2da2f55dc9"",""playerA"":""Joao"",""playerB"":""XnS"",""stats"":{""eligible"":true,""n_games_total"":23.0,""n_games"":23.0,""n_days"":20.0,""mean_impact"":0.09906983,""shrunk_impact"":0.06904867,""ci_low"":-0.16999169,""ci_high"":0.30189305,""win_rate"":0.26086957}},""value"":0.06904867},{""row"":4,""col"":2,""kind"":""eligible"",""pair"":{""id"":""pair-88fa9415843aee6a"",""teamId"":""oe:team:4e32226d1afb63dde4a39d02cb1cd0f"",""teamName"":""ENEMI3S"",""playerAId"":""oe:player:080079ade773c7f23f7a15d3bc04b6f"",""playerBId"":""oe:player:cdc952e024c99837dc7af684adf322e"",""playerA"":""Skaterot"",""playerB"":""Joao"",""stats"":{""eligible"":true,""n_games_total"":23.0,""n_games"":23.0,""n_days"":20.0,""mean_impact"":-0.29397744,""shrunk_impact"":-0.20489337,""ci_low"":-0.42513021,""ci_high"":0.02377302,""win_rate"":0.26086957}},""value"":-0.20489337},{""row"":4,""col"":3,""kind"":""eligible"",""pair"":{""id"":""pair-6b56d2296d3631b6"",""teamId"":""oe:team:4e32226d1afb63dde4a39d02cb1cd0f"",""teamName"":""ENEMI3S"",""playerAId"":""oe:player:52c10360309e42ce286362204586160"",""playerBId"":""oe:player:cdc952e024c99837dc7af684adf322e"",""playerA"":""Artenes"",""playerB"":""Joao"",""stats"":{""eligible"":true,""n_games_total"":16.0,""n_games"":16.0,""n_days"":13.0,""mean_impact"":-0.32172508,""shrunk_impact"":-0.19798466,""ci_low"":-0.41725668,""ci_high"":0.01371165,""win_rate"":0.3125}},""value"":-0.19798466},{""row"":4,""col"":4,""kind"":""self"",""pair"":null,""value"":null}],""limit"":0.47869625,""hasEligiblePair"":true}"
lineup-81617d67513ac7a9,oe:team:e7121adad88546bce0ff2cc41c2d343,Axolotl,2023,oe:player:46c8f3a5fb8d9cf794de4991ee30c40,Obelisk,oe:player:48e06b61418cf7d3391acd04e2462a6,Kikis,oe:player:9f8efcc43b88b500e5e050bd53fb2ec,Dyablo,oe:player:ffc7be970454e6871321d2385be5a22,Creon,oe:player:acc1b36d8d542ce2e2ee369a40267ae,KroMAX,7,0,0,,,,,False,,,,,,,,,,,,,,,,"{""version"":1,""players"":[{""id"":""oe:player:46c8f3a5fb8d9cf794de4991ee30c40"",""name"":""Obelisk"",""role"":""mid""},{""id"":""oe:player:48e06b61418cf7d3391acd04e2462a6"",""name"":""Kikis"",""role"":""mid""},{""id"":""oe:player:9f8efcc43b88b500e5e050bd53fb2ec"",""name"":""Dyablo"",""role"":""mid""},{""id"":""oe:player:ffc7be970454e6871321d2385be5a22"",""name"":""Creon"",""role"":""bot""},{""id"":""oe:player:acc1b36d8d542ce2e2ee369a40267ae"",""name"":""KroMAX"",""role"":""sup""}],""cells"":[{""row"":0,""col"":0,""kind"":""self"",""pair"":null,""value"":null},{""row"":0,""col"":1,""kind"":""eligible"",""pair"":{""id"":""pair-f9c53b5e3e5fbe92"",""teamId"":""oe:team:e7121adad88546bce0ff2cc41c2d343"",""teamName"":""Axolotl"",""playerAId"":""oe:player:46c8f3a5fb8d9cf794de4991ee30c40"",""playerBId"":""oe:player:48e06b61418cf7d3391acd04e2462a6"",""playerA"":""Obelisk"",""playerB"":""Kikis"",""stats"":{""eligible"":true,""n_games_total"":17.0,""n_games"":10.0,""n_days"":7.0,""mean_impact"":0.42286529,""shrunk_impact"":0.21143265,""ci_low"":0.03381458,""ci_high"":0.30491654,""win_rate"":0.6}},""value"":0.21143265},{""row"":0,""col"":2,""kind"":""missing"",""pair"":{""id"":""pair-0da4bf225ad6af29"",""teamId"":""oe:team:e7121adad88546bce0ff2cc41c2d343"",""teamName"":""Axolotl"",""playerAId"":""oe:player:46c8f3a5fb8d9cf794de4991ee30c40"",""playerBId"":""oe:player:9f8efcc43b88b500e5e050bd53fb2ec"",""playerA"":""Obelisk"",""playerB"":""Dyablo"",""stats"":{""eligible"":false,""n_games_total"":7.0,""n_games"":0.0,""n_days"":0.0,""mean_impact"":null,""shrunk_impact"":null,""ci_low"":null,""ci_high"":null,""win_rate"":null}},""value"":null},{""row"":0,""col"":3,""kind"":""eligible"",""pair"":{""id"":""pair-80c3640b29476de8"",""teamId"":""oe:team:e7121adad88546bce0ff2cc41c2d343"",""teamName"":""Axolotl"",""playerAId"":""oe:player:46c8f3a5fb8d9cf794de4991ee30c40"",""playerBId"":""oe:player:ffc7be970454e6871321d2385be5a22"",""playerA"":""Obelisk"",""playerB"":""Creon"",""stats"":{""eligible"":true,""n_games_total"":17.0,""n_games"":10.0,""n_days"":7.0,""mean_impact"":0.71485778,""shrunk_impact"":0.35742889,""ci_low"":0.09575465,""ci_high"":0.51193887,""win_rate"":0.6}},""value"":0.35742889},{""row"":0,""col"":4,""kind"":""eligible"",""pair"":{""id"":""pair-c68fd953a2c117ae"",""teamId"":""oe:team:e7121adad88546bce0ff2cc41c2d343"",""teamName"":""Axolotl"",""playerAId"":""oe:player:46c8f3a5fb8d9cf794de4991ee30c40"",""playerBId"":""oe:player:acc1b36d8d542ce2e2ee369a40267ae"",""playerA"":""Obelisk"",""playerB"":""KroMAX"",""stats"":{""eligible"":true,""n_games_total"":17.0,""n_games"":10.0,""n_days"":7.0,""mean_impact"":0.19551403,""shrunk_impact"":0.09775702,""ci_low"":-0.06851202,""ci_high"":0.18538498,""win_rate"":0.6}},""value"":0.09775702},{""row"":1,""col"":0,""kind"":""eligible"",""pair"":{""id"":""pair-f9c53b5e3e5fbe92"",""teamId"":""oe:team:e7121adad88546bce0ff2cc41c2d343"",""teamName"":""Axolotl"",""playerAId"":""oe:player:46c8f3a5fb8d9cf794de4991ee30c40"",""playerBId"":""oe:player:48e06b61418cf7d3391acd04e2462a6"",""playerA"":""Obelisk"",""playerB"":""Kikis"",""stats"":{""eligible"":true,""n_games_total"":17.0,""n_games"":10.0,""n_days"":7.0,""mean_impact"":0.42286529,""shrunk_impact"":0.21143265,""ci_low"":0.03381458,""ci_high"":0.30491654,""win_rate"":0.6}},""value"":0.21143265},{""row"":1,""col"":1,""kind"":""self"",""pair"":null,""value"":null},{""row"":1,""col"":2,""kind"":""missing"",""pair"":{""id"":""pair-d59cd8a24116ec5e"",""teamId"":""oe:team:e7121adad88546bce0ff2cc41c2d343"",""teamName"":""Axolotl"",""playerAId"":""oe:player:48e06b61418cf7d3391acd04e2462a6"",""playerBId"":""oe:player:9f8efcc43b88b500e5e050bd53fb2ec"",""playerA"":""Kikis"",""playerB"":""Dyablo"",""stats"":{""eligible"":false,""n_games_total"":7.0,""n_games"":0.0,""n_days"":0.0,""mean_impact"":null,""shrunk_impact"":null,""ci_low"":null,""ci_high"":null,""win_rate"":null}},""value"":null},{""row"":1,""col"":3,""kind"":""eligible"",""pair"":{""id"":""pair-04544c2ac6055103"",""teamId"":""oe:team:e7121adad88546bce0ff2cc41c2d343"",""teamName"":""Axolotl"",""playerAId"":""oe:player:48e06b61418cf7d3391acd04e2462a6"",""playerBId"":""oe:player:ffc7be970454e6871321d2385be5a22"",""playerA"":""Kikis"",""playerB"":""Creon"",""stats"":{""eligible"":true,""n_games_total"":17.0,""n_games"":10.0,""n_days"":7.0,""mean_impact"":0.319476,""shrunk_impact"":0.159738,""ci_low"":-0.11525818,""ci_high"":0.31834782,""win_rate"":0.6}},""value"":0.159738},{""row"":1,""col"":4,""kind"":""eligible"",""pair"":{""id"":""pair-0ba47e15b3455020"",""teamId"":""oe:team:e7121adad88546bce0ff2cc41c2d343"",""teamName"":""Axolotl"",""playerAId"":""oe:player:48e06b61418cf7d3391acd04e2462a6"",""playerBId"":""oe:player:acc1b36d8d542ce2e2ee369a40267ae"",""playerA"":""Kikis"",""playerB"":""KroMAX"",""stats"":{""eligible"":true,""n_games_total"":17.0,""n_games"":10.0,""n_days"":7.0,""mean_impact"":-0.19986775,""shrunk_impact"":-0.09993388,""ci_low"":-0.29209727,""ci_high"":-6.062e-05,""win_rate"":0.6}},""value"":-0.09993388},{""row"":2,""col"":0,""kind"":""missing"",""pair"":{""id"":""pair-0da4bf225ad6af29"",""teamId"":""oe:team:e7121adad88546bce0ff2cc41c2d343"",""teamName"":""Axolotl"",""playerAId"":""oe:player:46c8f3a5fb8d9cf794de4991ee30c40"",""playerBId"":""oe:player:9f8efcc43b88b500e5e050bd53fb2ec"",""playerA"":""Obelisk"",""playerB"":""Dyablo"",""stats"":{""eligible"":false,""n_games_total"":7.0,""n_games"":0.0,""n_days"":0.0,""mean_impact"":null,""shrunk_impact"":null,""ci_low"":null,""ci_high"":null,""win_rate"":null}},""value"":null},{""row"":2,""col"":1,""kind"":""missing"",""pair"":{""id"":""pair-d59cd8a24116ec5e"",""teamId"":""oe:team:e7121adad88546bce0ff2cc41c2d343"",""teamName"":""Axolotl"",""playerAId"":""oe:player:48e06b61418cf7d3391acd04e2462a6"",""playerBId"":""oe:player:9f8efcc43b88b500e5e050bd53fb2ec"",""playerA"":""Kikis"",""playerB"":""Dyablo"",""stats"":{""eligible"":false,""n_games_total"":7.0,""n_games"":0.0,""n_days"":0.0,""mean_impact"":null,""shrunk_impact"":null,""ci_low"":null,""ci_high"":null,""win_rate"":null}},""value"":null},{""row"":2,""col"":2,""kind"":""self"",""pair"":null,""value"":null},{""row"":2,""col"":3,""kind"":""missing"",""pair"":{""id"":""pair-ea84cbd18bbad9d2"",""teamId"":""oe:team:e7121adad88546bce0ff2cc41c2d343"",""teamName"":""Axolotl"",""playerAId"":""oe:player:9f8efcc43b88b500e5e050bd53fb2ec"",""playerBId"":""oe:player:ffc7be970454e6871321d2385be5a22"",""playerA"":""Dyablo"",""playerB"":""Creon"",""stats"":{""eligible"":false,""n_games_total"":7.0,""n_games"":0.0,""n_days"":0.0,""mean_impact"":null,""shrunk_impact"":null,""ci_low"":null,""ci_high"":null,""win_rate"":null}},""value"":null},{""row"":2,""col"":4,""kind"":""missing"",""pair"":{""id"":""pair-6f8b42b2d1d0ab7c"",""teamId"":""oe:team:e7121adad88546bce0ff2cc41c2d343"",""teamName"":""Axolotl"",""playerAId"":""oe:player:9f8efcc43b88b500e5e050bd53fb2ec"",""playerBId"":""oe:player:acc1b36d8d542ce2e2ee369a40267ae"",""playerA"":""Dyablo"",""playerB"":""KroMAX"",""stats"":{""eligible"":false,""n_games_total"":7.0,""n_games"":0.0,""n_days"":0.0,""mean_impact"":null,""shrunk_impact"":null,""ci_low"":null,""ci_high"":null,""win_rate"":null}},""value"":null},{""row"":3,""col"":0,""kind"":""eligible"",""pair"":{""id"":""pair-80c3640b29476de8"",""teamId"":""oe:team:e7121adad88546bce0ff2cc41c2d343"",""teamName"":""Axolotl"",""playerAId"":""oe:player:46c8f3a5fb8d9cf794de4991ee30c40"",""playerBId"":""oe:player:ffc7be970454e6871321d2385be5a22"",""playerA"":""Obelisk"",""playerB"":""Creon"",""stats"":{""eligible"":true,""n_games_total"":17.0,""n_games"":10.0,""n_days"":7.0,""mean_impact"":0.71485778,""shrunk_impact"":0.35742889,""ci_low"":0.09575465,""ci_high"":0.51193887,""win_rate"":0.6}},""value"":0.35742889},{""row"":3,""col"":1,""kind"":""eligible"",""pair"":{""id"":""pair-04544c2ac6055103"",""teamId"":""oe:team:e7121adad88546bce0ff2cc41c2d343"",""teamName"":""Axolotl"",""playerAId"":""oe:player:48e06b61418cf7d3391acd04e2462a6"",""playerBId"":""oe:player:ffc7be970454e6871321d2385be5a22"",""playerA"":""Kikis"",""playerB"":""Creon"",""stats"":{""eligible"":true,""n_games_total"":17.0,""n_games"":10.0,""n_days"":7.0,""mean_impact"":0.319476,""shrunk_impact"":0.159738,""ci_low"":-0.11525818,""ci_high"":0.31834782,""win_rate"":0.6}},""value"":0.159738},{""row"":3,""col"":2,""kind"":""missing"",""pair"":{""id"":""pair-ea84cbd18bbad9d2"",""teamId"":""oe:team:e7121adad88546bce0ff2cc41c2d343"",""teamName"":""Axolotl"",""playerAId"":""oe:player:9f8efcc43b88b500e5e050bd53fb2ec"",""playerBId"":""oe:player:ffc7be970454e6871321d2385be5a22"",""playerA"":""Dyablo"",""playerB"":""Creon"",""stats"":{""eligible"":false,""n_games_total"":7.0,""n_games"":0.0,""n_days"":0.0,""mean_impact"":null,""shrunk_impact"":null,""ci_low"":null,""ci_high"":null,""win_rate"":null}},""value"":null},{""row"":3,""col"":3,""kind"":""self"",""pair"":null,""value"":null},{""row"":3,""col"":4,""kind"":""eligible"",""pair"":{""id"":""pair-dc045d7a2d479530"",""teamId"":""oe:team:e7121adad88546bce0ff2cc41c2d343"",""teamName"":""Axolotl"",""playerAId"":""oe:player:acc1b36d8d542ce2e2ee369a40267ae"",""playerBId"":""oe:player:ffc7be970454e6871321d2385be5a22"",""playerA"":""KroMAX"",""playerB"":""Creon"",""stats"":{""eligible"":true,""n_games_total"":17.0,""n_games"":10.0,""n_days"":7.0,""mean_impact"":0.09212474,""shrunk_impact"":0.04606237,""ci_low"":-0.19983791,""ci_high"":0.19281659,""win_rate"":0.6}},""value"":0.04606237},{""row"":4,""col"":0,""kind"":""eligible"",""pair"":{""id"":""pair-c68fd953a2c117ae"",""teamId"":""oe:team:e7121adad88546bce0ff2cc41c2d343"",""teamName"":""Axolotl"",""playerAId"":""oe:player:46c8f3a5fb8d9cf794de4991ee30c40"",""playerBId"":""oe:player:acc1b36d8d542ce2e2ee369a40267ae"",""playerA"":""Obelisk"",""playerB"":""KroMAX"",""stats"":{""eligible"":true,""n_games_total"":17.0,""n_games"":10.0,""n_days"":7.0,""mean_impact"":0.19551403,""shrunk_impact"":0.09775702,""ci_low"":-0.06851202,""ci_high"":0.18538498,""win_rate"":0.6}},""value"":0.09775702},{""row"":4,""col"":1,""kind"":""eligible"",""pair"":{""id"":""pair-0ba47e15b3455020"",""teamId"":""oe:team:e7121adad88546bce0ff2cc41c2d343"",""teamName"":""Axolotl"",""playerAId"":""oe:player:48e06b61418cf7d3391acd04e2462a6"",""playerBId"":""oe:player:acc1b36d8d542ce2e2ee369a40267ae"",""playerA"":""Kikis"",""playerB"":""KroMAX"",""stats"":{""eligible"":true,""n_games_total"":17.0,""n_games"":10.0,""n_days"":7.0,""mean_impact"":-0.19986775,""shrunk_impact"":-0.09993388,""ci_low"":-0.29209727,""ci_high"":-6.062e-05,""win_rate"":0.6}},""value"":-0.09993388},{""row"":4,""col"":2,""kind"":""missing"",""pair"":{""id"":""pair-6f8b42b2d1d0ab7c"",""teamId"":""oe:team:e7121adad88546bce0ff2cc41c2d343"",""teamName"":""Axolotl"",""playerAId"":""oe:player:9f8efcc43b88b500e5e050bd53fb2ec"",""playerBId"":""oe:player:acc1b36d8d542ce2e2ee369a40267ae"",""playerA"":""Dyablo"",""playerB"":""KroMAX"",""stats"":{""eligible"":false,""n_games_total"":7.0,""n_games"":0.0,""n_days"":0.0,""mean_impact"":null,""shrunk_impact"":null,""ci_low"":null,""ci_high"":null,""win_rate"":null}},""value"":null},{""row"":4,""col"":3,""kind"":""eligible"",""pair"":{""id"":""pair-dc045d7a2d479530"",""teamId"":""oe:team:e7121adad88546bce0ff2cc41c2d343"",""teamName"":""Axolotl"",""playerAId"":""oe:player:acc1b36d8d542ce2e2ee369a40267ae"",""playerBId"":""oe:player:ffc7be970454e6871321d2385be5a22"",""playerA"":""KroMAX"",""playerB"":""Creon"",""stats"":{""eligible"":true,""n_games_total"":17.0,""n_games"":10.0,""n_days"":7.0,""mean_impact"":0.09212474,""shrunk_impact"":0.04606237,""ci_low"":-0.19983791,""ci_high"":0.19281659,""win_rate"":0.6}},""value"":0.04606237},{""row"":4,""col"":4,""kind"":""self"",""pair"":null,""value"":null}],""limit"":0.35742889,""hasEligiblePair"":true}"
lineup-8cd590ed84bbaf6d,oe:team:4e32226d1afb63dde4a39d02cb1cd0f,ENEMI3S,2023,oe:player:e72c863b7586a6b3a37e6e91339472d,kPr,oe:player:d6978cb4b12a5de75f68b2da2f55dc9,XnS,oe:player:080079ade773c7f23f7a15d3bc04b6f,Skaterot,oe:player:09b6f61bada64828758d143e0814881,xDrop,oe:player:cdc952e024c99837dc7af684adf322e,Joao,6,6,6,-0.48120231,-0.18045087,-0.26314129,-0.08923325,False,0.00000000,394.00771672,1.08219630,0.20936779,0.24252235,0.22576347,0.29052752,0.20220695,0.18626042,0.19860713,0.15129242,0.24386777,0.27890890,0.12955469,0.09301074,"{""version"":1,""players"":[{""id"":""oe:player:e72c863b7586a6b3a37e6e91339472d"",""name"":""kPr"",""role"":""top""},{""id"":""oe:player:d6978cb4b12a5de75f68b2da2f55dc9"",""name"":""XnS"",""role"":""jng""},{""id"":""oe:player:080079ade773c7f23f7a15d3bc04b6f"",""name"":""Skaterot"",""role"":""mid""},{""id"":""oe:player:09b6f61bada64828758d143e0814881"",""name"":""xDrop"",""role"":""bot""},{""id"":""oe:player:cdc952e024c99837dc7af684adf322e"",""name"":""Joao"",""role"":""sup""}],""cells"":[{""row"":0,""col"":0,""kind"":""self"",""pair"":null,""value"":null},{""row"":0,""col"":1,""kind"":""eligible"",""pair"":{""id"":""pair-61b4b85ccc25b556"",""teamId"":""oe:team:4e32226d1afb63dde4a39d02cb1cd0f"",""teamName"":""ENEMI3S"",""playerAId"":""oe:player:d6978cb4b12a5de75f68b2da2f55dc9"",""playerBId"":""oe:player:e72c863b7586a6b3a37e6e91339472d"",""playerA"":""XnS"",""playerB"":""kPr"",""stats"":{""eligible"":true,""n_games_total"":23.0,""n_games"":23.0,""n_days"":20.0,""mean_impact"":0.68682506,""shrunk_impact"":0.47869625,""ci_low"":0.16528221,""ci_high"":0.77315844,""win_rate"":0.26086957}},""value"":0.47869625},{""row"":0,""col"":2,""kind"":""eligible"",""pair"":{""id"":""pair-2779f08925b40bee"",""teamId"":""oe:team:4e32226d1afb63dde4a39d02cb1cd0f"",""teamName"":""ENEMI3S"",""playerAId"":""oe:player:080079ade773c7f23f7a15d3bc04b6f"",""playerBId"":""oe:player:e72c863b7586a6b3a37e6e91339472d"",""playerA"":""Skaterot"",""playerB"":""kPr"",""stats"":{""eligible"":true,""n_games_total"":23.0,""n_games"":23.0,""n_days"":20.0,""mean_impact"":0.2937778,""shrunk_impact"":0.20475422,""ci_low"":-0.1243376,""ci_high"":0.54699239,""win_rate"":0.26086957}},""value"":0.20475422},{""row"":0,""col"":3,""kind"":""sparse"",""pair"":{""id"":""pair-aff34d6b0c43c82e"",""teamId"":""oe:team:4e32226d1afb63dde4a39d02cb1cd0f"",""teamName"":""ENEMI3S"",""playerAId"":""oe:player:09b6f61bada64828758d143e0814881"",""playerBId"":""oe:player:e72c863b7586a6b3a37e6e91339472d"",""playerA"":""xDrop"",""playerB"":""kPr"",""stats"":{""eligible"":false,""n_games_total"":6.0,""n_games"":6.0,""n_days"":6.0,""mean_impact"":-0.07024407,""shrunk_impact"":-0.02634153,""ci_low"":-0.08770329,""ci_high"":0.04742057,""win_rate"":0.0}},""value"":-0.02634153},{""row"":0,""col"":4,""kind"":""eligible"",""pair"":{""id"":""pair-903ce99ef325c129"",""teamId"":""oe:team:4e32226d1afb63dde4a39d02cb1cd0f"",""teamName"":""ENEMI3S"",""playerAId"":""oe:player:cdc952e024c99837dc7af684adf322e"",""playerBId"":""oe:player:e72c863b7586a6b3a37e6e91339472d"",""playerA"":""Joao"",""playerB"":""kPr"",""stats"":{""eligible"":true,""n_games_total"":23.0,""n_games"":23.0,""n_days"":20.0,""mean_impact"":0.20834613,""shrunk_impact"":0.14521094,""ci_low"":-0.10345244,""ci_high"":0.41156223,""win_rate"":0.26086957}},""value"":0.14521094},{""row"":1,""col"":0,""kind"":""eligible"",""pair"":{""id"":""pair-61b4b85ccc25b556"",""teamId"":""oe:team:4e32226d1afb63dde4a39d02cb1cd0f"",""teamName"":""ENEMI3S"",""playerAId"":""oe:player:d6978cb4b12a5de75f68b2da2f55dc9"",""playerBId"":""oe:player:e72c863b7586a6b3a37e6e91339472d"",""playerA"":""XnS"",""playerB"":""kPr"",""stats"":{""eligible"":true,""n_games_total"":23.0,""n_games"":23.0,""n_days"":20.0,""mean_impact"":0.68682506,""shrunk_impact"":0.47869625,""ci_low"":0.16528221,""ci_high"":0.77315844,""win_rate"":0.26086957}},""value"":0.47869625},{""row"":1,""col"":1,""kind"":""self"",""pair"":null,""value"":null},{""row"":1,""col"":2,""kind"":""eligible"",""pair"":{""id"":""pair-1dc5a9c0ea1ec3f1"",""teamId"":""oe:team:4e32226d1afb63dde4a39d02cb1cd0f"",""teamName"":""ENEMI3S"",""playerAId"":""oe:player:080079ade773c7f23f7a15d3bc04b6f"",""playerBId"":""oe:player:d6978cb4b12a5de75f68b2da2f55dc9"",""playerA"":""Skaterot"",""playerB"":""XnS"",""stats"":{""eligible"":true,""n_games_total"":23.0,""n_games"":23.0,""n_days"":20.0,""mean_impact"":0.18450149,""shrunk_impact"":0.12859195,""ci_low"":-0.16907226,""ci_high"":0.40560801,""win_rate"":0.26086957}},""value"":0.12859195},{""row"":1,""col"":3,""kind"":""sparse"",""pair"":{""id"":""pair-7c4a44ec9491d367"",""teamId"":""oe:team:4e32226d1afb63dde4a39d02cb1cd0f"",""teamName"":""ENEMI3S"",""playerAId"":""oe:player:09b6f61bada64828758d143e0814881"",""playerBId"":""oe:player:d6978cb4b12a5de75f68b2da2f55dc9"",""playerA"":""xDrop"",""playerB"":""XnS"",""stats"":{""eligible"":false,""n_games_total"":6.0,""n_games"":6.0,""n_days"":6.0,""mean_impact"":-0.30689805,""shrunk_impact"":-0.11508677,""ci_low"":-0.19621052,""ci_high"":-0.01751001,""win_rate"":0.0}},""value"":-0.11508677},{""row"":1,""col"":4,""kind"":""eligible"",""pair"":{""id"":""pair-60d1f1c796fe1588"",""teamId"":""oe:team:4e32226d1afb63dde4a39d02cb1cd0f"",""teamName"":""ENEMI3S"",""playerAId"":""oe:player:cdc952e024c99837dc7af684adf322e"",""playerBId"":""oe:player:d6978cb4b12a5de75f68b2da2f55dc9"",""playerA"":""Joao"",""playerB"":""XnS"",""stats"":{""eligible"":true,""n_games_total"":23.0,""n_games"":23.0,""n_days"":20.0,""mean_impact"":0.09906983,""shrunk_impact"":0.06904867,""ci_low"":-0.16999169,""ci_high"":0.30189305,""win_rate"":0.26086957}},""value"":0.06904867},{""row"":2,""col"":0,""kind"":""eligible"",""pair"":{""id"":""pair-2779f08925b40bee"",""teamId"":""oe:team:4e32226d1afb63dde4a39d02cb1cd0f"",""teamName"":""ENEMI3S"",""playerAId"":""oe:player:080079ade773c7f23f7a15d3bc04b6f"",""playerBId"":""oe:player:e72c863b7586a6b3a37e6e91339472d"",""playerA"":""Skaterot"",""playerB"":""kPr"",""stats"":{""eligible"":true,""n_games_total"":23.0,""n_games"":23.0,""n_days"":20.0,""mean_impact"":0.2937778,""shrunk_impact"":0.20475422,""ci_low"":-0.1243376,""ci_high"":0.54699239,""win_rate"":0.26086957}},""value"":0.20475422},{""row"":2,""col"":1,""kind"":""eligible"",""pair"":{""id"":""pair-1dc5a9c0ea1ec3f1"",""teamId"":""oe:team:4e32226d1afb63dde4a39d02cb1cd0f"",""teamName"":""ENEMI3S"",""playerAId"":""oe:player:080079ade773c7f23f7a15d3bc04b6f"",""playerBId"":""oe:player:d6978cb4b12a5de75f68b2da2f55dc9"",""playerA"":""Skaterot"",""playerB"":""XnS"",""stats"":{""eligible"":true,""n_games_total"":23.0,""n_games"":23.0,""n_days"":20.0,""mean_impact"":0.18450149,""shrunk_impact"":0.12859195,""ci_low"":-0.16907226,""ci_high"":0.40560801,""win_rate"":0.26086957}},""value"":0.12859195},{""row"":2,""col"":2,""kind"":""self"",""pair"":null,""value"":null},{""row"":2,""col"":3,""kind"":""sparse"",""pair"":{""id"":""pair-37ec8b5025d0332a"",""teamId"":""oe:team:4e32226d1afb63dde4a39d02cb1cd0f"",""teamName"":""ENEMI3S"",""playerAId"":""oe:player:080079ade773c7f23f7a15d3bc04b6f"",""playerBId"":""oe:player:09b6f61bada64828758d143e0814881"",""playerA"":""Skaterot"",""playerB"":""xDrop"",""stats"":{""eligible"":false,""n_games_total"":6.0,""n_games"":6.0,""n_days"":6.0,""mean_impact"":-0.82469093,""shrunk_impact"":-0.3092591,""ci_low"":-0.43014235,""ci_high"":-0.21746014,""win_rate"":0.0}},""value"":-0.3092591},{""row"":2,""col"":4,""kind"":""eligible"",""pair"":{""id"":""pair-88fa9415843aee6a"",""teamId"":""oe:team:4e32226d1afb63dde4a39d02cb1cd0f"",""teamName"":""ENEMI3S"",""playerAId"":""oe:player:080079ade773c7f23f7a15d3bc04b6f"",""playerBId"":""oe:player:cdc952e024c99837dc7af684adf322e"",""playerA"":""Skaterot"",""playerB"":""Joao"",""stats"":{""eligible"":true,""n_games_total"":23.0,""n_games"":23.0,""n_days"":20.0,""mean_impact"":-0.29397744,""shrunk_impact"":-0.20489337,""ci_low"":-0.42513021,""ci_high"":0.02377302,""win_rate"":0.26086957}},""value"":-0.20489337},{""row"":3,""col"":0,""kind"":""sparse"",""pair"":{""id"":""pair-aff34d6b0c43c82e"",""teamId"":""oe:team:4e32226d1afb63dde4a39d02cb1cd0f"",""teamName"":""ENEMI3S"",""playerAId"":""oe:player:09b6f61bada64828758d143e0814881"",""playerBId"":""oe:player:e72c863b7586a6b3a37e6e91339472d"",""playerA"":""xDrop"",""playerB"":""kPr"",""stats"":{""eligible"":false,""n_games_total"":6.0,""n_games"":6.0,""n_days"":6.0,""mean_impact"":-0.07024407,""shrunk_impact"":-0.02634153,""ci_low"":-0.08770329,""ci_high"":0.04742057,""win_rate"":0.0}},""value"":-0.02634153},{""row"":3,""col"":1,""kind"":""sparse"",""pair"":{""id"":""pair-7c4a44ec9491d367"",""teamId"":""oe:team:4e32226d1afb63dde4a39d02cb1cd0f"",""teamName"":""ENEMI3S"",""playerAId"":""oe:player:09b6f61bada64828758d143e0814881"",""playerBId"":""oe:player:d6978cb4b12a5de75f68b2da2f55dc9"",""playerA"":""xDrop"",""playerB"":""XnS"",""stats"":{""eligible"":false,""n_games_total"":6.0,""n_games"":6.0,""n_days"":6.0,""mean_impact"":-0.30689805,""shrunk_impact"":-0.11508677,""ci_low"":-0.19621052,""ci_high"":-0.01751001,""win_rate"":0.0}},""value"":-0.11508677},{""row"":3,""col"":2,""kind"":""sparse"",""pair"":{""id"":""pair-37ec8b5025d0332a"",""teamId"":""oe:team:4e32226d1afb63dde4a39d02cb1cd0f"",""teamName"":""ENEMI3S"",""playerAId"":""oe:player:080079ade773c7f23f7a15d3bc04b6f"",""playerBId"":""oe:player:09b6f61bada64828758d143e0814881"",""playerA"":""Skaterot"",""playerB"":""xDrop"",""stats"":{""eligible"":false,""n_games_total"":6.0,""n_games"":6.0,""n_days"":6.0,""mean_impact"":-0.82469093,""shrunk_impact"":-0.3092591,""ci_low"":-0.43014235,""ci_high"":-0.21746014,""win_rate"":0.0}},""value"":-0.3092591},{""row"":3,""col"":3,""kind"":""self"",""pair"":null,""value"":null},{""row"":3,""col"":4,""kind"":""sparse"",""pair"":{""id"":""pair-a03e243c9452c2e3"",""teamId"":""oe:team:4e32226d1afb63dde4a39d02cb1cd0f"",""teamName"":""ENEMI3S"",""playerAId"":""oe:player:09b6f61bada64828758d143e0814881"",""playerBId"":""oe:player:cdc952e024c99837dc7af684adf322e"",""playerA"":""xDrop"",""playerB"":""Joao"",""stats"":{""eligible"":false,""n_games_total"":6.0,""n_games"":6.0,""n_days"":6.0,""mean_impact"":-0.43331328,""shrunk_impact"":-0.16249248,""ci_low"":-0.24900314,""ci_high"":-0.0544938,""win_rate"":0.0}},""value"":-0.16249248},{""row"":4,""col"":0,""kind"":""eligible"",""pair"":{""id"":""pair-903ce99ef325c129"",""teamId"":""oe:team:4e32226d1afb63dde4a39d02cb1cd0f"",""teamName"":""ENEMI3S"",""playerAId"":""oe:player:cdc952e024c99837dc7af684adf322e"",""playerBId"":""oe:player:e72c863b7586a6b3a37e6e91339472d"",""playerA"":""Joao"",""playerB"":""kPr"",""stats"":{""eligible"":true,""n_games_total"":23.0,""n_games"":23.0,""n_days"":20.0,""mean_impact"":0.20834613,""shrunk_impact"":0.14521094,""ci_low"":-0.10345244,""ci_high"":0.41156223,""win_rate"":0.26086957}},""value"":0.14521094},{""row"":4,""col"":1,""kind"":""eligible"",""pair"":{""id"":""pair-60d1f1c796fe1588"",""teamId"":""oe:team:4e32226d1afb63dde4a39d02cb1cd0f"",""teamName"":""ENEMI3S"",""playerAId"":""oe:player:cdc952e024c99837dc7af684adf322e"",""playerBId"":""oe:player:d6978cb4b12a5de75f68b2da2f55dc9"",""playerA"":""Joao"",""playerB"":""XnS"",""stats"":{""eligible"":true,""n_games_total"":23.0,""n_games"":23.0,""n_days"":20.0,""mean_impact"":0.09906983,""shrunk_impact"":0.06904867,""ci_low"":-0.16999169,""ci_high"":0.30189305,""win_rate"":0.26086957}},""value"":0.06904867},{""row"":4,""col"":2,""kind"":""eligible"",""pair"":{""id"":""pair-88fa9415843aee6a"",""teamId"":""oe:team:4e32226d1afb63dde4a39d02cb1cd0f"",""teamName"":""ENEMI3S"",""playerAId"":""oe:player:080079ade773c7f23f7a15d3bc04b6f"",""playerBId"":""oe:player:cdc952e024c99837dc7af684adf322e"",""playerA"":""Skaterot"",""playerB"":""Joao"",""stats"":{""eligible"":true,""n_games_total"":23.0,""n_games"":23.0,""n_days"":20.0,""mean_impact"":-0.29397744,""shrunk_impact"":-0.20489337,""ci_low"":-0.42513021,""ci_high"":0.02377302,""win_rate"":0.26086957}},""value"":-0.20489337},{""row"":4,""col"":3,""kind"":""sparse"",""pair"":{""id"":""pair-a03e243c9452c2e3"",""teamId"":""oe:team:4e32226d1afb63dde4a39d02cb1cd0f"",""teamName"":""ENEMI3S"",""playerAId"":""oe:player:09b6f61bada64828758d143e0814881"",""playerBId"":""oe:player:cdc952e024c99837dc7af684adf322e"",""playerA"":""xDrop"",""playerB"":""Joao"",""stats"":{""eligible"":false,""n_games_total"":6.0,""n_games"":6.0,""n_days"":6.0,""mean_impact"":-0.43331328,""shrunk_impact"":-0.16249248,""ci_low"":-0.24900314,""ci_high"":-0.0544938,""win_rate"":0.0}},""value"":-0.16249248},{""row"":4,""col"":4,""kind"":""self"",""pair"":null,""value"":null}],""limit"":0.47869625,""hasEligiblePair"":true}"
lineup-94e428ec9496d15f,oe:team:4e32226d1afb63dde4a39d02cb1cd0f,ENEMI3S,2023,oe:player:e72c863b7586a6b3a37e6e91339472d,kPr,oe:player:d6978cb4b12a5de75f68b2da2f55dc9,XnS,oe:player:080079ade773c7f23f7a15d3bc04b6f,Skaterot,oe:player:169774884f14d1849b68ff785bb71b9,Sandalo,oe:player:cdc952e024c99837dc7af684adf322e,Joao,1,1,1,0.85758207,0.07796201,,,False,1.00000000,621.91800878,1.16837482,0.21183372,0.23863988,0.19991448,0.20283918,0.26466870,0.32948655,0.23895664,0.22720531,0.16789990,0.18504132,0.12856027,0.05542764,"{""version"":1,""players"":[{""id"":""oe:player:e72c863b7586a6b3a37e6e91339472d"",""name"":""kPr"",""role"":""top""},{""id"":""oe:player:d6978cb4b12a5de75f68b2da2f55dc9"",""name"":""XnS"",""role"":""jng""},{""id"":""oe:player:080079ade773c7f23f7a15d3bc04b6f"",""name"":""Skaterot"",""role"":""mid""},{""id"":""oe:player:169774884f14d1849b68ff785bb71b9"",""name"":""Sandalo"",""role"":""bot""},{""id"":""oe:player:cdc952e024c99837dc7af684adf322e"",""name"":""Joao"",""role"":""sup""}],""cells"":[{""row"":0,""col"":0,""kind"":""self"",""pair"":null,""value"":null},{""row"":0,""col"":1,""kind"":""eligible"",""pair"":{""id"":""pair-61b4b85ccc25b556"",""teamId"":""oe:team:4e32226d1afb63dde4a39d02cb1cd0f"",""teamName"":""ENEMI3S"",""playerAId"":""oe:player:d6978cb4b12a5de75f68b2da2f55dc9"",""playerBId"":""oe:player:e72c863b7586a6b3a37e6e91339472d"",""playerA"":""XnS"",""playerB"":""kPr"",""stats"":{""eligible"":true,""n_games_total"":23.0,""n_games"":23.0,""n_days"":20.0,""mean_impact"":0.68682506,""shrunk_impact"":0.47869625,""ci_low"":0.16528221,""ci_high"":0.77315844,""win_rate"":0.26086957}},""value"":0.47869625},{""row"":0,""col"":2,""kind"":""eligible"",""pair"":{""id"":""pair-2779f08925b40bee"",""teamId"":""oe:team:4e32226d1afb63dde4a39d02cb1cd0f"",""teamName"":""ENEMI3S"",""playerAId"":""oe:player:080079ade773c7f23f7a15d3bc04b6f"",""playerBId"":""oe:player:e72c863b7586a6b3a37e6e91339472d"",""playerA"":""Skaterot"",""playerB"":""kPr"",""stats"":{""eligible"":true,""n_games_total"":23.0,""n_games"":23.0,""n_days"":20.0,""mean_impact"":0.2937778,""shrunk_impact"":0.20475422,""ci_low"":-0.1243376,""ci_high"":0.54699239,""win_rate"":0.26086957}},""value"":0.20475422},{""row"":0,""col"":3,""kind"":""sparse"",""pair"":{""id"":""pair-0d2d26eccdcf3ede"",""teamId"":""oe:team:4e32226d1afb63dde4a39d02cb1cd0f"",""teamName"":""ENEMI3S"",""playerAId"":""oe:player:169774884f14d1849b68ff785bb71b9"",""playerBId"":""oe:player:e72c863b7586a6b3a37e6e91339472d"",""playerA"":""Sandalo"",""playerB"":""kPr"",""stats"":{""eligible"":false,""n_games_total"":1.0,""n_games"":1.0,""n_days"":1.0,""mean_impact"":0.4800148,""shrunk_impact"":0.04363771,""ci_low"":null,""ci_high"":null,""win_rate"":1.0}},""value"":0.04363771},{""row"":0,""col"":4,""kind"":""eligible"",""pair"":{""id"":""pair-903ce99ef325c129"",""teamId"":""oe:team:4e32226d1afb63dde4a39d02cb1cd0f"",""teamName"":""ENEMI3S"",""playerAId"":""oe:player:cdc952e024c99837dc7af684adf322e"",""playerBId"":""oe:player:e72c863b7586a6b3a37e6e91339472d"",""playerA"":""Joao"",""playerB"":""kPr"",""stats"":{""eligible"":true,""n_games_total"":23.0,""n_games"":23.0,""n_days"":20.0,""mean_impact"":0.20834613,""shrunk_impact"":0.14521094,""ci_low"":-0.10345244,""ci_high"":0.41156223,""win_rate"":0.26086957}},""value"":0.14521094},{""row"":1,""col"":0,""kind"":""eligible"",""pair"":{""id"":""pair-61b4b85ccc25b556"",""teamId"":""oe:team:4e32226d1afb63dde4a39d02cb1cd0f"",""teamName"":""ENEMI3S"",""playerAId"":""oe:player:d6978cb4b12a5de75f68b2da2f55dc9"",""playerBId"":""oe:player:e72c863b7586a6b3a37e6e91339472d"",""playerA"":""XnS"",""playerB"":""kPr"",""stats"":{""eligible"":true,""n_games_total"":23.0,""n_games"":23.0,""n_days"":20.0,""mean_impact"":0.68682506,""shrunk_impact"":0.47869625,""ci_low"":0.16528221,""ci_high"":0.77315844,""win_rate"":0.26086957}},""value"":0.47869625},{""row"":1,""col"":1,""kind"":""self"",""pair"":null,""value"":null},{""row"":1,""col"":2,""kind"":""eligible"",""pair"":{""id"":""pair-1dc5a9c0ea1ec3f1"",""teamId"":""oe:team:4e32226d1afb63dde4a39d02cb1cd0f"",""teamName"":""ENEMI3S"",""playerAId"":""oe:player:080079ade773c7f23f7a15d3bc04b6f"",""playerBId"":""oe:player:d6978cb4b12a5de75f68b2da2f55dc9"",""playerA"":""Skaterot"",""playerB"":""XnS"",""stats"":{""eligible"":true,""n_games_total"":23.0,""n_games"":23.0,""n_days"":20.0,""mean_impact"":0.18450149,""shrunk_impact"":0.12859195,""ci_low"":-0.16907226,""ci_high"":0.40560801,""win_rate"":0.26086957}},""value"":0.12859195},{""row"":1,""col"":3,""kind"":""sparse"",""pair"":{""id"":""pair-4884889604257a9c"",""teamId"":""oe:team:4e32226d1afb63dde4a39d02cb1cd0f"",""teamName"":""ENEMI3S"",""playerAId"":""oe:player:169774884f14d1849b68ff785bb71b9"",""playerBId"":""oe:player:d6978cb4b12a5de75f68b2da2f55dc9"",""playerA"":""Sandalo"",""playerB"":""XnS"",""stats"":{""eligible"":false,""n_games_total"":1.0,""n_games"":1.0,""n_days"":1.0,""mean_impact"":1.35260077,""shrunk_impact"":0.12296371,""ci_low"":null,""ci_high"":null,""win_rate"":1.0}},""value"":0.12296371},{""row"":1,""col"":4,""kind"":""eligible"",""pair"":{""id"":""pair-60d1f1c796fe1588"",""teamId"":""oe:team:4e32226d1afb63dde4a39d02cb1cd0f"",""teamName"":""ENEMI3S"",""playerAId"":""oe:player:cdc952e024c99837dc7af684adf322e"",""playerBId"":""oe:player:d6978cb4b12a5de75f68b2da2f55dc9"",""playerA"":""Joao"",""playerB"":""XnS"",""stats"":{""eligible"":true,""n_games_total"":23.0,""n_games"":23.0,""n_days"":20.0,""mean_impact"":0.09906983,""shrunk_impact"":0.06904867,""ci_low"":-0.16999169,""ci_high"":0.30189305,""win_rate"":0.26086957}},""value"":0.06904867},{""row"":2,""col"":0,""kind"":""eligible"",""pair"":{""id"":""pair-2779f08925b40bee"",""teamId"":""oe:team:4e32226d1afb63dde4a39d02cb1cd0f"",""teamName"":""ENEMI3S"",""playerAId"":""oe:player:080079ade773c7f23f7a15d3bc04b6f"",""playerBId"":""oe:player:e72c863b7586a6b3a37e6e91339472d"",""playerA"":""Skaterot"",""playerB"":""kPr"",""stats"":{""eligible"":true,""n_games_total"":23.0,""n_games"":23.0,""n_days"":20.0,""mean_impact"":0.2937778,""shrunk_impact"":0.20475422,""ci_low"":-0.1243376,""ci_high"":0.54699239,""win_rate"":0.26086957}},""value"":0.20475422},{""row"":2,""col"":1,""kind"":""eligible"",""pair"":{""id"":""pair-1dc5a9c0ea1ec3f1"",""teamId"":""oe:team:4e32226d1afb63dde4a39d02cb1cd0f"",""teamName"":""ENEMI3S"",""playerAId"":""oe:player:080079ade773c7f23f7a15d3bc04b6f"",""playerBId"":""oe:player:d6978cb4b12a5de75f68b2da2f55dc9"",""playerA"":""Skaterot"",""playerB"":""XnS"",""stats"":{""eligible"":true,""n_games_total"":23.0,""n_games"":23.0,""n_days"":20.0,""mean_impact"":0.18450149,""shrunk_impact"":0.12859195,""ci_low"":-0.16907226,""ci_high"":0.40560801,""win_rate"":0.26086957}},""value"":0.12859195},{""row"":2,""col"":2,""kind"":""self"",""pair"":null,""value"":null},{""row"":2,""col"":3,""kind"":""sparse"",""pair"":{""id"":""pair-445f970f79be8b08"",""teamId"":""oe:team:4e32226d1afb63dde4a39d02cb1cd0f"",""teamName"":""ENEMI3S"",""playerAId"":""oe:player:080079ade773c7f23f7a15d3bc04b6f"",""playerBId"":""oe:player:169774884f14d1849b68ff785bb71b9"",""playerA"":""Skaterot"",""playerB"":""Sandalo"",""stats"":{""eligible"":false,""n_games_total"":1.0,""n_games"":1.0,""n_days"":1.0,""mean_impact"":0.27421133,""shrunk_impact"":0.0249283,""ci_low"":null,""ci_high"":null,""win_rate"":1.0}},""value"":0.0249283},{""row"":2,""col"":4,""kind"":""eligible"",""pair"":{""id"":""pair-88fa9415843aee6a"",""teamId"":""oe:team:4e32226d1afb63dde4a39d02cb1cd0f"",""teamName"":""ENEMI3S"",""playerAId"":""oe:player:080079ade773c7f23f7a15d3bc04b6f"",""playerBId"":""oe:player:cdc952e024c99837dc7af684adf322e"",""playerA"":""Skaterot"",""playerB"":""Joao"",""stats"":{""eligible"":true,""n_games_total"":23.0,""n_games"":23.0,""n_days"":20.0,""mean_impact"":-0.29397744,""shrunk_impact"":-0.20489337,""ci_low"":-0.42513021,""ci_high"":0.02377302,""win_rate"":0.26086957}},""value"":-0.20489337},{""row"":3,""col"":0,""kind"":""sparse"",""pair"":{""id"":""pair-0d2d26eccdcf3ede"",""teamId"":""oe:team:4e32226d1afb63dde4a39d02cb1cd0f"",""teamName"":""ENEMI3S"",""playerAId"":""oe:player:169774884f14d1849b68ff785bb71b9"",""playerBId"":""oe:player:e72c863b7586a6b3a37e6e91339472d"",""playerA"":""Sandalo"",""playerB"":""kPr"",""stats"":{""eligible"":false,""n_games_total"":1.0,""n_games"":1.0,""n_days"":1.0,""mean_impact"":0.4800148,""shrunk_impact"":0.04363771,""ci_low"":null,""ci_high"":null,""win_rate"":1.0}},""value"":0.04363771},{""row"":3,""col"":1,""kind"":""sparse"",""pair"":{""id"":""pair-4884889604257a9c"",""teamId"":""oe:team:4e32226d1afb63dde4a39d02cb1cd0f"",""teamName"":""ENEMI3S"",""playerAId"":""oe:player:169774884f14d1849b68ff785bb71b9"",""playerBId"":""oe:player:d6978cb4b12a5de75f68b2da2f55dc9"",""playerA"":""Sandalo"",""playerB"":""XnS"",""stats"":{""eligible"":false,""n_games_total"":1.0,""n_games"":1.0,""n_days"":1.0,""mean_impact"":1.35260077,""shrunk_impact"":0.12296371,""ci_low"":null,""ci_high"":null,""win_rate"":1.0}},""value"":0.12296371},{""row"":3,""col"":2,""kind"":""sparse"",""pair"":{""id"":""pair-445f970f79be8b08"",""teamId"":""oe:team:4e32226d1afb63dde4a39d02cb1cd0f"",""teamName"":""ENEMI3S"",""playerAId"":""oe:player:080079ade773c7f23f7a15d3bc04b6f"",""playerBId"":""oe:player:169774884f14d1849b68ff785bb71b9"",""playerA"":""Skaterot"",""playerB"":""Sandalo"",""stats"":{""eligible"":false,""n_games_total"":1.0,""n_games"":1.0,""n_days"":1.0,""mean_impact"":0.27421133,""shrunk_impact"":0.0249283,""ci_low"":null,""ci_high"":null,""win_rate"":1.0}},""value"":0.0249283},{""row"":3,""col"":3,""kind"":""self"",""pair"":null,""value"":null},{""row"":3,""col"":4,""kind"":""sparse"",""pair"":{""id"":""pair-1ee762419d7e44a7"",""teamId"":""oe:team:4e32226d1afb63dde4a39d02cb1cd0f"",""teamName"":""ENEMI3S"",""playerAId"":""oe:player:169774884f14d1849b68ff785bb71b9"",""playerBId"":""oe:player:cdc952e024c99837dc7af684adf322e"",""playerA"":""Sandalo"",""playerB"":""Joao"",""stats"":{""eligible"":false,""n_games_total"":1.0,""n_games"":1.0,""n_days"":1.0,""mean_impact"":-0.09006724,""shrunk_impact"":-0.00818793,""ci_low"":null,""ci_high"":null,""win_rate"":1.0}},""value"":-0.00818793},{""row"":4,""col"":0,""kind"":""eligible"",""pair"":{""id"":""pair-903ce99ef325c129"",""teamId"":""oe:team:4e32226d1afb63dde4a39d02cb1cd0f"",""teamName"":""ENEMI3S"",""playerAId"":""oe:player:cdc952e024c99837dc7af684adf322e"",""playerBId"":""oe:player:e72c863b7586a6b3a37e6e91339472d"",""playerA"":""Joao"",""playerB"":""kPr"",""stats"":{""eligible"":true,""n_games_total"":23.0,""n_games"":23.0,""n_days"":20.0,""mean_impact"":0.20834613,""shrunk_impact"":0.14521094,""ci_low"":-0.10345244,""ci_high"":0.41156223,""win_rate"":0.26086957}},""value"":0.14521094},{""row"":4,""col"":1,""kind"":""eligible"",""pair"":{""id"":""pair-60d1f1c796fe1588"",""teamId"":""oe:team:4e32226d1afb63dde4a39d02cb1cd0f"",""teamName"":""ENEMI3S"",""playerAId"":""oe:player:cdc952e024c99837dc7af684adf322e"",""playerBId"":""oe:player:d6978cb4b12a5de75f68b2da2f55dc9"",""playerA"":""Joao"",""playerB"":""XnS"",""stats"":{""eligible"":true,""n_games_total"":23.0,""n_games"":23.0,""n_days"":20.0,""mean_impact"":0.09906983,""shrunk_impact"":0.06904867,""ci_low"":-0.16999169,""ci_high"":0.30189305,""win_rate"":0.26086957}},""value"":0.06904867},{""row"":4,""col"":2,""kind"":""eligible"",""pair"":{""id"":""pair-88fa9415843aee6a"",""teamId"":""oe:team:4e32226d1afb63dde4a39d02cb1cd0f"",""teamName"":""ENEMI3S"",""playerAId"":""oe:player:080079ade773c7f23f7a15d3bc04b6f"",""playerBId"":""oe:player:cdc952e024c99837dc7af684adf322e"",""playerA"":""Skaterot"",""playerB"":""Joao"",""stats"":{""eligible"":true,""n_games_total"":23.0,""n_games"":23.0,""n_days"":20.0,""mean_impact"":-0.29397744,""shrunk_impact"":-0.20489337,""ci_low"":-0.42513021,""ci_high"":0.02377302,""win_rate"":0.26086957}},""value"":-0.20489337},{""row"":4,""col"":3,""kind"":""sparse"",""pair"":{""id"":""pair-1ee762419d7e44a7"",""teamId"":""oe:team:4e32226d1afb63dde4a39d02cb1cd0f"",""teamName"":""ENEMI3S"",""playerAId"":""oe:player:169774884f14d1849b68ff785bb71b9"",""playerBId"":""oe:player:cdc952e024c99837dc7af684adf322e"",""playerA"":""Sandalo"",""playerB"":""Joao"",""stats"":{""eligible"":false,""n_games_total"":1.0,""n_games"":1.0,""n_days"":1.0,""mean_impact"":-0.09006724,""shrunk_impact"":-0.00818793,""ci_low"":null,""ci_high"":null,""win_rate"":1.0}},""value"":-0.00818793},{""row"":4,""col"":4,""kind"":""self"",""pair"":null,""value"":null}],""limit"":0.47869625,""hasEligiblePair"":true}"
lineup-a4c53b133152d59c,oe:team:cd6b4265231d4ba346274357681c335,aNc Outplayed,2023,oe:player:ee3b248c3891b6a76a1d12d4ead39df,WeiZoR,oe:player:3697b5086f8d4511f75070f95c95aae,Faith,oe:player:4b6557e79af901ff0372a85f848ccb8,Dream Maker,oe:player:06f016d5551322d49fad225b21de646,kehvo,oe:player:e58cdf8eba80387a09db24e165d7d1c,S1D,11,11,11,-0.25554242,-0.13385555,-0.31485773,0.06202955,True,0.18181818,471.61614840,1.25363028,0.20872972,0.26123368,0.22014556,0.24043091,0.20174750,0.17806450,0.21432074,0.20976250,0.23303473,0.31607515,0.13075147,0.05566694,"{""version"":1,""players"":[{""id"":""oe:player:ee3b248c3891b6a76a1d12d4ead39df"",""name"":""WeiZoR"",""role"":""top""},{""id"":""oe:player:3697b5086f8d4511f75070f95c95aae"",""name"":""Faith"",""role"":""jng""},{""id"":""oe:player:4b6557e79af901ff0372a85f848ccb8"",""name"":""Dream Maker"",""role"":""mid""},{""id"":""oe:player:06f016d5551322d49fad225b21de646"",""name"":""kehvo"",""role"":""bot""},{""id"":""oe:player:e58cdf8eba80387a09db24e165d7d1c"",""name"":""S1D"",""role"":""sup""}],""cells"":[{""row"":0,""col"":0,""kind"":""self"",""pair"":null,""value"":null},{""row"":0,""col"":1,""kind"":""eligible"",""pair"":{""id"":""pair-8209a1e666891572"",""teamId"":""oe:team:cd6b4265231d4ba346274357681c335"",""teamName"":""aNc Outplayed"",""playerAId"":""oe:player:3697b5086f8d4511f75070f95c95aae"",""playerBId"":""oe:player:ee3b248c3891b6a76a1d12d4ead39df"",""playerA"":""Faith"",""playerB"":""WeiZoR"",""stats"":{""eligible"":true,""n_games_total"":14.0,""n_games"":14.0,""n_days"":14.0,""mean_impact"":0.08956497,""shrunk_impact"":0.05224623,""ci_low"":-0.24940393,""ci_high"":0.3924665,""win_rate"":0.35714286}},""value"":0.05224623},{""row"":0,""col"":2,""kind"":""eligible"",""pair"":{""id"":""pair-36c59cde9d5ad55d"",""teamId"":""oe:team:cd6b4265231d4ba346274357681c335"",""teamName"":""aNc Outplayed"",""playerAId"":""oe:player:4b6557e79af901ff0372a85f848ccb8"",""playerBId"":""oe:player:ee3b248c3891b6a76a1d12d4ead39df"",""playerA"":""Dream Maker"",""playerB"":""WeiZoR"",""stats"":{""eligible"":true,""n_games_total"":11.0,""n_games"":11.0,""n_days"":11.0,""mean_impact"":-0.21829425,""shrunk_impact"":-0.11434461,""ci_low"":-0.37176993,""ci_high"":0.16620268,""win_rate"":0.18181818}},""value"":-0.11434461},{""row"":0,""col"":3,""kind"":""eligible"",""pair"":{""id"":""pair-bca3a2c78cb202b3"",""teamId"":""oe:team:cd6b4265231d4ba346274357681c335"",""teamName"":""aNc Outplayed"",""playerAId"":""oe:player:06f016d5551322d49fad225b21de646"",""playerBId"":""oe:player:ee3b248c3891b6a76a1d12d4ead39df"",""playerA"":""kehvo"",""playerB"":""WeiZoR"",""stats"":{""eligible"":true,""n_games_total"":14.0,""n_games"":14.0,""n_days"":14.0,""mean_impact"":0.22196946,""shrunk_impact"":0.12948218,""ci_low"":-0.08766757,""ci_high"":0.40844297,""win_rate"":0.35714286}},""value"":0.12948218},{""row"":0,""col"":4,""kind"":""eligible"",""pair"":{""id"":""pair-8f9e6ea55ca2e7a6"",""teamId"":""oe:team:cd6b4265231d4ba346274357681c335"",""teamName"":""aNc Outplayed"",""playerAId"":""oe:player:e58cdf8eba80387a09db24e165d7d1c"",""playerBId"":""oe:player:ee3b248c3891b6a76a1d12d4ead39df"",""playerA"":""S1D"",""playerB"":""WeiZoR"",""stats"":{""eligible"":true,""n_games_total"":14.0,""n_games"":14.0,""n_days"":14.0,""mean_impact"":-0.47214732,""shrunk_impact"":-0.27541927,""ci_low"":-0.4607338,""ci_high"":-0.01599552,""win_rate"":0.35714286}},""value"":-0.27541927},{""row"":1,""col"":0,""kind"":""eligible"",""pair"":{""id"":""pair-8209a1e666891572"",""teamId"":""oe:team:cd6b4265231d4ba346274357681c335"",""teamName"":""aNc Outplayed"",""playerAId"":""oe:player:3697b5086f8d4511f75070f95c95aae"",""playerBId"":""oe:player:ee3b248c3891b6a76a1d12d4ead39df"",""playerA"":""Faith"",""playerB"":""WeiZoR"",""stats"":{""eligible"":true,""n_games_total"":14.0,""n_games"":14.0,""n_days"":14.0,""mean_impact"":0.08956497,""shrunk_impact"":0.05224623,""ci_low"":-0.24940393,""ci_high"":0.3924665,""win_rate"":0.35714286}},""value"":0.05224623},{""row"":1,""col"":1,""kind"":""self"",""pair"":null,""value"":null},{""row"":1,""col"":2,""kind"":""eligible"",""pair"":{""id"":""pair-b1c9a463168ec6d1"",""teamId"":""oe:team:cd6b4265231d4ba346274357681c335"",""teamName"":""aNc Outplayed"",""playerAId"":""oe:player:3697b5086f8d4511f75070f95c95aae"",""playerBId"":""oe:player:4b6557e79af901ff0372a85f848ccb8"",""playerA"":""Faith"",""playerB"":""Dream Maker"",""stats"":{""eligible"":true,""n_games_total"":21.0,""n_games"":21.0,""n_days"":18.0,""mean_impact"":-0.1750657,""shrunk_impact"":-0.1185929,""ci_low"":-0.36623617,""ci_high"":0.12230306,""win_rate"":0.28571429}},""value"":-0.1185929},{""row"":1,""col"":3,""kind"":""eligible"",""pair"":{""id"":""pair-1476d438d6ccf063"",""teamId"":""oe:team:cd6b4265231d4ba346274357681c335"",""teamName"":""aNc Outplayed"",""playerAId"":""oe:player:06f016d5551322d49fad225b21de646"",""playerBId"":""oe:player:3697b5086f8d4511f75070f95c95aae"",""playerA"":""kehvo"",""playerB"":""Faith"",""stats"":{""eligible"":true,""n_games_total"":14.0,""n_games"":14.0,""n_days"":14.0,""mean_impact"":0.06205379,""shrunk_impact"":0.03619804,""ci_low"":-0.17981518,""ci_high"":0.24867657,""win_rate"":0.35714286}},""value"":0.03619804},{""row"":1,""col"":4,""kind"":""eligible"",""pair"":{""id"":""pair-5c344f6f3400b78c"",""teamId"":""oe:team:cd6b4265231d4ba346274357681c335"",""teamName"":""aNc Outplayed"",""playerAId"":""oe:player:3697b5086f8d4511f75070f95c95aae"",""playerBId"":""oe:player:e58cdf8eba80387a09db24e165d7d1c"",""playerA"":""Faith"",""playerB"":""S1D"",""stats"":{""eligible"":true,""n_games_total"":14.0,""n_games"":14.0,""n_days"":14.0,""mean_impact"":-0.63206299,""shrunk_impact"":-0.36870341,""ci_low"":-0.57217641,""ci_high"":-0.18251222,""win_rate"":0.35714286}},""value"":-0.36870341},{""row"":2,""col"":0,""kind"":""eligible"",""pair"":{""id"":""pair-36c59cde9d5ad55d"",""teamId"":""oe:team:cd6b4265231d4ba346274357681c335"",""teamName"":""aNc Outplayed"",""playerAId"":""oe:player:4b6557e79af901ff0372a85f848ccb8"",""playerBId"":""oe:player:ee3b248c3891b6a76a1d12d4ead39df"",""playerA"":""Dream Maker"",""playerB"":""WeiZoR"",""stats"":{""eligible"":true,""n_games_total"":11.0,""n_games"":11.0,""n_days"":11.0,""mean_impact"":-0.21829425,""shrunk_impact"":-0.11434461,""ci_low"":-0.37176993,""ci_high"":0.16620268,""win_rate"":0.18181818}},""value"":-0.11434461},{""row"":2,""col"":1,""kind"":""eligible"",""pair"":{""id"":""pair-b1c9a463168ec6d1"",""teamId"":""oe:team:cd6b4265231d4ba346274357681c335"",""teamName"":""aNc Outplayed"",""playerAId"":""oe:player:3697b5086f8d4511f75070f95c95aae"",""playerBId"":""oe:player:4b6557e79af901ff0372a85f848ccb8"",""playerA"":""Faith"",""playerB"":""Dream Maker"",""stats"":{""eligible"":true,""n_games_total"":21.0,""n_games"":21.0,""n_days"":18.0,""mean_impact"":-0.1750657,""shrunk_impact"":-0.1185929,""ci_low"":-0.36623617,""ci_high"":0.12230306,""win_rate"":0.28571429}},""value"":-0.1185929},{""row"":2,""col"":2,""kind"":""self"",""pair"":null,""value"":null},{""row"":2,""col"":3,""kind"":""eligible"",""pair"":{""id"":""pair-e43efa99f973c223"",""teamId"":""oe:team:cd6b4265231d4ba346274357681c335"",""teamName"":""aNc Outplayed"",""playerAId"":""oe:player:06f016d5551322d49fad225b21de646"",""playerBId"":""oe:player:4b6557e79af901ff0372a85f848ccb8"",""playerA"":""kehvo"",""playerB"":""Dream Maker"",""stats"":{""eligible"":true,""n_games_total"":11.0,""n_games"":11.0,""n_days"":11.0,""mean_impact"":-0.17935492,""shrunk_impact"":-0.09394782,""ci_low"":-0.2948944,""ci_high"":0.09809195,""win_rate"":0.18181818}},""value"":-0.09394782},{""row"":2,""col"":4,""kind"":""eligible"",""pair"":{""id"":""pair-79ae2570288d75ee"",""teamId"":""oe:team:cd6b4265231d4ba346274357681c335"",""teamName"":""aNc Outplayed"",""playerAId"":""oe:player:4b6557e79af901ff0372a85f848ccb8"",""playerBId"":""oe:player:e58cdf8eba80387a09db24e165d7d1c"",""playerA"":""Dream Maker"",""playerB"":""S1D"",""stats"":{""eligible"":true,""n_games_total"":11.0,""n_games"":11.0,""n_days"":11.0,""mean_impact"":-0.85723724,""shrunk_impact"":-0.44902903,""ci_low"":-0.61716058,""ci_high"":-0.27752999,""win_rate"":0.18181818}},""value"":-0.44902903},{""row"":3,""col"":0,""kind"":""eligible"",""pair"":{""id"":""pair-bca3a2c78cb202b3"",""teamId"":""oe:team:cd6b4265231d4ba346274357681c335"",""teamName"":""aNc Outplayed"",""playerAId"":""oe:player:06f016d5551322d49fad225b21de646"",""playerBId"":""oe:player:ee3b248c3891b6a76a1d12d4ead39df"",""playerA"":""kehvo"",""playerB"":""WeiZoR"",""stats"":{""eligible"":true,""n_games_total"":14.0,""n_games"":14.0,""n_days"":14.0,""mean_impact"":0.22196946,""shrunk_impact"":0.12948218,""ci_low"":-0.08766757,""ci_high"":0.40844297,""win_rate"":0.35714286}},""value"":0.12948218},{""row"":3,""col"":1,""kind"":""eligible"",""pair"":{""id"":""pair-1476d438d6ccf063"",""teamId"":""oe:team:cd6b4265231d4ba346274357681c335"",""teamName"":""aNc Outplayed"",""playerAId"":""oe:player:06f016d5551322d49fad225b21de646"",""playerBId"":""oe:player:3697b5086f8d4511f75070f95c95aae"",""playerA"":""kehvo"",""playerB"":""Faith"",""stats"":{""eligible"":true,""n_games_total"":14.0,""n_games"":14.0,""n_days"":14.0,""mean_impact"":0.06205379,""shrunk_impact"":0.03619804,""ci_low"":-0.17981518,""ci_high"":0.24867657,""win_rate"":0.35714286}},""value"":0.03619804},{""row"":3,""col"":2,""kind"":""eligible"",""pair"":{""id"":""pair-e43efa99f973c223"",""teamId"":""oe:team:cd6b4265231d4ba346274357681c335"",""teamName"":""aNc Outplayed"",""playerAId"":""oe:player:06f016d5551322d49fad225b21de646"",""playerBId"":""oe:player:4b6557e79af901ff0372a85f848ccb8"",""playerA"":""kehvo"",""playerB"":""Dream Maker"",""stats"":{""eligible"":true,""n_games_total"":11.0,""n_games"":11.0,""n_days"":11.0,""mean_impact"":-0.17935492,""shrunk_impact"":-0.09394782,""ci_low"":-0.2948944,""ci_high"":0.09809195,""win_rate"":0.18181818}},""value"":-0.09394782},{""row"":3,""col"":3,""kind"":""self"",""pair"":null,""value"":null},{""row"":3,""col"":4,""kind"":""eligible"",""pair"":{""id"":""pair-9aea667efc306c67"",""teamId"":""oe:team:cd6b4265231d4ba346274357681c335"",""teamName"":""aNc Outplayed"",""playerAId"":""oe:player:06f016d5551322d49fad225b21de646"",""playerBId"":""oe:player:e58cdf8eba80387a09db24e165d7d1c"",""playerA"":""kehvo"",""playerB"":""S1D"",""stats"":{""eligible"":true,""n_games_total"":14.0,""n_games"":14.0,""n_days"":14.0,""mean_impact"":-0.4996585,""shrunk_impact"":-0.29146746,""ci_low"":-0.47579264,""ci_high"":-0.11326548,""win_rate"":0.35714286}},""value"":-0.29146746},{""row"":4,""col"":0,""kind"":""eligible"",""pair"":{""id"":""pair-8f9e6ea55ca2e7a6"",""teamId"":""oe:team:cd6b4265231d4ba346274357681c335"",""teamName"":""aNc Outplayed"",""playerAId"":""oe:player:e58cdf8eba80387a09db24e165d7d1c"",""playerBId"":""oe:player:ee3b248c3891b6a76a1d12d4ead39df"",""playerA"":""S1D"",""playerB"":""WeiZoR"",""stats"":{""eligible"":true,""n_games_total"":14.0,""n_games"":14.0,""n_days"":14.0,""mean_impact"":-0.47214732,""shrunk_impact"":-0.27541927,""ci_low"":-0.4607338,""ci_high"":-0.01599552,""win_rate"":0.35714286}},""value"":-0.27541927},{""row"":4,""col"":1,""kind"":""eligible"",""pair"":{""id"":""pair-5c344f6f3400b78c"",""teamId"":""oe:team:cd6b4265231d4ba346274357681c335"",""teamName"":""aNc Outplayed"",""playerAId"":""oe:player:3697b5086f8d4511f75070f95c95aae"",""playerBId"":""oe:player:e58cdf8eba80387a09db24e165d7d1c"",""playerA"":""Faith"",""playerB"":""S1D"",""stats"":{""eligible"":true,""n_games_total"":14.0,""n_games"":14.0,""n_days"":14.0,""mean_impact"":-0.63206299,""shrunk_impact"":-0.36870341,""ci_low"":-0.57217641,""ci_high"":-0.18251222,""win_rate"":0.35714286}},""value"":-0.36870341},{""row"":4,""col"":2,""kind"":""eligible"",""pair"":{""id"":""pair-79ae2570288d75ee"",""teamId"":""oe:team:cd6b4265231d4ba346274357681c335"",""teamName"":""aNc Outplayed"",""playerAId"":""oe:player:4b6557e79af901ff0372a85f848ccb8"",""playerBId"":""oe:player:e58cdf8eba80387a09db24e165d7d1c"",""playerA"":""Dream Maker"",""playerB"":""S1D"",""stats"":{""eligible"":true,""n_games_total"":11.0,""n_games"":11.0,""n_days"":11.0,""mean_impact"":-0.85723724,""shrunk_impact"":-0.44902903,""ci_low"":-0.61716058,""ci_high"":-0.27752999,""win_rate"":0.18181818}},""value"":-0.44902903},{""row"":4,""col"":3,""kind"":""eligible"",""pair"":{""id"":""pair-9aea667efc306c67"",""teamId"":""oe:team:cd6b4265231d4ba346274357681c335"",""teamName"":""aNc Outplayed"",""playerAId"":""oe:player:06f016d5551322d49fad225b21de646"",""playerBId"":""oe:player:e58cdf8eba80387a09db24e165d7d1c"",""playerA"":""kehvo"",""playerB"":""S1D"",""stats"":{""eligible"":true,""n_games_total"":14.0,""n_games"":14.0,""n_days"":14.0,""mean_impact"":-0.4996585,""shrunk_impact"":-0.29146746,""ci_low"":-0.47579264,""ci_high"":-0.11326548,""win_rate"":0.35714286}},""value"":-0.29146746},{""row"":4,""col"":4,""kind"":""self"",""pair"":null,""value"":null}],""limit"":0.44902903,""hasEligiblePair"":true}"
lineup-b3cf0d8cc5e22a32,oe:team:b3407aff8f36af4d7492aceb5b6bfd6,NOVO Esports,2023,oe:player:acd381e68b92357896c0856efebb366,Smart,oe:player:d7d4d06e35ad3ffd2eed6844c5c1c8b,tooshi,oe:player:b6fc825d2566aadd3254555712bf830,Avarosa,oe:player:38ae8b6297c7e2cdef7f6c8ce30c8f6,Crem,oe:player:a5c70cdfcff6537d4af4e9204ad252c,Tinelli,4,4,4,-0.40895912,-0.11684546,-0.17842856,-0.02886116,False,0.50000000,385.52406649,1.21139220,0.20864259,0.24431248,0.21682557,0.23999254,0.20538714,0.16143373,0.23258662,0.24323416,0.21881840,0.28537237,0.12638228,0.06996720,"{""version"":1,""players"":[{""id"":""oe:player:acd381e68b92357896c0856efebb366"",""name"":""Smart"",""role"":""top""},{""id"":""oe:player:d7d4d06e35ad3ffd2eed6844c5c1c8b"",""name"":""tooshi"",""role"":""jng""},{""id"":""oe:player:b6fc825d2566aadd3254555712bf830"",""name"":""Avarosa"",""role"":""mid""},{""id"":""oe:player:38ae8b6297c7e2cdef7f6c8ce30c8f6"",""name"":""Crem"",""role"":""bot""},{""id"":""oe:player:a5c70cdfcff6537d4af4e9204ad252c"",""name"":""Tinelli"",""role"":""sup""}],""cells"":[{""row"":0,""col"":0,""kind"":""self"",""pair"":null,""value"":null},{""row"":0,""col"":1,""kind"":""sparse"",""pair"":{""id"":""pair-2eeadba7b1bb659c"",""teamId"":""oe:team:b3407aff8f36af4d7492aceb5b6bfd6"",""teamName"":""NOVO Esports"",""playerAId"":""oe:player:acd381e68b92357896c0856efebb366"",""playerBId"":""oe:player:d7d4d06e35ad3ffd2eed6844c5c1c8b"",""playerA"":""Smart"",""playerB"":""tooshi"",""stats"":{""eligible"":false,""n_games_total"":4.0,""n_games"":4.0,""n_days"":4.0,""mean_impact"":-0.17953538,""shrunk_impact"":-0.05129582,""ci_low"":-0.1494302,""ci_high"":0.07408492,""win_rate"":0.5}},""value"":-0.05129582},{""row"":0,""col"":2,""kind"":""sparse"",""pair"":{""id"":""pair-18ab4c57946cf5b2"",""teamId"":""oe:team:b3407aff8f36af4d7492aceb5b6bfd6"",""teamName"":""NOVO Esports"",""playerAId"":""oe:player:acd381e68b92357896c0856efebb366"",""playerBId"":""oe:player:b6fc825d2566aadd3254555712bf830"",""playerA"":""Smart"",""playerB"":""Avarosa"",""stats"":{""eligible"":false,""n_games_total"":4.0,""n_games"":4.0,""n_days"":4.0,""mean_impact"":-0.32805207,""shrunk_impact"":-0.09372916,""ci_low"":-0.23577846,""ci_high"":0.0346535,""win_rate"":0.5}},""value"":-0.09372916},{""row"":0,""col"":3,""kind"":""sparse"",""pair"":{""id"":""pair-5f7d1f9fc5c59e61"",""teamId"":""oe:team:b3407aff8f36af4d7492aceb5b6bfd6"",""teamName"":""NOVO Esports"",""playerAId"":""oe:player:38ae8b6297c7e2cdef7f6c8ce30c8f6"",""playerBId"":""oe:player:acd381e68b92357896c0856efebb366"",""playerA"":""Crem"",""playerB"":""Smart"",""stats"":{""eligible"":false,""n_games_total"":4.0,""n_games"":4.0,""n_days"":4.0,""mean_impact"":-0.13991057,""shrunk_impact"":-0.03997445,""ci_low"":-0.23226571,""ci_high"":0.15231681,""win_rate"":0.5}},""value"":-0.03997445},{""row"":0,""col"":4,""kind"":""sparse"",""pair"":{""id"":""pair-967ed9af9a135a1c"",""teamId"":""oe:team:b3407aff8f36af4d7492aceb5b6bfd6"",""teamName"":""NOVO Esports"",""playerAId"":""oe:player:a5c70cdfcff6537d4af4e9204ad252c"",""playerBId"":""oe:player:acd381e68b92357896c0856efebb366"",""playerA"":""Tinelli"",""playerB"":""Smart"",""stats"":{""eligible"":false,""n_games_total"":4.0,""n_games"":4.0,""n_days"":4.0,""mean_impact"":-0.14118058,""shrunk_impact"":-0.04033731,""ci_low"":-0.1302141,""ci_high"":0.04953948,""win_rate"":0.5}},""value"":-0.04033731},{""row"":1,""col"":0,""kind"":""sparse"",""pair"":{""id"":""pair-2eeadba7b1bb659c"",""teamId"":""oe:team:b3407aff8f36af4d7492aceb5b6bfd6"",""teamName"":""NOVO Esports"",""playerAId"":""oe:player:acd381e68b92357896c0856efebb366"",""playerBId"":""oe:player:d7d4d06e35ad3ffd2eed6844c5c1c8b"",""playerA"":""Smart"",""playerB"":""tooshi"",""stats"":{""eligible"":false,""n_games_total"":4.0,""n_games"":4.0,""n_days"":4.0,""mean_impact"":-0.17953538,""shrunk_impact"":-0.05129582,""ci_low"":-0.1494302,""ci_high"":0.07408492,""win_rate"":0.5}},""value"":-0.05129582},{""row"":1,""col"":1,""kind"":""self"",""pair"":null,""value"":null},{""row"":1,""col"":2,""kind"":""sparse"",""pair"":{""id"":""pair-5c802f0407430702"",""teamId"":""oe:team:b3407aff8f36af4d7492aceb5b6bfd6"",""teamName"":""NOVO Esports"",""playerAId"":""oe:player:b6fc825d2566aadd3254555712bf830"",""playerBId"":""oe:player:d7d4d06e35ad3ffd2eed6844c5c1c8b"",""playerA"":""Avarosa"",""playerB"":""tooshi"",""stats"":{""eligible"":false,""n_games_total"":4.0,""n_games"":4.0,""n_days"":4.0,""mean_impact"":-0.66340025,""shrunk_impact"":-0.18954293,""ci_low"":-0.34248755,""ci_high"":-0.09547618,""win_rate"":0.5}},""value"":-0.18954293},{""row"":1,""col"":3,""kind"":""sparse"",""pair"":{""id"":""pair-37813d6d7d3b612a"",""teamId"":""oe:team:b3407aff8f36af4d7492aceb5b6bfd6"",""teamName"":""NOVO Esports"",""playerAId"":""oe:player:38ae8b6297c7e2cdef7f6c8ce30c8f6"",""playerBId"":""oe:player:d7d4d06e35ad3ffd2eed6844c5c1c8b"",""playerA"":""Crem"",""playerB"":""tooshi"",""stats"":{""eligible"":false,""n_games_total"":4.0,""n_games"":4.0,""n_days"":4.0,""mean_impact"":-0.47525876,""shrunk_impact"":-0.13578822,""ci_low"":-0.23712767,""ci_high"":-0.00317858,""win_rate"":0.5}},""value"":-0.13578822},{""row"":1,""col"":4,""kind"":""sparse"",""pair"":{""id"":""pair-849cabed37f3e580"",""teamId"":""oe:team:b3407aff8f36af4d7492aceb5b6bfd6"",""teamName"":""NOVO Esports"",""playerAId"":""oe:player:a5c70cdfcff6537d4af4e9204ad252c"",""playerBId"":""oe:player:d7d4d06e35ad3ffd2eed6844c5c1c8b"",""playerA"":""Tinelli"",""playerB"":""tooshi"",""stats"":{""eligible"":false,""n_games_total"":4.0,""n_games"":4.0,""n_days"":4.0,""mean_impact"":-0.47652877,""shrunk_impact"":-0.13615108,""ci_low"":-0.25580222,""ci_high"":-0.04627534,""win_rate"":0.5}},""value"":-0.13615108},{""row"":2,""col"":0,""kind"":""sparse"",""pair"":{""id"":""pair-18ab4c57946cf5b2"",""teamId"":""oe:team:b3407aff8f36af4d7492aceb5b6bfd6"",""teamName"":""NOVO Esports"",""playerAId"":""oe:player:acd381e68b92357896c0856efebb366"",""playerBId"":""oe:player:b6fc825d2566aadd3254555712bf830"",""playerA"":""Smart"",""playerB"":""Avarosa"",""stats"":{""eligible"":false,""n_games_total"":4.0,""n_games"":4.0,""n_days"":4.0,""mean_impact"":-0.32805207,""shrunk_impact"":-0.09372916,""ci_low"":-0.23577846,""ci_high"":0.0346535,""win_rate"":0.5}},""value"":-0.09372916},{""row"":2,""col"":1,""kind"":""sparse"",""pair"":{""id"":""pair-5c802f0407430702"",""teamId"":""oe:team:b3407aff8f36af4d7492aceb5b6bfd6"",""teamName"":""NOVO Esports"",""playerAId"":""oe:player:b6fc825d2566aadd3254555712bf830"",""playerBId"":""oe:player:d7d4d06e35ad3ffd2eed6844c5c1c8b"",""playerA"":""Avarosa"",""playerB"":""tooshi"",""stats"":{""eligible"":false,""n_games_total"":4.0,""n_games"":4.0,""n_days"":4.0,""mean_impact"":-0.66340025,""shrunk_impact"":-0.18954293,""ci_low"":-0.34248755,""ci_high"":-0.09547618,""win_rate"":0.5}},""value"":-0.18954293},{""row"":2,""col"":2,""kind"":""self"",""pair"":null,""value"":null},{""row"":2,""col"":3,""kind"":""sparse"",""pair"":{""id"":""pair-dcba5905134d6c5c"",""teamId"":""oe:team:b3407aff8f36af4d7492aceb5b6bfd6"",""teamName"":""NOVO Esports"",""playerAId"":""oe:player:38ae8b6297c7e2cdef7f6c8ce30c8f6"",""playerBId"":""oe:player:b6fc825d2566aadd3254555712bf830"",""playerA"":""Crem"",""playerB"":""Avarosa"",""stats"":{""eligible"":false,""n_games_total"":4.0,""n_games"":4.0,""n_days"":4.0,""mean_impact"":-0.62377544,""shrunk_impact"":-0.17822155,""ci_low"":-0.26504818,""ci_high"":-0.05743818,""win_rate"":0.5}},""value"":-0.17822155},{""row"":2,""col"":4,""kind"":""sparse"",""pair"":{""id"":""pair-9148a00569701806"",""teamId"":""oe:team:b3407aff8f36af4d7492aceb5b6bfd6"",""teamName"":""NOVO Esports"",""playerAId"":""oe:player:a5c70cdfcff6537d4af4e9204ad252c"",""playerBId"":""oe:player:b6fc825d2566aadd3254555712bf830"",""playerA"":""Tinelli"",""playerB"":""Avarosa"",""stats"":{""eligible"":false,""n_games_total"":4.0,""n_games"":4.0,""n_days"":4.0,""mean_impact"":-0.62504545,""shrunk_impact"":-0.17858441,""ci_low"":-0.26821543,""ci_high"":-0.11723168,""win_rate"":0.5}},""value"":-0.17858441},{""row"":3,""col"":0,""kind"":""sparse"",""pair"":{""id"":""pair-5f7d1f9fc5c59e61"",""teamId"":""oe:team:b3407aff8f36af4d7492aceb5b6bfd6"",""teamName"":""NOVO Esports"",""playerAId"":""oe:player:38ae8b6297c7e2cdef7f6c8ce30c8f6"",""playerBId"":""oe:player:acd381e68b92357896c0856efebb366"",""playerA"":""Crem"",""playerB"":""Smart"",""stats"":{""eligible"":false,""n_games_total"":4.0,""n_games"":4.0,""n_days"":4.0,""mean_impact"":-0.13991057,""shrunk_impact"":-0.03997445,""ci_low"":-0.23226571,""ci_high"":0.15231681,""win_rate"":0.5}},""value"":-0.03997445},{""row"":3,""col"":1,""kind"":""sparse"",""pair"":{""id"":""pair-37813d6d7d3b612a"",""teamId"":""oe:team:b3407aff8f36af4d7492aceb5b6bfd6"",""teamName"":""NOVO Esports"",""playerAId"":""oe:player:38ae8b6297c7e2cdef7f6c8ce30c8f6"",""playerBId"":""oe:player:d7d4d06e35ad3ffd2eed6844c5c1c8b"",""playerA"":""Crem"",""playerB"":""tooshi"",""stats"":{""eligible"":false,""n_games_total"":4.0,""n_games"":4.0,""n_days"":4.0,""mean_impact"":-0.47525876,""shrunk_impact"":-0.13578822,""ci_low"":-0.23712767,""ci_high"":-0.00317858,""win_rate"":0.5}},""value"":-0.13578822},{""row"":3,""col"":2,""kind"":""sparse"",""pair"":{""id"":""pair-dcba5905134d6c5c"",""teamId"":""oe:team:b3407aff8f36af4d7492aceb5b6bfd6"",""teamName"":""NOVO Esports"",""playerAId"":""oe:player:38ae8b6297c7e2cdef7f6c8ce30c8f6"",""playerBId"":""oe:player:b6fc825d2566aadd3254555712bf830"",""playerA"":""Crem"",""playerB"":""Avarosa"",""stats"":{""eligible"":false,""n_games_total"":4.0,""n_games"":4.0,""n_days"":4.0,""mean_impact"":-0.62377544,""shrunk_impact"":-0.17822155,""ci_low"":-0.26504818,""ci_high"":-0.05743818,""win_rate"":0.5}},""value"":-0.17822155},{""row"":3,""col"":3,""kind"":""self"",""pair"":null,""value"":null},{""row"":3,""col"":4,""kind"":""sparse"",""pair"":{""id"":""pair-fc602df6d223cafc"",""teamId"":""oe:team:b3407aff8f36af4d7492aceb5b6bfd6"",""teamName"":""NOVO Esports"",""playerAId"":""oe:player:38ae8b6297c7e2cdef7f6c8ce30c8f6"",""playerBId"":""oe:player:a5c70cdfcff6537d4af4e9204ad252c"",""playerA"":""Crem"",""playerB"":""Tinelli"",""stats"":{""eligible"":false,""n_games_total"":4.0,""n_games"":4.0,""n_days"":4.0,""mean_impact"":-0.43690396,""shrunk_impact"":-0.1248297,""ci_low"":-0.18902028,""ci_high"":-0.03810384,""win_rate"":0.5}},""value"":-0.1248297},{""row"":4,""col"":0,""kind"":""sparse"",""pair"":{""id"":""pair-967ed9af9a135a1c"",""teamId"":""oe:team:b3407aff8f36af4d7492aceb5b6bfd6"",""teamName"":""NOVO Esports"",""playerAId"":""oe:player:a5c70cdfcff6537d4af4e9204ad252c"",""playerBId"":""oe:player:acd381e68b92357896c0856efebb366"",""playerA"":""Tinelli"",""playerB"":""Smart"",""stats"":{""eligible"":false,""n_games_total"":4.0,""n_games"":4.0,""n_days"":4.0,""mean_impact"":-0.14118058,""shrunk_impact"":-0.04033731,""ci_low"":-0.1302141,""ci_high"":0.04953948,""win_rate"":0.5}},""value"":-0.04033731},{""row"":4,""col"":1,""kind"":""sparse"",""pair"":{""id"":""pair-849cabed37f3e580"",""teamId"":""oe:team:b3407aff8f36af4d7492aceb5b6bfd6"",""teamName"":""NOVO Esports"",""playerAId"":""oe:player:a5c70cdfcff6537d4af4e9204ad252c"",""playerBId"":""oe:player:d7d4d06e35ad3ffd2eed6844c5c1c8b"",""playerA"":""Tinelli"",""playerB"":""tooshi"",""stats"":{""eligible"":false,""n_games_total"":4.0,""n_games"":4.0,""n_days"":4.0,""mean_impact"":-0.47652877,""shrunk_impact"":-0.13615108,""ci_low"":-0.25580222,""ci_high"":-0.04627534,""win_rate"":0.5}},""value"":-0.13615108},{""row"":4,""col"":2,""kind"":""sparse"",""pair"":{""id"":""pair-9148a00569701806"",""teamId"":""oe:team:b3407aff8f36af4d7492aceb5b6bfd6"",""teamName"":""NOVO Esports"",""playerAId"":""oe:player:a5c70cdfcff6537d4af4e9204ad252c"",""playerBId"":""oe:player:b6fc825d2566aadd3254555712bf830"",""playerA"":""Tinelli"",""playerB"":""Avarosa"",""stats"":{""eligible"":false,""n_games_total"":4.0,""n_games"":4.0,""n_days"":4.0,""mean_impact"":-0.62504545,""shrunk_impact"":-0.17858441,""ci_low"":-0.26821543,""ci_high"":-0.11723168,""win_rate"":0.5}},""value"":-0.17858441},{""row"":4,""col"":3,""kind"":""sparse"",""pair"":{""id"":""pair-fc602df6d223cafc"",""teamId"":""oe:team:b3407aff8f36af4d7492aceb5b6bfd6"",""teamName"":""NOVO Esports"",""playerAId"":""oe:player:38ae8b6297c7e2cdef7f6c8ce30c8f6"",""playerBId"":""oe:player:a5c70cdfcff6537d4af4e9204ad252c"",""playerA"":""Crem"",""playerB"":""Tinelli"",""stats"":{""eligible"":false,""n_games_total"":4.0,""n_games"":4.0,""n_days"":4.0,""mean_impact"":-0.43690396,""shrunk_impact"":-0.1248297,""ci_low"":-0.18902028,""ci_high"":-0.03810384,""win_rate"":0.5}},""value"":-0.1248297},{""row"":4,""col"":4,""kind"":""self"",""pair"":null,""value"":null}],""limit"":0.18954293,""hasEligiblePair"":false}"
lineup-b4f562cf5d88343a,oe:team:2857b1b013cbea649c5c610a18efa44,Atleta Esport,2023,oe:player:46c8f3a5fb8d9cf794de4991ee30c40,Obelisk,oe:player:48e06b61418cf7d3391acd04e2462a6,Kikis,oe:player:b8c5bfbff49a0f1459f1c15d824fde7,Sebekx,oe:player:ffc7be970454e6871321d2385be5a22,Creon,oe:player:330649b30536a93ea9363a7dd17e7dd,Cospect,32,32,23,0.10165560,0.07745188,-0.11491634,0.27820669,True,0.59375000,527.62600317,1.45257626,0.20717308,0.24226528,0.19936706,0.21886897,0.20624222,0.17981496,0.22900313,0.27324696,0.22886143,0.25908353,0.13652616,0.06898559,"{""version"":1,""players"":[{""id"":""oe:player:46c8f3a5fb8d9cf794de4991ee30c40"",""name"":""Obelisk"",""role"":""top""},{""id"":""oe:player:48e06b61418cf7d3391acd04e2462a6"",""name"":""Kikis"",""role"":""jng""},{""id"":""oe:player:b8c5bfbff49a0f1459f1c15d824fde7"",""name"":""Sebekx"",""role"":""mid""},{""id"":""oe:player:ffc7be970454e6871321d2385be5a22"",""name"":""Creon"",""role"":""bot""},{""id"":""oe:player:330649b30536a93ea9363a7dd17e7dd"",""name"":""Cospect"",""role"":""sup""}],""cells"":[{""row"":0,""col"":0,""kind"":""self"",""pair"":null,""value"":null},{""row"":0,""col"":1,""kind"":""eligible"",""pair"":{""id"":""pair-73cda50bdd2bf429"",""teamId"":""oe:team:2857b1b013cbea649c5c610a18efa44"",""teamName"":""Atleta Esport"",""playerAId"":""oe:player:46c8f3a5fb8d9cf794de4991ee30c40"",""playerBId"":""oe:player:48e06b61418cf7d3391acd04e2462a6"",""playerA"":""Obelisk"",""playerB"":""Kikis"",""stats"":{""eligible"":true,""n_games_total"":32.0,""n_games"":32.0,""n_days"":23.0,""mean_impact"":0.16455818,""shrunk_impact"":0.12537766,""ci_low"":-0.09874363,""ci_high"":0.3317156,""win_rate"":0.59375}},""value"":0.12537766},{""row"":0,""col"":2,""kind"":""eligible"",""pair"":{""id"":""pair-54aee08c41a03bec"",""teamId"":""oe:team:2857b1b013cbea649c5c610a18efa44"",""teamName"":""Atleta Esport"",""playerAId"":""oe:player:46c8f3a5fb8d9cf794de4991ee30c40"",""playerBId"":""oe:player:b8c5bfbff49a0f1459f1c15d824fde7"",""playerA"":""Obelisk"",""playerB"":""Sebekx"",""stats"":{""eligible"":true,""n_games_total"":32.0,""n_games"":32.0,""n_days"":23.0,""mean_impact"":0.34783289,""shrunk_impact"":0.26501553,""ci_low"":0.07501463,""ci_high"":0.44907284,""win_rate"":0.59375}},""value"":0.26501553},{""row"":0,""col"":3,""kind"":""eligible"",""pair"":{""id"":""pair-4e630401fdc87971"",""teamId"":""oe:team:2857b1b013cbea649c5c610a18efa44"",""teamName"":""Atleta Esport"",""playerAId"":""oe:player:46c8f3a5fb8d9cf794de4991ee30c40"",""playerBId"":""oe:player:ffc7be970454e6871321d2385be5a22"",""playerA"":""Obelisk"",""playerB"":""Creon"",""stats"":{""eligible"":true,""n_games_total"":32.0,""n_games"":32.0,""n_days"":23.0,""mean_impact"":0.16483767,""shrunk_impact"":0.12559061,""ci_low"":-0.0797731,""ci_high"":0.32698083,""win_rate"":0.59375}},""value"":0.12559061},{""row"":0,""col"":4,""kind"":""eligible"",""pair"":{""id"":""pair-4c489a4680112f4c"",""teamId"":""oe:team:2857b1b013cbea649c5c610a18efa44"",""teamName"":""Atleta Esport"",""playerAId"":""oe:player:330649b30536a93ea9363a7dd17e7dd"",""playerBId"":""oe:player:46c8f3a5fb8d9cf794de4991ee30c40"",""playerA"":""Cospect"",""playerB"":""Obelisk"",""stats"":{""eligible"":true,""n_games_total"":32.0,""n_games"":32.0,""n_days"":23.0,""mean_impact"":-0.16316226,""shrunk_impact"":-0.1243141,""ci_low"":-0.3122337,""ci_high"":0.01702526,""win_rate"":0.59375}},""value"":-0.1243141},{""row"":1,""col"":0,""kind"":""eligible"",""pair"":{""id"":""pair-73cda50bdd2bf429"",""teamId"":""oe:team:2857b1b013cbea649c5c610a18efa44"",""teamName"":""Atleta Esport"",""playerAId"":""oe:player:46c8f3a5fb8d9cf794de4991ee30c40"",""playerBId"":""oe:player:48e06b61418cf7d3391acd04e2462a6"",""playerA"":""Obelisk"",""playerB"":""Kikis"",""stats"":{""eligible"":true,""n_games_total"":32.0,""n_games"":32.0,""n_days"":23.0,""mean_impact"":0.16455818,""shrunk_impact"":0.12537766,""ci_low"":-0.09874363,""ci_high"":0.3317156,""win_rate"":0.59375}},""value"":0.12537766},{""row"":1,""col"":1,""kind"":""self"",""pair"":null,""value"":null},{""row"":1,""col"":2,""kind"":""eligible"",""pair"":{""id"":""pair-3729064aea774282"",""teamId"":""oe:team:2857b1b013cbea649c5c610a18efa44"",""teamName"":""Atleta Esport"",""playerAId"":""oe:player:48e06b61418cf7d3391acd04e2462a6"",""playerBId"":""oe:player:b8c5bfbff49a0f1459f1c15d824fde7"",""playerA"":""Kikis"",""playerB"":""Sebekx"",""stats"":{""eligible"":true,""n_games_total"":32.0,""n_games"":32.0,""n_days"":23.0,""mean_impact"":0.33910608,""shrunk_impact"":0.25836654,""ci_low"":-0.02328273,""ci_high"":0.52902792,""win_rate"":0.59375}},""value"":0.25836654},{""row"":1,""col"":3,""kind"":""eligible"",""pair"":{""id"":""pair-b9fd27d8b5011c94"",""teamId"":""oe:team:2857b1b013cbea649c5c610a18efa44"",""teamName"":""Atleta Esport"",""playerAId"":""oe:player:48e06b61418cf7d3391acd04e2462a6"",""playerBId"":""oe:player:ffc7be970454e6871321d2385be5a22"",""playerA"":""Kikis"",""playerB"":""Creon"",""stats"":{""eligible"":true,""n_games_total"":32.0,""n_games"":32.0,""n_days"":23.0,""mean_impact"":0.15611087,""shrunk_impact"":0.11894161,""ci_low"":-0.1634514,""ci_high"":0.40539798,""win_rate"":0.59375}},""value"":0.11894161},{""row"":1,""col"":4,""kind"":""eligible"",""pair"":{""id"":""pair-754e46e876119103"",""teamId"":""oe:team:2857b1b013cbea649c5c610a18efa44"",""teamName"":""Atleta Esport"",""playerAId"":""oe:player:330649b30536a93ea9363a7dd17e7dd"",""playerBId"":""oe:player:48e06b61418cf7d3391acd04e2462a6"",""playerA"":""Cospect"",""playerB"":""Kikis"",""stats"":{""eligible"":true,""n_games_total"":32.0,""n_games"":32.0,""n_days"":23.0,""mean_impact"":-0.17188907,""shrunk_impact"":-0.1309631,""ci_low"":-0.3469831,""ci_high"":0.07094699,""win_rate"":0.59375}},""value"":-0.1309631},{""row"":2,""col"":0,""kind"":""eligible"",""pair"":{""id"":""pair-54aee08c41a03bec"",""teamId"":""oe:team:2857b1b013cbea649c5c610a18efa44"",""teamName"":""Atleta Esport"",""playerAId"":""oe:player:46c8f3a5fb8d9cf794de4991ee30c40"",""playerBId"":""oe:player:b8c5bfbff49a0f1459f1c15d824fde7"",""playerA"":""Obelisk"",""playerB"":""Sebekx"",""stats"":{""eligible"":true,""n_games_total"":32.0,""n_games"":32.0,""n_days"":23.0,""mean_impact"":0.34783289,""shrunk_impact"":0.26501553,""ci_low"":0.07501463,""ci_high"":0.44907284,""win_rate"":0.59375}},""value"":0.26501553},{""row"":2,""col"":1,""kind"":""eligible"",""pair"":{""id"":""pair-3729064aea774282"",""teamId"":""oe:team:2857b1b013cbea649c5c610a18efa44"",""teamName"":""Atleta Esport"",""playerAId"":""oe:player:48e06b61418cf7d3391acd04e2462a6"",""playerBId"":""oe:player:b8c5bfbff49a0f1459f1c15d824fde7"",""playerA"":""Kikis"",""playerB"":""Sebekx"",""stats"":{""eligible"":true,""n_games_total"":32.0,""n_games"":32.0,""n_days"":23.0,""mean_impact"":0.33910608,""shrunk_impact"":0.25836654,""ci_low"":-0.02328273,""ci_high"":0.52902792,""win_rate"":0.59375}},""value"":0.25836654},{""row"":2,""col"":2,""kind"":""self"",""pair"":null,""value"":null},{""row"":2,""col"":3,""kind"":""eligible"",""pair"":{""id"":""pair-990d3d7f3d47fbca"",""teamId"":""oe:team:2857b1b013cbea649c5c610a18efa44"",""teamName"":""Atleta Esport"",""playerAId"":""oe:player:b8c5bfbff49a0f1459f1c15d824fde7"",""playerBId"":""oe:player:ffc7be970454e6871321d2385be5a22"",""playerA"":""Sebekx"",""playerB"":""Creon"",""stats"":{""eligible"":true,""n_games_total"":32.0,""n_games"":32.0,""n_days"":23.0,""mean_impact"":0.33938557,""shrunk_impact"":0.25857948,""ci_low"":-0.01800033,""ci_high"":0.54889216,""win_rate"":0.59375}},""value"":0.25857948},{""row"":2,""col"":4,""kind"":""eligible"",""pair"":{""id"":""pair-4771c1323f409f62"",""teamId"":""oe:team:2857b1b013cbea649c5c610a18efa44"",""teamName"":""Atleta Esport"",""playerAId"":""oe:player:330649b30536a93ea9363a7dd17e7dd"",""playerBId"":""oe:player:b8c5bfbff49a0f1459f1c15d824fde7"",""playerA"":""Cospect"",""playerB"":""Sebekx"",""stats"":{""eligible"":true,""n_games_total"":32.0,""n_games"":32.0,""n_days"":23.0,""mean_impact"":0.01138564,""shrunk_impact"":0.00867477,""ci_low"":-0.21269116,""ci_high"":0.24429124,""win_rate"":0.59375}},""value"":0.00867477},{""row"":3,""col"":0,""kind"":""eligible"",""pair"":{""id"":""pair-4e630401fdc87971"",""teamId"":""oe:team:2857b1b013cbea649c5c610a18efa44"",""teamName"":""Atleta Esport"",""playerAId"":""oe:player:46c8f3a5fb8d9cf794de4991ee30c40"",""playerBId"":""oe:player:ffc7be970454e6871321d2385be5a22"",""playerA"":""Obelisk"",""playerB"":""Creon"",""stats"":{""eligible"":true,""n_games_total"":32.0,""n_games"":32.0,""n_days"":23.0,""mean_impact"":0.16483767,""shrunk_impact"":0.12559061,""ci_low"":-0.0797731,""ci_high"":0.32698083,""win_rate"":0.59375}},""value"":0.12559061},{""row"":3,""col"":1,""kind"":""eligible"",""pair"":{""id"":""pair-b9fd27d8b5011c94"",""teamId"":""oe:team:2857b1b013cbea649c5c610a18efa44"",""teamName"":""Atleta Esport"",""playerAId"":""oe:player:48e06b61418cf7d3391acd04e2462a6"",""playerBId"":""oe:player:ffc7be970454e6871321d2385be5a22"",""playerA"":""Kikis"",""playerB"":""Creon"",""stats"":{""eligible"":true,""n_games_total"":32.0,""n_games"":32.0,""n_days"":23.0,""mean_impact"":0.15611087,""shrunk_impact"":0.11894161,""ci_low"":-0.1634514,""ci_high"":0.40539798,""win_rate"":0.59375}},""value"":0.11894161},{""row"":3,""col"":2,""kind"":""eligible"",""pair"":{""id"":""pair-990d3d7f3d47fbca"",""teamId"":""oe:team:2857b1b013cbea649c5c610a18efa44"",""teamName"":""Atleta Esport"",""playerAId"":""oe:player:b8c5bfbff49a0f1459f1c15d824fde7"",""playerBId"":""oe:player:ffc7be970454e6871321d2385be5a22"",""playerA"":""Sebekx"",""playerB"":""Creon"",""stats"":{""eligible"":true,""n_games_total"":32.0,""n_games"":32.0,""n_days"":23.0,""mean_impact"":0.33938557,""shrunk_impact"":0.25857948,""ci_low"":-0.01800033,""ci_high"":0.54889216,""win_rate"":0.59375}},""value"":0.25857948},{""row"":3,""col"":3,""kind"":""self"",""pair"":null,""value"":null},{""row"":3,""col"":4,""kind"":""eligible"",""pair"":{""id"":""pair-ca87d2c41e8b1311"",""teamId"":""oe:team:2857b1b013cbea649c5c610a18efa44"",""teamName"":""Atleta Esport"",""playerAId"":""oe:player:330649b30536a93ea9363a7dd17e7dd"",""playerBId"":""oe:player:ffc7be970454e6871321d2385be5a22"",""playerA"":""Cospect"",""playerB"":""Creon"",""stats"":{""eligible"":true,""n_games_total"":32.0,""n_games"":32.0,""n_days"":23.0,""mean_impact"":-0.17160958,""shrunk_impact"":-0.13075015,""ci_low"":-0.34032191,""ci_high"":0.08989125,""win_rate"":0.59375}},""value"":-0.13075015},{""row"":4,""col"":0,""kind"":""eligible"",""pair"":{""id"":""pair-4c489a4680112f4c"",""teamId"":""oe:team:2857b1b013cbea649c5c610a18efa44"",""teamName"":""Atleta Esport"",""playerAId"":""oe:player:330649b30536a93ea9363a7dd17e7dd"",""playerBId"":""oe:player:46c8f3a5fb8d9cf794de4991ee30c40"",""playerA"":""Cospect"",""playerB"":""Obelisk"",""stats"":{""eligible"":true,""n_games_total"":32.0,""n_games"":32.0,""n_days"":23.0,""mean_impact"":-0.16316226,""shrunk_impact"":-0.1243141,""ci_low"":-0.3122337,""ci_high"":0.01702526,""win_rate"":0.59375}},""value"":-0.1243141},{""row"":4,""col"":1,""kind"":""eligible"",""pair"":{""id"":""pair-754e46e876119103"",""teamId"":""oe:team:2857b1b013cbea649c5c610a18efa44"",""teamName"":""Atleta Esport"",""playerAId"":""oe:player:330649b30536a93ea9363a7dd17e7dd"",""playerBId"":""oe:player:48e06b61418cf7d3391acd04e2462a6"",""playerA"":""Cospect"",""playerB"":""Kikis"",""stats"":{""eligible"":true,""n_games_total"":32.0,""n_games"":32.0,""n_days"":23.0,""mean_impact"":-0.17188907,""shrunk_impact"":-0.1309631,""ci_low"":-0.3469831,""ci_high"":0.07094699,""win_rate"":0.59375}},""value"":-0.1309631},{""row"":4,""col"":2,""kind"":""eligible"",""pair"":{""id"":""pair-4771c1323f409f62"",""teamId"":""oe:team:2857b1b013cbea649c5c610a18efa44"",""teamName"":""Atleta Esport"",""playerAId"":""oe:player:330649b30536a93ea9363a7dd17e7dd"",""playerBId"":""oe:player:b8c5bfbff49a0f1459f1c15d824fde7"",""playerA"":""Cospect"",""playerB"":""Sebekx"",""stats"":{""eligible"":true,""n_games_total"":32.0,""n_games"":32.0,""n_days"":23.0,""mean_impact"":0.01138564,""shrunk_impact"":0.00867477,""ci_low"":-0.21269116,""ci_high"":0.24429124,""win_rate"":0.59375}},""value"":0.00867477},{""row"":4,""col"":3,""kind"":""eligible"",""pair"":{""id"":""pair-ca87d2c41e8b1311"",""teamId"":""oe:team:2857b1b013cbea649c5c610a18efa44"",""teamName"":""Atleta Esport"",""playerAId"":""oe:player:330649b30536a93ea9363a7dd17e7dd"",""playerBId"":""oe:player:ffc7be970454e6871321d2385be5a22"",""playerA"":""Cospect"",""playerB"":""Creon"",""stats"":{""eligible"":true,""n_games_total"":32.0,""n_games"":32.0,""n_days"":23.0,""mean_impact"":-0.17160958,""shrunk_impact"":-0.13075015,""ci_low"":-0.34032191,""ci_high"":0.08989125,""win_rate"":0.59375}},""value"":-0.13075015},{""row"":4,""col"":4,""kind"":""self"",""pair"":null,""value"":null}],""limit"":0.26501553,""hasEligiblePair"":true}"
lineup-b83a2b498f7a458b,oe:team:e7121adad88546bce0ff2cc41c2d343,Axolotl,2023,oe:player:46c8f3a5fb8d9cf794de4991ee30c40,Obelisk,oe:player:d7d4d06e35ad3ffd2eed6844c5c1c8b,tooshi,oe:player:48e06b61418cf7d3391acd04e2462a6,Kikis,oe:player:ffc7be970454e6871321d2385be5a22,Creon,oe:player:acc1b36d8d542ce2e2ee369a40267ae,KroMAX,2,2,2,0.31618892,0.05269815,,,False,1.00000000,553.69261165,1.84072169,0.20750370,0.23940916,0.20934209,0.26816109,0.18854273,0.22979097,0.21003032,0.16430971,0.25184869,0.27531308,0.14023616,0.06242515,"{""version"":1,""players"":[{""id"":""oe:player:46c8f3a5fb8d9cf794de4991ee30c40"",""name"":""Obelisk"",""role"":""mid""},{""id"":""oe:player:d7d4d06e35ad3ffd2eed6844c5c1c8b"",""name"":""tooshi"",""role"":""jng""},{""id"":""oe:player:48e06b61418cf7d3391acd04e2462a6"",""name"":""Kikis"",""role"":""mid""},{""id"":""oe:player:ffc7be970454e6871321d2385be5a22"",""name"":""Creon"",""role"":""bot""},{""id"":""oe:player:acc1b36d8d542ce2e2ee369a40267ae"",""name"":""KroMAX"",""role"":""sup""}],""cells"":[{""row"":0,""col"":0,""kind"":""self"",""pair"":null,""value"":null},{""row"":0,""col"":1,""kind"":""sparse"",""pair"":{""id"":""pair-83d31865add048c4"",""teamId"":""oe:team:e7121adad88546bce0ff2cc41c2d343"",""teamName"":""Axolotl"",""playerAId"":""oe:player:46c8f3a5fb8d9cf794de4991ee30c40"",""playerBId"":""oe:player:d7d4d06e35ad3ffd2eed6844c5c1c8b"",""playerA"":""Obelisk"",""playerB"":""tooshi"",""stats"":{""eligible"":false,""n_games_total"":3.0,""n_games"":3.0,""n_days"":3.0,""mean_impact"":1.03310328,""shrunk_impact"":0.23840845,""ci_low"":0.20054881,""ci_high"":0.30204287,""win_rate"":1.0}},""value"":0.23840845},{""row"":0,""col"":2,""kind"":""eligible"",""pair"":{""id"":""pair-f9c53b5e3e5fbe92"",""teamId"":""oe:team:e7121adad88546bce0ff2cc41c2d343"",""teamName"":""Axolotl"",""playerAId"":""oe:player:46c8f3a5fb8d9cf794de4991ee30c40"",""playerBId"":""oe:player:48e06b61418cf7d3391acd04e2462a6"",""playerA"":""Obelisk"",""playerB"":""Kikis"",""stats"":{""eligible"":true,""n_games_total"":17.0,""n_games"":10.0,""n_days"":7.0,""mean_impact"":0.42286529,""shrunk_impact"":0.21143265,""ci_low"":0.03381458,""ci_high"":0.30491654,""win_rate"":0.6}},""value"":0.21143265},{""row"":0,""col"":3,""kind"":""eligible"",""pair"":{""id"":""pair-80c3640b29476de8"",""teamId"":""oe:team:e7121adad88546bce0ff2cc41c2d343"",""teamName"":""Axolotl"",""playerAId"":""oe:player:46c8f3a5fb8d9cf794de4991ee30c40"",""playerBId"":""oe:player:ffc7be970454e6871321d2385be5a22"",""playerA"":""Obelisk"",""playerB"":""Creon"",""stats"":{""eligible"":true,""n_games_total"":17.0,""n_games"":10.0,""n_days"":7.0,""mean_impact"":0.71485778,""shrunk_impact"":0.35742889,""ci_low"":0.09575465,""ci_high"":0.51193887,""win_rate"":0.6}},""value"":0.35742889},{""row"":0,""col"":4,""kind"":""eligible"",""pair"":{""id"":""pair-c68fd953a2c117ae"",""teamId"":""oe:team:e7121adad88546bce0ff2cc41c2d343"",""teamName"":""Axolotl"",""playerAId"":""oe:player:46c8f3a5fb8d9cf794de4991ee30c40"",""playerBId"":""oe:player:acc1b36d8d542ce2e2ee369a40267ae"",""playerA"":""Obelisk"",""playerB"":""KroMAX"",""stats"":{""eligible"":true,""n_games_total"":17.0,""n_games"":10.0,""n_days"":7.0,""mean_impact"":0.19551403,""shrunk_impact"":0.09775702,""ci_low"":-0.06851202,""ci_high"":0.18538498,""win_rate"":0.6}},""value"":0.09775702},{""row"":1,""col"":0,""kind"":""sparse"",""pair"":{""id"":""pair-83d31865add048c4"",""teamId"":""oe:team:e7121adad88546bce0ff2cc41c2d343"",""teamName"":""Axolotl"",""playerAId"":""oe:player:46c8f3a5fb8d9cf794de4991ee30c40"",""playerBId"":""oe:player:d7d4d06e35ad3ffd2eed6844c5c1c8b"",""playerA"":""Obelisk"",""playerB"":""tooshi"",""stats"":{""eligible"":false,""n_games_total"":3.0,""n_games"":3.0,""n_days"":3.0,""mean_impact"":1.03310328,""shrunk_impact"":0.23840845,""ci_low"":0.20054881,""ci_high"":0.30204287,""win_rate"":1.0}},""value"":0.23840845},{""row"":1,""col"":1,""kind"":""self"",""pair"":null,""value"":null},{""row"":1,""col"":2,""kind"":""sparse"",""pair"":{""id"":""pair-e4194bfa8ab6b6f4"",""teamId"":""oe:team:e7121adad88546bce0ff2cc41c2d343"",""teamName"":""Axolotl"",""playerAId"":""oe:player:48e06b61418cf7d3391acd04e2462a6"",""playerBId"":""oe:player:d7d4d06e35ad3ffd2eed6844c5c1c8b"",""playerA"":""Kikis"",""playerB"":""tooshi"",""stats"":{""eligible"":false,""n_games_total"":3.0,""n_games"":3.0,""n_days"":3.0,""mean_impact"":0.46434301,""shrunk_impact"":0.10715608,""ci_low"":0.0433095,""ci_high"":0.21018179,""win_rate"":1.0}},""value"":0.10715608},{""row"":1,""col"":3,""kind"":""sparse"",""pair"":{""id"":""pair-2c4b97ac38ba4c71"",""teamId"":""oe:team:e7121adad88546bce0ff2cc41c2d343"",""teamName"":""Axolotl"",""playerAId"":""oe:player:d7d4d06e35ad3ffd2eed6844c5c1c8b"",""playerBId"":""oe:player:ffc7be970454e6871321d2385be5a22"",""playerA"":""tooshi"",""playerB"":""Creon"",""stats"":{""eligible"":false,""n_games_total"":3.0,""n_games"":3.0,""n_days"":3.0,""mean_impact"":0.8019014,""shrunk_impact"":0.18505417,""ci_low"":0.04766112,""ci_high"":0.34981692,""win_rate"":1.0}},""value"":0.18505417},{""row"":1,""col"":4,""kind"":""sparse"",""pair"":{""id"":""pair-0e5a7754084db5c8"",""teamId"":""oe:team:e7121adad88546bce0ff2cc41c2d343"",""teamName"":""Axolotl"",""playerAId"":""oe:player:acc1b36d8d542ce2e2ee369a40267ae"",""playerBId"":""oe:player:d7d4d06e35ad3ffd2eed6844c5c1c8b"",""playerA"":""KroMAX"",""playerB"":""tooshi"",""stats"":{""eligible"":false,""n_games_total"":3.0,""n_games"":3.0,""n_days"":3.0,""mean_impact"":0.22771479,""shrunk_impact"":0.05254957,""ci_low"":-0.02234516,""ci_high"":0.12922088,""win_rate"":1.0}},""value"":0.05254957},{""row"":2,""col"":0,""kind"":""eligible"",""pair"":{""id"":""pair-f9c53b5e3e5fbe92"",""teamId"":""oe:team:e7121adad88546bce0ff2cc41c2d343"",""teamName"":""Axolotl"",""playerAId"":""oe:player:46c8f3a5fb8d9cf794de4991ee30c40"",""playerBId"":""oe:player:48e06b61418cf7d3391acd04e2462a6"",""playerA"":""Obelisk"",""playerB"":""Kikis"",""stats"":{""eligible"":true,""n_games_total"":17.0,""n_games"":10.0,""n_days"":7.0,""mean_impact"":0.42286529,""shrunk_impact"":0.21143265,""ci_low"":0.03381458,""ci_high"":0.30491654,""win_rate"":0.6}},""value"":0.21143265},{""row"":2,""col"":1,""kind"":""sparse"",""pair"":{""id"":""pair-e4194bfa8ab6b6f4"",""teamId"":""oe:team:e7121adad88546bce0ff2cc41c2d343"",""teamName"":""Axolotl"",""playerAId"":""oe:player:48e06b61418cf7d3391acd04e2462a6"",""playerBId"":""oe:player:d7d4d06e35ad3ffd2eed6844c5c1c8b"",""playerA"":""Kikis"",""playerB"":""tooshi"",""stats"":{""eligible"":false,""n_games_total"":3.0,""n_games"":3.0,""n_days"":3.0,""mean_impact"":0.46434301,""shrunk_impact"":0.10715608,""ci_low"":0.0433095,""ci_high"":0.21018179,""win_rate"":1.0}},""value"":0.10715608},{""row"":2,""col"":2,""kind"":""self"",""pair"":null,""value"":null},{""row"":2,""col"":3,""kind"":""eligible"",""pair"":{""id"":""pair-04544c2ac6055103"",""teamId"":""oe:team:e7121adad88546bce0ff2cc41c2d343"",""teamName"":""Axolotl"",""playerAId"":""oe:player:48e06b61418cf7d3391acd04e2462a6"",""playerBId"":""oe:player:ffc7be970454e6871321d2385be5a22"",""playerA"":""Kikis"",""playerB"":""Creon"",""stats"":{""eligible"":true,""n_games_total"":17.0,""n_games"":10.0,""n_days"":7.0,""mean_impact"":0.319476,""shrunk_impact"":0.159738,""ci_low"":-0.11525818,""ci_high"":0.31834782,""win_rate"":0.6}},""value"":0.159738},{""row"":2,""col"":4,""kind"":""eligible"",""pair"":{""id"":""pair-0ba47e15b3455020"",""teamId"":""oe:team:e7121adad88546bce0ff2cc41c2d343"",""teamName"":""Axolotl"",""playerAId"":""oe:player:48e06b61418cf7d3391acd04e2462a6"",""playerBId"":""oe:player:acc1b36d8d542ce2e2ee369a40267ae"",""playerA"":""Kikis"",""playerB"":""KroMAX"",""stats"":{""eligible"":true,""n_games_total"":17.0,""n_games"":10.0,""n_days"":7.0,""mean_impact"":-0.19986775,""shrunk_impact"":-0.09993388,""ci_low"":-0.29209727,""ci_high"":-6.062e-05,""win_rate"":0.6}},""value"":-0.09993388},{""row"":3,""col"":0,""kind"":""eligible"",""pair"":{""id"":""pair-80c3640b29476de8"",""teamId"":""oe:team:e7121adad88546bce0ff2cc41c2d343"",""teamName"":""Axolotl"",""playerAId"":""oe:player:46c8f3a5fb8d9cf794de4991ee30c40"",""playerBId"":""oe:player:ffc7be970454e6871321d2385be5a22"",""playerA"":""Obelisk"",""playerB"":""Creon"",""stats"":{""eligible"":true,""n_games_total"":17.0,""n_games"":10.0,""n_days"":7.0,""mean_impact"":0.71485778,""shrunk_impact"":0.35742889,""ci_low"":0.09575465,""ci_high"":0.51193887,""win_rate"":0.6}},""value"":0.35742889},{""row"":3,""col"":1,""kind"":""sparse"",""pair"":{""id"":""pair-2c4b97ac38ba4c71"",""teamId"":""oe:team:e7121adad88546bce0ff2cc41c2d343"",""teamName"":""Axolotl"",""playerAId"":""oe:player:d7d4d06e35ad3ffd2eed6844c5c1c8b"",""playerBId"":""oe:player:ffc7be970454e6871321d2385be5a22"",""playerA"":""tooshi"",""playerB"":""Creon"",""stats"":{""eligible"":false,""n_games_total"":3.0,""n_games"":3.0,""n_days"":3.0,""mean_impact"":0.8019014,""shrunk_impact"":0.18505417,""ci_low"":0.04766112,""ci_high"":0.34981692,""win_rate"":1.0}},""value"":0.18505417},{""row"":3,""col"":2,""kind"":""eligible"",""pair"":{""id"":""pair-04544c2ac6055103"",""teamId"":""oe:team:e7121adad88546bce0ff2cc41c2d343"",""teamName"":""Axolotl"",""playerAId"":""oe:player:48e06b61418cf7d3391acd04e2462a6"",""playerBId"":""oe:player:ffc7be970454e6871321d2385be5a22"",""playerA"":""Kikis"",""playerB"":""Creon"",""stats"":{""eligible"":true,""n_games_total"":17.0,""n_games"":10.0,""n_days"":7.0,""mean_impact"":0.319476,""shrunk_impact"":0.159738,""ci_low"":-0.11525818,""ci_high"":0.31834782,""win_rate"":0.6}},""value"":0.159738},{""row"":3,""col"":3,""kind"":""self"",""pair"":null,""value"":null},{""row"":3,""col"":4,""kind"":""eligible"",""pair"":{""id"":""pair-dc045d7a2d479530"",""teamId"":""oe:team:e7121adad88546bce0ff2cc41c2d343"",""teamName"":""Axolotl"",""playerAId"":""oe:player:acc1b36d8d542ce2e2ee369a40267ae"",""playerBId"":""oe:player:ffc7be970454e6871321d2385be5a22"",""playerA"":""KroMAX"",""playerB"":""Creon"",""stats"":{""eligible"":true,""n_games_total"":17.0,""n_games"":10.0,""n_days"":7.0,""mean_impact"":0.09212474,""shrunk_impact"":0.04606237,""ci_low"":-0.19983791,""ci_high"":0.19281659,""win_rate"":0.6}},""value"":0.04606237},{""row"":4,""col"":0,""kind"":""eligible"",""pair"":{""id"":""pair-c68fd953a2c117ae"",""teamId"":""oe:team:e7121adad88546bce0ff2cc41c2d343"",""teamName"":""Axolotl"",""playerAId"":""oe:player:46c8f3a5fb8d9cf794de4991ee30c40"",""playerBId"":""oe:player:acc1b36d8d542ce2e2ee369a40267ae"",""playerA"":""Obelisk"",""playerB"":""KroMAX"",""stats"":{""eligible"":true,""n_games_total"":17.0,""n_games"":10.0,""n_days"":7.0,""mean_impact"":0.19551403,""shrunk_impact"":0.09775702,""ci_low"":-0.06851202,""ci_high"":0.18538498,""win_rate"":0.6}},""value"":0.09775702},{""row"":4,""col"":1,""kind"":""sparse"",""pair"":{""id"":""pair-0e5a7754084db5c8"",""teamId"":""oe:team:e7121adad88546bce0ff2cc41c2d343"",""teamName"":""Axolotl"",""playerAId"":""oe:player:acc1b36d8d542ce2e2ee369a40267ae"",""playerBId"":""oe:player:d7d4d06e35ad3ffd2eed6844c5c1c8b"",""playerA"":""KroMAX"",""playerB"":""tooshi"",""stats"":{""eligible"":false,""n_games_total"":3.0,""n_games"":3.0,""n_days"":3.0,""mean_impact"":0.22771479,""shrunk_impact"":0.05254957,""ci_low"":-0.02234516,""ci_high"":0.12922088,""win_rate"":1.0}},""value"":0.05254957},{""row"":4,""col"":2,""kind"":""eligible"",""pair"":{""id"":""pair-0ba47e15b3455020"",""teamId"":""oe:team:e7121adad88546bce0ff2cc41c2d343"",""teamName"":""Axolotl"",""playerAId"":""oe:player:48e06b61418cf7d3391acd04e2462a6"",""playerBId"":""oe:player:acc1b36d8d542ce2e2ee369a40267ae"",""playerA"":""Kikis"",""playerB"":""KroMAX"",""stats"":{""eligible"":true,""n_games_total"":17.0,""n_games"":10.0,""n_days"":7.0,""mean_impact"":-0.19986775,""shrunk_impact"":-0.09993388,""ci_low"":-0.29209727,""ci_high"":-6.062e-05,""win_rate"":0.6}},""value"":-0.09993388},{""row"":4,""col"":3,""kind"":""eligible"",""pair"":{""id"":""pair-dc045d7a2d479530"",""teamId"":""oe:team:e7121adad88546bce0ff2cc41c2d343"",""teamName"":""Axolotl"",""playerAId"":""oe:player:acc1b36d8d542ce2e2ee369a40267ae"",""playerBId"":""oe:player:ffc7be970454e6871321d2385be5a22"",""playerA"":""KroMAX"",""playerB"":""Creon"",""stats"":{""eligible"":true,""n_games_total"":17.0,""n_games"":10.0,""n_days"":7.0,""mean_impact"":0.09212474,""shrunk_impact"":0.04606237,""ci_low"":-0.19983791,""ci_high"":0.19281659,""win_rate"":0.6}},""value"":0.04606237},{""row"":4,""col"":4,""kind"":""self"",""pair"":null,""value"":null}],""limit"":0.35742889,""hasEligiblePair"":true}"
lineup-c24492cf35da0414,oe:team:7894460f171d66e8ffc149c05b056a8,Cyberground Gaming,2023,oe:player:b70546af050c6dc68402812a5cf17f8,ImTheTitan,oe:player:2255ff4942064b8bcd54c7f27267683,MxDragon,oe:player:369527480223407c4bc2a0f8f1c3437,Crocomux,oe:player:2120baa196033069d0f850af69a0853,BlackVodka,oe:player:57daca1651c5f39e160dfca31be9186,Gama,2,2,1,0.54636960,0.09106160,,,False,0.00000000,554.75449857,1.01767657,0.20346567,0.21321925,0.20130257,0.18144335,0.19285403,0.21828023,0.20670073,0.18103129,0.22491020,0.24241979,0.17423246,0.17682535,"{""version"":1,""players"":[{""id"":""oe:player:b70546af050c6dc68402812a5cf17f8"",""name"":""ImTheTitan"",""role"":""top""},{""id"":""oe:player:2255ff4942064b8bcd54c7f27267683"",""name"":""MxDragon"",""role"":""jng""},{""id"":""oe:player:369527480223407c4bc2a0f8f1c3437"",""name"":""Crocomux"",""role"":""mid""},{""id"":""oe:player:2120baa196033069d0f850af69a0853"",""name"":""BlackVodka"",""role"":""bot""},{""id"":""oe:player:57daca1651c5f39e160dfca31be9186"",""name"":""Gama"",""role"":""sup""}],""cells"":[{""row"":0,""col"":0,""kind"":""self"",""pair"":null,""value"":null},{""row"":0,""col"":1,""kind"":""sparse"",""pair"":{""id"":""pair-c31fd4b28bdb4137"",""teamId"":""oe:team:7894460f171d66e8ffc149c05b056a8"",""teamName"":""Cyberground Gaming"",""playerAId"":""oe:player:2255ff4942064b8bcd54c7f27267683"",""playerBId"":""oe:player:b70546af050c6dc68402812a5cf17f8"",""playerA"":""MxDragon"",""playerB"":""ImTheTitan"",""stats"":{""eligible"":false,""n_games_total"":3.0,""n_games"":3.0,""n_days"":2.0,""mean_impact"":0.02851618,""shrunk_impact"":0.00658066,""ci_low"":null,""ci_high"":null,""win_rate"":0.0}},""value"":0.00658066},{""row"":0,""col"":2,""kind"":""sparse"",""pair"":{""id"":""pair-b60919e1c4f4e661"",""teamId"":""oe:team:7894460f171d66e8ffc149c05b056a8"",""teamName"":""Cyberground Gaming"",""playerAId"":""oe:player:369527480223407c4bc2a0f8f1c3437"",""playerBId"":""oe:player:b70546af050c6dc68402812a5cf17f8"",""playerA"":""Crocomux"",""playerB"":""ImTheTitan"",""stats"":{""eligible"":false,""n_games_total"":6.0,""n_games"":6.0,""n_days"":5.0,""mean_impact"":-0.10474695,""shrunk_impact"":-0.03928011,""ci_low"":-0.20427372,""ci_high"":0.15773164,""win_rate"":0.33333333}},""value"":-0.03928011},{""row"":0,""col"":3,""kind"":""sparse"",""pair"":{""id"":""pair-ad58e7d6f24fa376"",""teamId"":""oe:team:7894460f171d66e8ffc149c05b056a8"",""teamName"":""Cyberground Gaming"",""playerAId"":""oe:player:2120baa196033069d0f850af69a0853"",""playerBId"":""oe:player:b70546af050c6dc68402812a5cf17f8"",""playerA"":""BlackVodka"",""playerB"":""ImTheTitan"",""stats"":{""eligible"":false,""n_games_total"":6.0,""n_games"":6.0,""n_days"":5.0,""mean_impact"":0.02153624,""shrunk_impact"":0.00807609,""ci_low"":-0.22294665,""ci_high"":0.2359942,""win_rate"":0.33333333}},""value"":0.00807609},{""row"":0,""col"":4,""kind"":""sparse"",""pair"":{""id"":""pair-fb8c425686ca8a3e"",""teamId"":""oe:team:7894460f171d66e8ffc149c05b056a8"",""teamName"":""Cyberground Gaming"",""playerAId"":""oe:player:57daca1651c5f39e160dfca31be9186"",""playerBId"":""oe:player:b70546af050c6dc68402812a5cf17f8"",""playerA"":""Gama"",""playerB"":""ImTheTitan"",""stats"":{""eligible"":false,""n_games_total"":2.0,""n_games"":2.0,""n_days"":1.0,""mean_impact"":1.04568334,""shrunk_impact"":0.17428056,""ci_low"":null,""ci_high"":null,""win_rate"":0.0}},""value"":0.17428056},{""row"":1,""col"":0,""kind"":""sparse"",""pair"":{""id"":""pair-c31fd4b28bdb4137"",""teamId"":""oe:team:7894460f171d66e8ffc149c05b056a8"",""teamName"":""Cyberground Gaming"",""playerAId"":""oe:player:2255ff4942064b8bcd54c7f27267683"",""playerBId"":""oe:player:b70546af050c6dc68402812a5cf17f8"",""playerA"":""MxDragon"",""playerB"":""ImTheTitan"",""stats"":{""eligible"":false,""n_games_total"":3.0,""n_games"":3.0,""n_days"":2.0,""mean_impact"":0.02851618,""shrunk_impact"":0.00658066,""ci_low"":null,""ci_high"":null,""win_rate"":0.0}},""value"":0.00658066},{""row"":1,""col"":1,""kind"":""self"",""pair"":null,""value"":null},{""row"":1,""col"":2,""kind"":""sparse"",""pair"":{""id"":""pair-64941cf42dcb2411"",""teamId"":""oe:team:7894460f171d66e8ffc149c05b056a8"",""teamName"":""Cyberground Gaming"",""playerAId"":""oe:player:2255ff4942064b8bcd54c7f27267683"",""playerBId"":""oe:player:369527480223407c4bc2a0f8f1c3437"",""playerA"":""MxDragon"",""playerB"":""Crocomux"",""stats"":{""eligible"":false,""n_games_total"":3.0,""n_games"":3.0,""n_days"":2.0,""mean_impact"":-0.01531526,""shrunk_impact"":-0.00353429,""ci_low"":null,""ci_high"":null,""win_rate"":0.0}},""value"":-0.00353429},{""row"":1,""col"":3,""kind"":""sparse"",""pair"":{""id"":""pair-c07cb8368ec01793"",""teamId"":""oe:team:7894460f171d66e8ffc149c05b056a8"",""teamName"":""Cyberground Gaming"",""playerAId"":""oe:player:2120baa196033069d0f850af69a0853"",""playerBId"":""oe:player:2255ff4942064b8bcd54c7f27267683"",""playerA"":""BlackVodka"",""playerB"":""MxDragon"",""stats"":{""eligible"":false,""n_games_total"":3.0,""n_games"":3.0,""n_days"":2.0,""mean_impact"":0.15849604,""shrunk_impact"":0.03657601,""ci_low"":null,""ci_high"":null,""win_rate"":0.0}},""value"":0.03657601},{""row"":1,""col"":4,""kind"":""sparse"",""pair"":{""id"":""pair-f4eb6dc05176b4fa"",""teamId"":""oe:team:7894460f171d66e8ffc149c05b056a8"",""teamName"":""Cyberground Gaming"",""playerAId"":""oe:player:2255ff4942064b8bcd54c7f27267683"",""playerBId"":""oe:player:57daca1651c5f39e160dfca31be9186"",""playerA"":""MxDragon"",""playerB"":""Gama"",""stats"":{""eligible"":false,""n_games_total"":2.0,""n_games"":2.0,""n_days"":1.0,""mean_impact"":1.51475084,""shrunk_impact"":0.25245847,""ci_low"":null,""ci_high"":null,""win_rate"":0.0}},""value"":0.25245847},{""row"":2,""col"":0,""kind"":""sparse"",""pair"":{""id"":""pair-b60919e1c4f4e661"",""teamId"":""oe:team:7894460f171d66e8ffc149c05b056a8"",""teamName"":""Cyberground Gaming"",""playerAId"":""oe:player:369527480223407c4bc2a0f8f1c3437"",""playerBId"":""oe:player:b70546af050c6dc68402812a5cf17f8"",""playerA"":""Crocomux"",""playerB"":""ImTheTitan"",""stats"":{""eligible"":false,""n_games_total"":6.0,""n_games"":6.0,""n_days"":5.0,""mean_impact"":-0.10474695,""shrunk_impact"":-0.03928011,""ci_low"":-0.20427372,""ci_high"":0.15773164,""win_rate"":0.33333333}},""value"":-0.03928011},{""row"":2,""col"":1,""kind"":""sparse"",""pair"":{""id"":""pair-64941cf42dcb2411"",""teamId"":""oe:team:7894460f171d66e8ffc149c05b056a8"",""teamName"":""Cyberground Gaming"",""playerAId"":""oe:player:2255ff4942064b8bcd54c7f27267683"",""playerBId"":""oe:player:369527480223407c4bc2a0f8f1c3437"",""playerA"":""MxDragon"",""playerB"":""Crocomux"",""stats"":{""eligible"":false,""n_games_total"":3.0,""n_games"":3.0,""n_days"":2.0,""mean_impact"":-0.01531526,""shrunk_impact"":-0.00353429,""ci_low"":null,""ci_high"":null,""win_rate"":0.0}},""value"":-0.00353429},{""row"":2,""col"":2,""kind"":""self"",""pair"":null,""value"":null},{""row"":2,""col"":3,""kind"":""sparse"",""pair"":{""id"":""pair-ad4807293225a2a2"",""teamId"":""oe:team:7894460f171d66e8ffc149c05b056a8"",""teamName"":""Cyberground Gaming"",""playerAId"":""oe:player:2120baa196033069d0f850af69a0853"",""playerBId"":""oe:player:369527480223407c4bc2a0f8f1c3437"",""playerA"":""BlackVodka"",""playerB"":""Crocomux"",""stats"":{""eligible"":false,""n_games_total"":6.0,""n_games"":6.0,""n_days"":5.0,""mean_impact"":0.02805918,""shrunk_impact"":0.01052219,""ci_low"":-0.21511995,""ci_high"":0.25885017,""win_rate"":0.33333333}},""value"":0.01052219},{""row"":2,""col"":4,""kind"":""sparse"",""pair"":{""id"":""pair-27e657b45e33302a"",""teamId"":""oe:team:7894460f171d66e8ffc149c05b056a8"",""teamName"":""Cyberground Gaming"",""playerAId"":""oe:player:369527480223407c4bc2a0f8f1c3437"",""playerBId"":""oe:player:57daca1651c5f39e160dfca31be9186"",""playerA"":""Crocomux"",""playerB"":""Gama"",""stats"":{""eligible"":false,""n_games_total"":2.0,""n_games"":2.0,""n_days"":1.0,""mean_impact"":0.85536978,""shrunk_impact"":0.14256163,""ci_low"":null,""ci_high"":null,""win_rate"":0.0}},""value"":0.14256163},{""row"":3,""col"":0,""kind"":""sparse"",""pair"":{""id"":""pair-ad58e7d6f24fa376"",""teamId"":""oe:team:7894460f171d66e8ffc149c05b056a8"",""teamName"":""Cyberground Gaming"",""playerAId"":""oe:player:2120baa196033069d0f850af69a0853"",""playerBId"":""oe:player:b70546af050c6dc68402812a5cf17f8"",""playerA"":""BlackVodka"",""playerB"":""ImTheTitan"",""stats"":{""eligible"":false,""n_games_total"":6.0,""n_games"":6.0,""n_days"":5.0,""mean_impact"":0.02153624,""shrunk_impact"":0.00807609,""ci_low"":-0.22294665,""ci_high"":0.2359942,""win_rate"":0.33333333}},""value"":0.00807609},{""row"":3,""col"":1,""kind"":""sparse"",""pair"":{""id"":""pair-c07cb8368ec01793"",""teamId"":""oe:team:7894460f171d66e8ffc149c05b056a8"",""teamName"":""Cyberground Gaming"",""playerAId"":""oe:player:2120baa196033069d0f850af69a0853"",""playerBId"":""oe:player:2255ff4942064b8bcd54c7f27267683"",""playerA"":""BlackVodka"",""playerB"":""MxDragon"",""stats"":{""eligible"":false,""n_games_total"":3.0,""n_games"":3.0,""n_days"":2.0,""mean_impact"":0.15849604,""shrunk_impact"":0.03657601,""ci_low"":null,""ci_high"":null,""win_rate"":0.0}},""value"":0.03657601},{""row"":3,""col"":2,""kind"":""sparse"",""pair"":{""id"":""pair-ad4807293225a2a2"",""teamId"":""oe:team:7894460f171d66e8ffc149c05b056a8"",""teamName"":""Cyberground Gaming"",""playerAId"":""oe:player:2120baa196033069d0f850af69a0853"",""playerBId"":""oe:player:369527480223407c4bc2a0f8f1c3437"",""playerA"":""BlackVodka"",""playerB"":""Crocomux"",""stats"":{""eligible"":false,""n_games_total"":6.0,""n_games"":6.0,""n_days"":5.0,""mean_impact"":0.02805918,""shrunk_impact"":0.01052219,""ci_low"":-0.21511995,""ci_high"":0.25885017,""win_rate"":0.33333333}},""value"":0.01052219},{""row"":3,""col"":3,""kind"":""self"",""pair"":null,""value"":null},{""row"":3,""col"":4,""kind"":""sparse"",""pair"":{""id"":""pair-3826b96633ec6bf9"",""teamId"":""oe:team:7894460f171d66e8ffc149c05b056a8"",""teamName"":""Cyberground Gaming"",""playerAId"":""oe:player:2120baa196033069d0f850af69a0853"",""playerBId"":""oe:player:57daca1651c5f39e160dfca31be9186"",""playerA"":""BlackVodka"",""playerB"":""Gama"",""stats"":{""eligible"":false,""n_games_total"":2.0,""n_games"":2.0,""n_days"":1.0,""mean_impact"":1.16416081,""shrunk_impact"":0.1940268,""ci_low"":null,""ci_high"":null,""win_rate"":0.0}},""value"":0.1940268},{""row"":4,""col"":0,""kind"":""sparse"",""pair"":{""id"":""pair-fb8c425686ca8a3e"",""teamId"":""oe:team:7894460f171d66e8ffc149c05b056a8"",""teamName"":""Cyberground Gaming"",""playerAId"":""oe:player:57daca1651c5f39e160dfca31be9186"",""playerBId"":""oe:player:b70546af050c6dc68402812a5cf17f8"",""playerA"":""Gama"",""playerB"":""ImTheTitan"",""stats"":{""eligible"":false,""n_games_total"":2.0,""n_games"":2.0,""n_days"":1.0,""mean_impact"":1.04568334,""shrunk_impact"":0.17428056,""ci_low"":null,""ci_high"":null,""win_rate"":0.0}},""value"":0.17428056},{""row"":4,""col"":1,""kind"":""sparse"",""pair"":{""id"":""pair-f4eb6dc05176b4fa"",""teamId"":""oe:team:7894460f171d66e8ffc149c05b056a8"",""teamName"":""Cyberground Gaming"",""playerAId"":""oe:player:2255ff4942064b8bcd54c7f27267683"",""playerBId"":""oe:player:57daca1651c5f39e160dfca31be9186"",""playerA"":""MxDragon"",""playerB"":""Gama"",""stats"":{""eligible"":false,""n_games_total"":2.0,""n_games"":2.0,""n_days"":1.0,""mean_impact"":1.51475084,""shrunk_impact"":0.25245847,""ci_low"":null,""ci_high"":null,""win_rate"":0.0}},""value"":0.25245847},{""row"":4,""col"":2,""kind"":""sparse"",""pair"":{""id"":""pair-27e657b45e33302a"",""teamId"":""oe:team:7894460f171d66e8ffc149c05b056a8"",""teamName"":""Cyberground Gaming"",""playerAId"":""oe:player:369527480223407c4bc2a0f8f1c3437"",""playerBId"":""oe:player:57daca1651c5f39e160dfca31be9186"",""playerA"":""Crocomux"",""playerB"":""Gama"",""stats"":{""eligible"":false,""n_games_total"":2.0,""n_games"":2.0,""n_days"":1.0,""mean_impact"":0.85536978,""shrunk_impact"":0.14256163,""ci_low"":null,""ci_high"":null,""win_rate"":0.0}},""value"":0.14256163},{""row"":4,""col"":3,""kind"":""sparse"",""pair"":{""id"":""pair-3826b96633ec6bf9"",""teamId"":""oe:team:7894460f171d66e8ffc149c05b056a8"",""teamName"":""Cyberground Gaming"",""playerAId"":""oe:player:2120baa196033069d0f850af69a0853"",""playerBId"":""oe:player:57daca1651c5f39e160dfca31be9186"",""playerA"":""BlackVodka"",""playerB"":""Gama"",""stats"":{""eligible"":false,""n_games_total"":2.0,""n_games"":2.0,""n_days"":1.0,""mean_impact"":1.16416081,""shrunk_impact"":0.1940268,""ci_low"":null,""ci_high"":null,""win_rate"":0.0}},""value"":0.1940268},{""row"":4,""col"":4,""kind"":""self"",""pair"":null,""value"":null}],""limit"":0.25245847,""hasEligiblePair"":false}"
lineup-cdeb43ce7c03d1b7,oe:team:3e3ca0895ded506fd637e723d6ae2a1,DSYRE,2023,oe:player:9db3f170213f562a9613fe4f99d7dfa,Empyros,oe:player:cbe20c64274a87a21e5bdac1ccc3e77,Rhilech,oe:player:be877a261fb0c3a320db45091bdefec,XoNix,oe:player:d47955c8bc06bf316f24ee15d45407b,Aetinoth,oe:player:dbb4f0b38307e3b2a6c2e6568262dc7,HungryPanda,22,15,9,0.10194711,0.06116827,-0.13411649,0.22777042,True,0.53333333,494.18333374,1.68000632,0.20775571,0.23790451,0.21756470,0.22000963,0.19647458,0.18986667,0.21560764,0.25306978,0.23369600,0.26630913,0.13665708,0.07074479,"{""version"":1,""players"":[{""id"":""oe:player:9db3f170213f562a9613fe4f99d7dfa"",""name"":""Empyros"",""role"":""top""},{""id"":""oe:player:cbe20c64274a87a21e5bdac1ccc3e77"",""name"":""Rhilech"",""role"":""jng""},{""id"":""oe:player:be877a261fb0c3a320db45091bdefec"",""name"":""XoNix"",""role"":""mid""},{""id"":""oe:player:d47955c8bc06bf316f24ee15d45407b"",""name"":""Aetinoth"",""role"":""bot""},{""id"":""oe:player:dbb4f0b38307e3b2a6c2e6568262dc7"",""name"":""HungryPanda"",""role"":""sup""}],""cells"":[{""row"":0,""col"":0,""kind"":""self"",""pair"":null,""value"":null},{""row"":0,""col"":1,""kind"":""eligible"",""pair"":{""id"":""pair-872d88706996d134"",""teamId"":""oe:team:3e3ca0895ded506fd637e723d6ae2a1"",""teamName"":""DSYRE"",""playerAId"":""oe:player:9db3f170213f562a9613fe4f99d7dfa"",""playerBId"":""oe:player:cbe20c64274a87a21e5bdac1ccc3e77"",""playerA"":""Empyros"",""playerB"":""Rhilech"",""stats"":{""eligible"":true,""n_games_total"":61.0,""n_games"":54.0,""n_days"":34.0,""mean_impact"":0.23982055,""shrunk_impact"":0.20234859,""ci_low"":0.0197943,""ci_high"":0.36353818,""win_rate"":0.61111111}},""value"":0.20234859},{""row"":0,""col"":2,""kind"":""eligible"",""pair"":{""id"":""pair-c464554262f61aae"",""teamId"":""oe:team:3e3ca0895ded506fd637e723d6ae2a1"",""teamName"":""DSYRE"",""playerAId"":""oe:player:9db3f170213f562a9613fe4f99d7dfa"",""playerBId"":""oe:player:be877a261fb0c3a320db45091bdefec"",""playerA"":""Empyros"",""playerB"":""XoNix"",""stats"":{""eligible"":true,""n_games_total"":61.0,""n_games"":54.0,""n_days"":34.0,""mean_impact"":0.30202163,""shrunk_impact"":0.25483075,""ci_low"":0.10169724,""ci_high"":0.41018227,""win_rate"":0.61111111}},""value"":0.25483075},{""row"":0,""col"":3,""kind"":""eligible"",""pair"":{""id"":""pair-01375e4265fe06f9"",""teamId"":""oe:team:3e3ca0895ded506fd637e723d6ae2a1"",""teamName"":""DSYRE"",""playerAId"":""oe:player:9db3f170213f562a9613fe4f99d7dfa"",""playerBId"":""oe:player:d47955c8bc06bf316f24ee15d45407b"",""playerA"":""Empyros"",""playerB"":""Aetinoth"",""stats"":{""eligible"":true,""n_games_total"":61.0,""n_games"":54.0,""n_days"":34.0,""mean_impact"":0.30027931,""shrunk_impact"":0.25336067,""ci_low"":0.0919803,""ci_high"":0.41995079,""win_rate"":0.61111111}},""value"":0.25336067},{""row"":0,""col"":4,""kind"":""eligible"",""pair"":{""id"":""pair-6da2fc01505955cb"",""teamId"":""oe:team:3e3ca0895ded506fd637e723d6ae2a1"",""teamName"":""DSYRE"",""playerAId"":""oe:player:9db3f170213f562a9613fe4f99d7dfa"",""playerBId"":""oe:player:dbb4f0b38307e3b2a6c2e6568262dc7"",""playerA"":""Empyros"",""playerB"":""HungryPanda"",""stats"":{""eligible"":true,""n_games_total"":22.0,""n_games"":15.0,""n_days"":9.0,""mean_impact"":-0.19528886,""shrunk_impact"":-0.11717332,""ci_low"":-0.30347266,""ci_high"":0.03961968,""win_rate"":0.53333333}},""value"":-0.11717332},{""row"":1,""col"":0,""kind"":""eligible"",""pair"":{""id"":""pair-872d88706996d134"",""teamId"":""oe:team:3e3ca0895ded506fd637e723d6ae2a1"",""teamName"":""DSYRE"",""playerAId"":""oe:player:9db3f170213f562a9613fe4f99d7dfa"",""playerBId"":""oe:player:cbe20c64274a87a21e5bdac1ccc3e77"",""playerA"":""Empyros"",""playerB"":""Rhilech"",""stats"":{""eligible"":true,""n_games_total"":61.0,""n_games"":54.0,""n_days"":34.0,""mean_impact"":0.23982055,""shrunk_impact"":0.20234859,""ci_low"":0.0197943,""ci_high"":0.36353818,""win_rate"":0.61111111}},""value"":0.20234859},{""row"":1,""col"":1,""kind"":""self"",""pair"":null,""value"":null},{""row"":1,""col"":2,""kind"":""eligible"",""pair"":{""id"":""pair-628eacb753a0449b"",""teamId"":""oe:team:3e3ca0895ded506fd637e723d6ae2a1"",""teamName"":""DSYRE"",""playerAId"":""oe:player:be877a261fb0c3a320db45091bdefec"",""playerBId"":""oe:player:cbe20c64274a87a21e5bdac1ccc3e77"",""playerA"":""XoNix"",""playerB"":""Rhilech"",""stats"":{""eligible"":true,""n_games_total"":61.0,""n_games"":54.0,""n_days"":34.0,""mean_impact"":0.2245473,""shrunk_impact"":0.18946179,""ci_low"":0.0278915,""ci_high"":0.34292186,""win_rate"":0.61111111}},""value"":0.18946179},{""row"":1,""col"":3,""kind"":""eligible"",""pair"":{""id"":""pair-1f987919d8c9c37b"",""teamId"":""oe:team:3e3ca0895ded506fd637e723d6ae2a1"",""teamName"":""DSYRE"",""playerAId"":""oe:player:cbe20c64274a87a21e5bdac1ccc3e77"",""playerBId"":""oe:player:d47955c8bc06bf316f24ee15d45407b"",""playerA"":""Rhilech"",""playerB"":""Aetinoth"",""stats"":{""eligible"":true,""n_games_total"":61.0,""n_games"":54.0,""n_days"":34.0,""mean_impact"":0.22280498,""shrunk_impact"":0.1879917,""ci_low"":0.00119374,""ci_high"":0.37506549,""win_rate"":0.61111111}},""value"":0.1879917},{""row"":1,""col"":4,""kind"":""eligible"",""pair"":{""id"":""pair-a6f8ca9100e7f75f"",""teamId"":""oe:team:3e3ca0895ded506fd637e723d6ae2a1"",""teamName"":""DSYRE"",""playerAId"":""oe:player:cbe20c64274a87a21e5bdac1ccc3e77"",""playerBId"":""oe:player:dbb4f0b38307e3b2a6c2e6568262dc7"",""playerA"":""Rhilech"",""playerB"":""HungryPanda"",""stats"":{""eligible"":true,""n_games_total"":22.0,""n_games"":15.0,""n_days"":9.0,""mean_impact"":-0.22991184,""shrunk_impact"":-0.1379471,""ci_low"":-0.34984491,""ci_high"":0.05802711,""win_rate"":0.53333333}},""value"":-0.1379471},{""row"":2,""col"":0,""kind"":""eligible"",""pair"":{""id"":""pair-c464554262f61aae"",""teamId"":""oe:team:3e3ca0895ded506fd637e723d6ae2a1"",""teamName"":""DSYRE"",""playerAId"":""oe:player:9db3f170213f562a9613fe4f99d7dfa"",""playerBId"":""oe:player:be877a261fb0c3a320db45091bdefec"",""playerA"":""Empyros"",""playerB"":""XoNix"",""stats"":{""eligible"":true,""n_games_total"":61.0,""n_games"":54.0,""n_days"":34.0,""mean_impact"":0.30202163,""shrunk_impact"":0.25483075,""ci_low"":0.10169724,""ci_high"":0.41018227,""win_rate"":0.61111111}},""value"":0.25483075},{""row"":2,""col"":1,""kind"":""eligible"",""pair"":{""id"":""pair-628eacb753a0449b"",""teamId"":""oe:team:3e3ca0895ded506fd637e723d6ae2a1"",""teamName"":""DSYRE"",""playerAId"":""oe:player:be877a261fb0c3a320db45091bdefec"",""playerBId"":""oe:player:cbe20c64274a87a21e5bdac1ccc3e77"",""playerA"":""XoNix"",""playerB"":""Rhilech"",""stats"":{""eligible"":true,""n_games_total"":61.0,""n_games"":54.0,""n_days"":34.0,""mean_impact"":0.2245473,""shrunk_impact"":0.18946179,""ci_low"":0.0278915,""ci_high"":0.34292186,""win_rate"":0.61111111}},""value"":0.18946179},{""row"":2,""col"":2,""kind"":""self"",""pair"":null,""value"":null},{""row"":2,""col"":3,""kind"":""eligible"",""pair"":{""id"":""pair-f08fa7f6b4a75b34"",""teamId"":""oe:team:3e3ca0895ded506fd637e723d6ae2a1"",""teamName"":""DSYRE"",""playerAId"":""oe:player:be877a261fb0c3a320db45091bdefec"",""playerBId"":""oe:player:d47955c8bc06bf316f24ee15d45407b"",""playerA"":""XoNix"",""playerB"":""Aetinoth"",""stats"":{""eligible"":true,""n_games_total"":61.0,""n_games"":54.0,""n_days"":34.0,""mean_impact"":0.28500606,""shrunk_impact"":0.24047386,""ci_low"":0.03593238,""ci_high"":0.46174452,""win_rate"":0.61111111}},""value"":0.24047386},{""row"":2,""col"":4,""kind"":""eligible"",""pair"":{""id"":""pair-27af1ccdfc1b861f"",""teamId"":""oe:team:3e3ca0895ded506fd637e723d6ae2a1"",""teamName"":""DSYRE"",""playerAId"":""oe:player:be877a261fb0c3a320db45091bdefec"",""playerBId"":""oe:player:dbb4f0b38307e3b2a6c2e6568262dc7"",""playerA"":""XoNix"",""playerB"":""HungryPanda"",""stats"":{""eligible"":true,""n_games_total"":22.0,""n_games"":15.0,""n_days"":9.0,""mean_impact"":-0.17148634,""shrunk_impact"":-0.10289181,""ci_low"":-0.31947431,""ci_high"":0.0584743,""win_rate"":0.53333333}},""value"":-0.10289181},{""row"":3,""col"":0,""kind"":""eligible"",""pair"":{""id"":""pair-01375e4265fe06f9"",""teamId"":""oe:team:3e3ca0895ded506fd637e723d6ae2a1"",""teamName"":""DSYRE"",""playerAId"":""oe:player:9db3f170213f562a9613fe4f99d7dfa"",""playerBId"":""oe:player:d47955c8bc06bf316f24ee15d45407b"",""playerA"":""Empyros"",""playerB"":""Aetinoth"",""stats"":{""eligible"":true,""n_games_total"":61.0,""n_games"":54.0,""n_days"":34.0,""mean_impact"":0.30027931,""shrunk_impact"":0.25336067,""ci_low"":0.0919803,""ci_high"":0.41995079,""win_rate"":0.61111111}},""value"":0.25336067},{""row"":3,""col"":1,""kind"":""eligible"",""pair"":{""id"":""pair-1f987919d8c9c37b"",""teamId"":""oe:team:3e3ca0895ded506fd637e723d6ae2a1"",""teamName"":""DSYRE"",""playerAId"":""oe:player:cbe20c64274a87a21e5bdac1ccc3e77"",""playerBId"":""oe:player:d47955c8bc06bf316f24ee15d45407b"",""playerA"":""Rhilech"",""playerB"":""Aetinoth"",""stats"":{""eligible"":true,""n_games_total"":61.0,""n_games"":54.0,""n_days"":34.0,""mean_impact"":0.22280498,""shrunk_impact"":0.1879917,""ci_low"":0.00119374,""ci_high"":0.37506549,""win_rate"":0.61111111}},""value"":0.1879917},{""row"":3,""col"":2,""kind"":""eligible"",""pair"":{""id"":""pair-f08fa7f6b4a75b34"",""teamId"":""oe:team:3e3ca0895ded506fd637e723d6ae2a1"",""teamName"":""DSYRE"",""playerAId"":""oe:player:be877a261fb0c3a320db45091bdefec"",""playerBId"":""oe:player:d47955c8bc06bf316f24ee15d45407b"",""playerA"":""XoNix"",""playerB"":""Aetinoth"",""stats"":{""eligible"":true,""n_games_total"":61.0,""n_games"":54.0,""n_days"":34.0,""mean_impact"":0.28500606,""shrunk_impact"":0.24047386,""ci_low"":0.03593238,""ci_high"":0.46174452,""win_rate"":0.61111111}},""value"":0.24047386},{""row"":3,""col"":3,""kind"":""self"",""pair"":null,""value"":null},{""row"":3,""col"":4,""kind"":""eligible"",""pair"":{""id"":""pair-34cc25120c724c0a"",""teamId"":""oe:team:3e3ca0895ded506fd637e723d6ae2a1"",""teamName"":""DSYRE"",""playerAId"":""oe:player:d47955c8bc06bf316f24ee15d45407b"",""playerBId"":""oe:player:dbb4f0b38307e3b2a6c2e6568262dc7"",""playerA"":""Aetinoth"",""playerB"":""HungryPanda"",""stats"":{""eligible"":true,""n_games_total"":22.0,""n_games"":15.0,""n_days"":9.0,""mean_impact"":-0.11655961,""shrunk_impact"":-0.06993576,""ci_low"":-0.31611245,""ci_high"":0.19326333,""win_rate"":0.53333333}},""value"":-0.06993576},{""row"":4,""col"":0,""kind"":""eligible"",""pair"":{""id"":""pair-6da2fc01505955cb"",""teamId"":""oe:team:3e3ca0895ded506fd637e723d6ae2a1"",""teamName"":""DSYRE"",""playerAId"":""oe:player:9db3f170213f562a9613fe4f99d7dfa"",""playerBId"":""oe:player:dbb4f0b38307e3b2a6c2e6568262dc7"",""playerA"":""Empyros"",""playerB"":""HungryPanda"",""stats"":{""eligible"":true,""n_games_total"":22.0,""n_games"":15.0,""n_days"":9.0,""mean_impact"":-0.19528886,""shrunk_impact"":-0.11717332,""ci_low"":-0.30347266,""ci_high"":0.03961968,""win_rate"":0.53333333}},""value"":-0.11717332},{""row"":4,""col"":1,""kind"":""eligible"",""pair"":{""id"":""pair-a6f8ca9100e7f75f"",""teamId"":""oe:team:3e3ca0895ded506fd637e723d6ae2a1"",""teamName"":""DSYRE"",""playerAId"":""oe:player:cbe20c64274a87a21e5bdac1ccc3e77"",""playerBId"":""oe:player:dbb4f0b38307e3b2a6c2e6568262dc7"",""playerA"":""Rhilech"",""playerB"":""HungryPanda"",""stats"":{""eligible"":true,""n_games_total"":22.0,""n_games"":15.0,""n_days"":9.0,""mean_impact"":-0.22991184,""shrunk_impact"":-0.1379471,""ci_low"":-0.34984491,""ci_high"":0.05802711,""win_rate"":0.53333333}},""value"":-0.1379471},{""row"":4,""col"":2,""kind"":""eligible"",""pair"":{""id"":""pair-27af1ccdfc1b861f"",""teamId"":""oe:team:3e3ca0895ded506fd637e723d6ae2a1"",""teamName"":""DSYRE"",""playerAId"":""oe:player:be877a261fb0c3a320db45091bdefec"",""playerBId"":""oe:player:dbb4f0b38307e3b2a6c2e6568262dc7"",""playerA"":""XoNix"",""playerB"":""HungryPanda"",""stats"":{""eligible"":true,""n_games_total"":22.0,""n_games"":15.0,""n_days"":9.0,""mean_impact"":-0.17148634,""shrunk_impact"":-0.10289181,""ci_low"":-0.31947431,""ci_high"":0.0584743,""win_rate"":0.53333333}},""value"":-0.10289181},{""row"":4,""col"":3,""kind"":""eligible"",""pair"":{""id"":""pair-34cc25120c724c0a"",""teamId"":""oe:team:3e3ca0895ded506fd637e723d6ae2a1"",""teamName"":""DSYRE"",""playerAId"":""oe:player:d47955c8bc06bf316f24ee15d45407b"",""playerBId"":""oe:player:dbb4f0b38307e3b2a6c2e6568262dc7"",""playerA"":""Aetinoth"",""playerB"":""HungryPanda"",""stats"":{""eligible"":true,""n_games_total"":22.0,""n_games"":15.0,""n_days"":9.0,""mean_impact"":-0.11655961,""shrunk_impact"":-0.06993576,""ci_low"":-0.31611245,""ci_high"":0.19326333,""win_rate"":0.53333333}},""value"":-0.06993576},{""row"":4,""col"":4,""kind"":""self"",""pair"":null,""value"":null}],""limit"":0.25483075,""hasEligiblePair"":true}"
lineup-e360eb3a5e886b1e,oe:team:134d1af7b5cafdd70f8f1ecdb2306c7,Angry Bats,2023,oe:player:788fb451a0732c0ce3bec0fbda415a0,Strava,name-player-c56152b72376fec5,BATS Acefilds,oe:player:c15d2ad445223acab83deffd548e4e0,Shack,oe:player:c4f4d7ac971e8a3876c1ec3224afec7,Cande,oe:player:9f497b08da385d41b60ef51a444f06b,Mezza,4,4,4,-0.21441463,-0.06126132,-0.14244550,0.01992285,False,0.00000000,435.22120698,1.04853996,0.20647833,0.24071213,0.21905144,0.29994623,0.19434759,0.14867679,0.21541114,0.28390457,0.23242940,0.19329346,0.13876042,0.07417895,"{""version"":1,""players"":[{""id"":""oe:player:788fb451a0732c0ce3bec0fbda415a0"",""name"":""Strava"",""role"":""top""},{""id"":""name-player-c56152b72376fec5"",""name"":""BATS Acefilds"",""role"":""jng""},{""id"":""oe:player:c15d2ad445223acab83deffd548e4e0"",""name"":""Shack"",""role"":""mid""},{""id"":""oe:player:c4f4d7ac971e8a3876c1ec3224afec7"",""name"":""Cande"",""role"":""bot""},{""id"":""oe:player:9f497b08da385d41b60ef51a444f06b"",""name"":""Mezza"",""role"":""sup""}],""cells"":[{""row"":0,""col"":0,""kind"":""self"",""pair"":null,""value"":null},{""row"":0,""col"":1,""kind"":""sparse"",""pair"":{""id"":""pair-d42e66054878a0d9"",""teamId"":""oe:team:134d1af7b5cafdd70f8f1ecdb2306c7"",""teamName"":""Angry Bats"",""playerAId"":""name-player-c56152b72376fec5"",""playerBId"":""oe:player:788fb451a0732c0ce3bec0fbda415a0"",""playerA"":""BATS Acefilds"",""playerB"":""Strava"",""stats"":{""eligible"":false,""n_games_total"":4.0,""n_games"":4.0,""n_days"":4.0,""mean_impact"":-0.05774539,""shrunk_impact"":-0.01649868,""ci_low"":-0.08630344,""ci_high"":0.05330607,""win_rate"":0.0}},""value"":-0.01649868},{""row"":0,""col"":2,""kind"":""sparse"",""pair"":{""id"":""pair-d21885629e137ea6"",""teamId"":""oe:team:134d1af7b5cafdd70f8f1ecdb2306c7"",""teamName"":""Angry Bats"",""playerAId"":""oe:player:788fb451a0732c0ce3bec0fbda415a0"",""playerBId"":""oe:player:c15d2ad445223acab83deffd548e4e0"",""playerA"":""Strava"",""playerB"":""Shack"",""stats"":{""eligible"":false,""n_games_total"":4.0,""n_games"":4.0,""n_days"":4.0,""mean_impact"":0.26169765,""shrunk_impact"":0.07477076,""ci_low"":-0.07963185,""ci_high"":0.22917337,""win_rate"":0.0}},""value"":0.07477076},{""row"":0,""col"":3,""kind"":""sparse"",""pair"":{""id"":""pair-2e07e8437337f8c6"",""teamId"":""oe:team:134d1af7b5cafdd70f8f1ecdb2306c7"",""teamName"":""Angry Bats"",""playerAId"":""oe:player:788fb451a0732c0ce3bec0fbda415a0"",""playerBId"":""oe:player:c4f4d7ac971e8a3876c1ec3224afec7"",""playerA"":""Strava"",""playerB"":""Cande"",""stats"":{""eligible"":false,""n_games_total"":4.0,""n_games"":4.0,""n_days"":4.0,""mean_impact"":-0.12471008,""shrunk_impact"":-0.03563145,""ci_low"":-0.17817109,""ci_high"":0.10690818,""win_rate"":0.0}},""value"":-0.03563145},{""row"":0,""col"":4,""kind"":""sparse"",""pair"":{""id"":""pair-0b943f49f318ea96"",""teamId"":""oe:team:134d1af7b5cafdd70f8f1ecdb2306c7"",""teamName"":""Angry Bats"",""playerAId"":""oe:player:788fb451a0732c0ce3bec0fbda415a0"",""playerBId"":""oe:player:9f497b08da385d41b60ef51a444f06b"",""playerA"":""Strava"",""playerB"":""Mezza"",""stats"":{""eligible"":false,""n_games_total"":4.0,""n_games"":4.0,""n_days"":4.0,""mean_impact"":0.11316931,""shrunk_impact"":0.03233409,""ci_low"":-0.06198037,""ci_high"":0.12664855,""win_rate"":0.0}},""value"":0.03233409},{""row"":1,""col"":0,""kind"":""sparse"",""pair"":{""id"":""pair-d42e66054878a0d9"",""teamId"":""oe:team:134d1af7b5cafdd70f8f1ecdb2306c7"",""teamName"":""Angry Bats"",""playerAId"":""name-player-c56152b72376fec5"",""playerBId"":""oe:player:788fb451a0732c0ce3bec0fbda415a0"",""playerA"":""BATS Acefilds"",""playerB"":""Strava"",""stats"":{""eligible"":false,""n_games_total"":4.0,""n_games"":4.0,""n_days"":4.0,""mean_impact"":-0.05774539,""shrunk_impact"":-0.01649868,""ci_low"":-0.08630344,""ci_high"":0.05330607,""win_rate"":0.0}},""value"":-0.01649868},{""row"":1,""col"":1,""kind"":""self"",""pair"":null,""value"":null},{""row"":1,""col"":2,""kind"":""sparse"",""pair"":{""id"":""pair-af802266b9300a22"",""teamId"":""oe:team:134d1af7b5cafdd70f8f1ecdb2306c7"",""teamName"":""Angry Bats"",""playerAId"":""name-player-c56152b72376fec5"",""playerBId"":""oe:player:c15d2ad445223acab83deffd548e4e0"",""playerA"":""BATS Acefilds"",""playerB"":""Shack"",""stats"":{""eligible"":false,""n_games_total"":4.0,""n_games"":4.0,""n_days"":4.0,""mean_impact"":-0.28167978,""shrunk_impact"":-0.08047994,""ci_low"":-0.13316363,""ci_high"":-0.02833992,""win_rate"":0.0}},""value"":-0.08047994},{""row"":1,""col"":3,""kind"":""sparse"",""pair"":{""id"":""pair-f06482f37a568823"",""teamId"":""oe:team:134d1af7b5cafdd70f8f1ecdb2306c7"",""teamName"":""Angry Bats"",""playerAId"":""name-player-c56152b72376fec5"",""playerBId"":""oe:player:c4f4d7ac971e8a3876c1ec3224afec7"",""playerA"":""BATS Acefilds"",""playerB"":""Cande"",""stats"":{""eligible"":false,""n_games_total"":4.0,""n_games"":4.0,""n_days"":4.0,""mean_impact"":-0.66808751,""shrunk_impact"":-0.19088215,""ci_low"":-0.25400896,""ci_high"":-0.12750167,""win_rate"":0.0}},""value"":-0.19088215},{""row"":1,""col"":4,""kind"":""sparse"",""pair"":{""id"":""pair-1b534857c7be5f82"",""teamId"":""oe:team:134d1af7b5cafdd70f8f1ecdb2306c7"",""teamName"":""Angry Bats"",""playerAId"":""name-player-c56152b72376fec5"",""playerBId"":""oe:player:9f497b08da385d41b60ef51a444f06b"",""playerA"":""BATS Acefilds"",""playerB"":""Mezza"",""stats"":{""eligible"":false,""n_games_total"":4.0,""n_games"":4.0,""n_days"":4.0,""mean_impact"":-0.43020812,""shrunk_impact"":-0.1229166,""ci_low"":-0.17499067,""ci_high"":-0.07084253,""win_rate"":0.0}},""value"":-0.1229166},{""row"":2,""col"":0,""kind"":""sparse"",""pair"":{""id"":""pair-d21885629e137ea6"",""teamId"":""oe:team:134d1af7b5cafdd70f8f1ecdb2306c7"",""teamName"":""Angry Bats"",""playerAId"":""oe:player:788fb451a0732c0ce3bec0fbda415a0"",""playerBId"":""oe:player:c15d2ad445223acab83deffd548e4e0"",""playerA"":""Strava"",""playerB"":""Shack"",""stats"":{""eligible"":false,""n_games_total"":4.0,""n_games"":4.0,""n_days"":4.0,""mean_impact"":0.26169765,""shrunk_impact"":0.07477076,""ci_low"":-0.07963185,""ci_high"":0.22917337,""win_rate"":0.0}},""value"":0.07477076},{""row"":2,""col"":1,""kind"":""sparse"",""pair"":{""id"":""pair-af802266b9300a22"",""teamId"":""oe:team:134d1af7b5cafdd70f8f1ecdb2306c7"",""teamName"":""Angry Bats"",""playerAId"":""name-player-c56152b72376fec5"",""playerBId"":""oe:player:c15d2ad445223acab83deffd548e4e0"",""playerA"":""BATS Acefilds"",""playerB"":""Shack"",""stats"":{""eligible"":false,""n_games_total"":4.0,""n_games"":4.0,""n_days"":4.0,""mean_impact"":-0.28167978,""shrunk_impact"":-0.08047994,""ci_low"":-0.13316363,""ci_high"":-0.02833992,""win_rate"":0.0}},""value"":-0.08047994},{""row"":2,""col"":2,""kind"":""self"",""pair"":null,""value"":null},{""row"":2,""col"":3,""kind"":""sparse"",""pair"":{""id"":""pair-521d664c93ce78f4"",""teamId"":""oe:team:134d1af7b5cafdd70f8f1ecdb2306c7"",""teamName"":""Angry Bats"",""playerAId"":""oe:player:c15d2ad445223acab83deffd548e4e0"",""playerBId"":""oe:player:c4f4d7ac971e8a3876c1ec3224afec7"",""playerA"":""Shack"",""playerB"":""Cande"",""stats"":{""eligible"":false,""n_games_total"":4.0,""n_games"":4.0,""n_days"":4.0,""mean_impact"":-0.34864447,""shrunk_impact"":-0.09961271,""ci_low"":-0.2244876,""ci_high"":0.02526219,""win_rate"":0.0}},""value"":-0.09961271},{""row"":2,""col"":4,""kind"":""sparse"",""pair"":{""id"":""pair-33213278cfa2ac53"",""teamId"":""oe:team:134d1af7b5cafdd70f8f1ecdb2306c7"",""teamName"":""Angry Bats"",""playerAId"":""oe:player:9f497b08da385d41b60ef51a444f06b"",""playerBId"":""oe:player:c15d2ad445223acab83deffd548e4e0"",""playerA"":""Mezza"",""playerB"":""Shack"",""stats"":{""eligible"":false,""n_games_total"":4.0,""n_games"":4.0,""n_days"":4.0,""mean_impact"":-0.11076507,""shrunk_impact"":-0.03164716,""ci_low"":-0.10829688,""ci_high"":0.04500256,""win_rate"":0.0}},""value"":-0.03164716},{""row"":3,""col"":0,""kind"":""sparse"",""pair"":{""id"":""pair-2e07e8437337f8c6"",""teamId"":""oe:team:134d1af7b5cafdd70f8f1ecdb2306c7"",""teamName"":""Angry Bats"",""playerAId"":""oe:player:788fb451a0732c0ce3bec0fbda415a0"",""playerBId"":""oe:player:c4f4d7ac971e8a3876c1ec3224afec7"",""playerA"":""Strava"",""playerB"":""Cande"",""stats"":{""eligible"":false,""n_games_total"":4.0,""n_games"":4.0,""n_days"":4.0,""mean_impact"":-0.12471008,""shrunk_impact"":-0.03563145,""ci_low"":-0.17817109,""ci_high"":0.10690818,""win_rate"":0.0}},""value"":-0.03563145},{""row"":3,""col"":1,""kind"":""sparse"",""pair"":{""id"":""pair-f06482f37a568823"",""teamId"":""oe:team:134d1af7b5cafdd70f8f1ecdb2306c7"",""teamName"":""Angry Bats"",""playerAId"":""name-player-c56152b72376fec5"",""playerBId"":""oe:player:c4f4d7ac971e8a3876c1ec3224afec7"",""playerA"":""BATS Acefilds"",""playerB"":""Cande"",""stats"":{""eligible"":false,""n_games_total"":4.0,""n_games"":4.0,""n_days"":4.0,""mean_impact"":-0.66808751,""shrunk_impact"":-0.19088215,""ci_low"":-0.25400896,""ci_high"":-0.12750167,""win_rate"":0.0}},""value"":-0.19088215},{""row"":3,""col"":2,""kind"":""sparse"",""pair"":{""id"":""pair-521d664c93ce78f4"",""teamId"":""oe:team:134d1af7b5cafdd70f8f1ecdb2306c7"",""teamName"":""Angry Bats"",""playerAId"":""oe:player:c15d2ad445223acab83deffd548e4e0"",""playerBId"":""oe:player:c4f4d7ac971e8a3876c1ec3224afec7"",""playerA"":""Shack"",""playerB"":""Cande"",""stats"":{""eligible"":false,""n_games_total"":4.0,""n_games"":4.0,""n_days"":4.0,""mean_impact"":-0.34864447,""shrunk_impact"":-0.09961271,""ci_low"":-0.2244876,""ci_high"":0.02526219,""win_rate"":0.0}},""value"":-0.09961271},{""row"":3,""col"":3,""kind"":""self"",""pair"":null,""value"":null},{""row"":3,""col"":4,""kind"":""sparse"",""pair"":{""id"":""pair-199ae1d5fcdabc9b"",""teamId"":""oe:team:134d1af7b5cafdd70f8f1ecdb2306c7"",""teamName"":""Angry Bats"",""playerAId"":""oe:player:9f497b08da385d41b60ef51a444f06b"",""playerBId"":""oe:player:c4f4d7ac971e8a3876c1ec3224afec7"",""playerA"":""Mezza"",""playerB"":""Cande"",""stats"":{""eligible"":false,""n_games_total"":4.0,""n_games"":4.0,""n_days"":4.0,""mean_impact"":-0.49717281,""shrunk_impact"":-0.14204937,""ci_low"":-0.22567685,""ci_high"":-0.0647844,""win_rate"":0.0}},""value"":-0.14204937},{""row"":4,""col"":0,""kind"":""sparse"",""pair"":{""id"":""pair-0b943f49f318ea96"",""teamId"":""oe:team:134d1af7b5cafdd70f8f1ecdb2306c7"",""teamName"":""Angry Bats"",""playerAId"":""oe:player:788fb451a0732c0ce3bec0fbda415a0"",""playerBId"":""oe:player:9f497b08da385d41b60ef51a444f06b"",""playerA"":""Strava"",""playerB"":""Mezza"",""stats"":{""eligible"":false,""n_games_total"":4.0,""n_games"":4.0,""n_days"":4.0,""mean_impact"":0.11316931,""shrunk_impact"":0.03233409,""ci_low"":-0.06198037,""ci_high"":0.12664855,""win_rate"":0.0}},""value"":0.03233409},{""row"":4,""col"":1,""kind"":""sparse"",""pair"":{""id"":""pair-1b534857c7be5f82"",""teamId"":""oe:team:134d1af7b5cafdd70f8f1ecdb2306c7"",""teamName"":""Angry Bats"",""playerAId"":""name-player-c56152b72376fec5"",""playerBId"":""oe:player:9f497b08da385d41b60ef51a444f06b"",""playerA"":""BATS Acefilds"",""playerB"":""Mezza"",""stats"":{""eligible"":false,""n_games_total"":4.0,""n_games"":4.0,""n_days"":4.0,""mean_impact"":-0.43020812,""shrunk_impact"":-0.1229166,""ci_low"":-0.17499067,""ci_high"":-0.07084253,""win_rate"":0.0}},""value"":-0.1229166},{""row"":4,""col"":2,""kind"":""sparse"",""pair"":{""id"":""pair-33213278cfa2ac53"",""teamId"":""oe:team:134d1af7b5cafdd70f8f1ecdb2306c7"",""teamName"":""Angry Bats"",""playerAId"":""oe:player:9f497b08da385d41b60ef51a444f06b"",""playerBId"":""oe:player:c15d2ad445223acab83deffd548e4e0"",""playerA"":""Mezza"",""playerB"":""Shack"",""stats"":{""eligible"":false,""n_games_total"":4.0,""n_games"":4.0,""n_days"":4.0,""mean_impact"":-0.11076507,""shrunk_impact"":-0.03164716,""ci_low"":-0.10829688,""ci_high"":0.04500256,""win_rate"":0.0}},""value"":-0.03164716},{""row"":4,""col"":3,""kind"":""sparse"",""pair"":{""id"":""pair-199ae1d5fcdabc9b"",""teamId"":""oe:team:134d1af7b5cafdd70f8f1ecdb2306c7"",""teamName"":""Angry Bats"",""playerAId"":""oe:player:9f497b08da385d41b60ef51a444f06b"",""playerBId"":""oe:player:c4f4d7ac971e8a3876c1ec3224afec7"",""playerA"":""Mezza"",""playerB"":""Cande"",""stats"":{""eligible"":false,""n_games_total"":4.0,""n_games"":4.0,""n_days"":4.0,""mean_impact"":-0.49717281,""shrunk_impact"":-0.14204937,""ci_low"":-0.22567685,""ci_high"":-0.0647844,""win_rate"":0.0}},""value"":-0.14204937},{""row"":4,""col"":4,""kind"":""self"",""pair"":null,""value"":null}],""limit"":0.19088215,""hasEligiblePair"":false}"
lineup-e6670fcc5b502437,oe:team:ee569c9f5e85fba8fcf57d51b1b78ed,DREN Esports,2023,oe:player:6121dcb1b75183d273f7875f49bab29,Lex,oe:player:1803cfd1a017efe15edef6546bdac2b,Gaboesh,oe:player:a0c87894f0e56ae5f63b8d22f450532,FENZ1,oe:player:02f6ffdf4bd4b275598106ebe404502,Spark,oe:player:54cdca5a55dca8e6da7e43d33b7c361,Paradox,1,1,1,0.02728914,0.00248083,,,False,0.00000000,485.88927944,1.35500879,0.21237396,0.30126310,0.19015547,0.15724253,0.18969730,0.08306477,0.19941049,0.19908417,0.28768441,0.47117419,0.13305232,0.08943433,"{""version"":1,""players"":[{""id"":""oe:player:6121dcb1b75183d273f7875f49bab29"",""name"":""Lex"",""role"":""top""},{""id"":""oe:player:1803cfd1a017efe15edef6546bdac2b"",""name"":""Gaboesh"",""role"":""jng""},{""id"":""oe:player:a0c87894f0e56ae5f63b8d22f450532"",""name"":""FENZ1"",""role"":""mid""},{""id"":""oe:player:02f6ffdf4bd4b275598106ebe404502"",""name"":""Spark"",""role"":""bot""},{""id"":""oe:player:54cdca5a55dca8e6da7e43d33b7c361"",""name"":""Paradox"",""role"":""sup""}],""cells"":[{""row"":0,""col"":0,""kind"":""self"",""pair"":null,""value"":null},{""row"":0,""col"":1,""kind"":""sparse"",""pair"":{""id"":""pair-f28c4d61f60cee94"",""teamId"":""oe:team:ee569c9f5e85fba8fcf57d51b1b78ed"",""teamName"":""DREN Esports"",""playerAId"":""oe:player:1803cfd1a017efe15edef6546bdac2b"",""playerBId"":""oe:player:6121dcb1b75183d273f7875f49bab29"",""playerA"":""Gaboesh"",""playerB"":""Lex"",""stats"":{""eligible"":false,""n_games_total"":1.0,""n_games"":1.0,""n_days"":1.0,""mean_impact"":-0.86896935,""shrunk_impact"":-0.07899721,""ci_low"":null,""ci_high"":null,""win_rate"":0.0}},""value"":-0.07899721},{""row"":0,""col"":2,""kind"":""sparse"",""pair"":{""id"":""pair-a547c2816e4194b3"",""teamId"":""oe:team:ee569c9f5e85fba8fcf57d51b1b78ed"",""teamName"":""DREN Esports"",""playerAId"":""oe:player:6121dcb1b75183d273f7875f49bab29"",""playerBId"":""oe:player:a0c87894f0e56ae5f63b8d22f450532"",""playerA"":""Lex"",""playerB"":""FENZ1"",""stats"":{""eligible"":false,""n_games_total"":1.0,""n_games"":1.0,""n_days"":1.0,""mean_impact"":-0.53134806,""shrunk_impact"":-0.04830437,""ci_low"":null,""ci_high"":null,""win_rate"":0.0}},""value"":-0.04830437},{""row"":0,""col"":3,""kind"":""sparse"",""pair"":{""id"":""pair-db8a77adfc1b99ce"",""teamId"":""oe:team:ee569c9f5e85fba8fcf57d51b1b78ed"",""teamName"":""DREN Esports"",""playerAId"":""oe:player:02f6ffdf4bd4b275598106ebe404502"",""playerBId"":""oe:player:6121dcb1b75183d273f7875f49bab29"",""playerA"":""Spark"",""playerB"":""Lex"",""stats"":{""eligible"":false,""n_games_total"":1.0,""n_games"":1.0,""n_days"":1.0,""mean_impact"":0.85139358,""shrunk_impact"":0.07739942,""ci_low"":null,""ci_high"":null,""win_rate"":0.0}},""value"":0.07739942},{""row"":0,""col"":4,""kind"":""sparse"",""pair"":{""id"":""pair-e2da915eb3aecccc"",""teamId"":""oe:team:ee569c9f5e85fba8fcf57d51b1b78ed"",""teamName"":""DREN Esports"",""playerAId"":""oe:player:54cdca5a55dca8e6da7e43d33b7c361"",""playerBId"":""oe:player:6121dcb1b75183d273f7875f49bab29"",""playerA"":""Paradox"",""playerB"":""Lex"",""stats"":{""eligible"":false,""n_games_total"":1.0,""n_games"":1.0,""n_days"":1.0,""mean_impact"":-0.45569772,""shrunk_impact"":-0.04142707,""ci_low"":null,""ci_high"":null,""win_rate"":0.0}},""value"":-0.04142707},{""row"":1,""col"":0,""kind"":""sparse"",""pair"":{""id"":""pair-f28c4d61f60cee94"",""teamId"":""oe:team:ee569c9f5e85fba8fcf57d51b1b78ed"",""teamName"":""DREN Esports"",""playerAId"":""oe:player:1803cfd1a017efe15edef6546bdac2b"",""playerBId"":""oe:player:6121dcb1b75183d273f7875f49bab29"",""playerA"":""Gaboesh"",""playerB"":""Lex"",""stats"":{""eligible"":false,""n_games_total"":1.0,""n_games"":1.0,""n_days"":1.0,""mean_impact"":-0.86896935,""shrunk_impact"":-0.07899721,""ci_low"":null,""ci_high"":null,""win_rate"":0.0}},""value"":-0.07899721},{""row"":1,""col"":1,""kind"":""self"",""pair"":null,""value"":null},{""row"":1,""col"":2,""kind"":""eligible"",""pair"":{""id"":""pair-b217532db9c73057"",""teamId"":""oe:team:ee569c9f5e85fba8fcf57d51b1b78ed"",""teamName"":""DREN Esports"",""playerAId"":""oe:player:1803cfd1a017efe15edef6546bdac2b"",""playerBId"":""oe:player:a0c87894f0e56ae5f63b8d22f450532"",""playerA"":""Gaboesh"",""playerB"":""FENZ1"",""stats"":{""eligible"":true,""n_games_total"":14.0,""n_games"":14.0,""n_days"":14.0,""mean_impact"":-0.18432202,""shrunk_impact"":-0.10752118,""ci_low"":-0.2539435,""ci_high"":0.03790662,""win_rate"":0.21428571}},""value"":-0.10752118},{""row"":1,""col"":3,""kind"":""sparse"",""pair"":{""id"":""pair-544390975d81e15d"",""teamId"":""oe:team:ee569c9f5e85fba8fcf57d51b1b78ed"",""teamName"":""DREN Esports"",""playerAId"":""oe:player:02f6ffdf4bd4b275598106ebe404502"",""playerBId"":""oe:player:1803cfd1a017efe15edef6546bdac2b"",""playerA"":""Spark"",""playerB"":""Gaboesh"",""stats"":{""eligible"":false,""n_games_total"":2.0,""n_games"":2.0,""n_days"":2.0,""mean_impact"":0.07558587,""shrunk_impact"":0.01259764,""ci_low"":null,""ci_high"":null,""win_rate"":0.0}},""value"":0.01259764},{""row"":1,""col"":4,""kind"":""eligible"",""pair"":{""id"":""pair-dc6ea1f3494f7ee2"",""teamId"":""oe:team:ee569c9f5e85fba8fcf57d51b1b78ed"",""teamName"":""DREN Esports"",""playerAId"":""oe:player:1803cfd1a017efe15edef6546bdac2b"",""playerBId"":""oe:player:54cdca5a55dca8e6da7e43d33b7c361"",""playerA"":""Gaboesh"",""playerB"":""Paradox"",""stats"":{""eligible"":true,""n_games_total"":14.0,""n_games"":14.0,""n_days"":14.0,""mean_impact"":-0.53609988,""shrunk_impact"":-0.31272493,""ci_low"":-0.41792419,""ci_high"":-0.19655123,""win_rate"":0.21428571}},""value"":-0.31272493},{""row"":2,""col"":0,""kind"":""sparse"",""pair"":{""id"":""pair-a547c2816e4194b3"",""teamId"":""oe:team:ee569c9f5e85fba8fcf57d51b1b78ed"",""teamName"":""DREN Esports"",""playerAId"":""oe:player:6121dcb1b75183d273f7875f49bab29"",""playerBId"":""oe:player:a0c87894f0e56ae5f63b8d22f450532"",""playerA"":""Lex"",""playerB"":""FENZ1"",""stats"":{""eligible"":false,""n_games_total"":1.0,""n_games"":1.0,""n_days"":1.0,""mean_impact"":-0.53134806,""shrunk_impact"":-0.04830437,""ci_low"":null,""ci_high"":null,""win_rate"":0.0}},""value"":-0.04830437},{""row"":2,""col"":1,""kind"":""eligible"",""pair"":{""id"":""pair-b217532db9c73057"",""teamId"":""oe:team:ee569c9f5e85fba8fcf57d51b1b78ed"",""teamName"":""DREN Esports"",""playerAId"":""oe:player:1803cfd1a017efe15edef6546bdac2b"",""playerBId"":""oe:player:a0c87894f0e56ae5f63b8d22f450532"",""playerA"":""Gaboesh"",""playerB"":""FENZ1"",""stats"":{""eligible"":true,""n_games_total"":14.0,""n_games"":14.0,""n_days"":14.0,""mean_impact"":-0.18432202,""shrunk_impact"":-0.10752118,""ci_low"":-0.2539435,""ci_high"":0.03790662,""win_rate"":0.21428571}},""value"":-0.10752118},{""row"":2,""col"":2,""kind"":""self"",""pair"":null,""value"":null},{""row"":2,""col"":3,""kind"":""sparse"",""pair"":{""id"":""pair-93bf28f3f652d68c"",""teamId"":""oe:team:ee569c9f5e85fba8fcf57d51b1b78ed"",""teamName"":""DREN Esports"",""playerAId"":""oe:player:02f6ffdf4bd4b275598106ebe404502"",""playerBId"":""oe:player:a0c87894f0e56ae5f63b8d22f450532"",""playerA"":""Spark"",""playerB"":""FENZ1"",""stats"":{""eligible"":false,""n_games_total"":2.0,""n_games"":2.0,""n_days"":2.0,""mean_impact"":0.29873768,""shrunk_impact"":0.04978961,""ci_low"":null,""ci_high"":null,""win_rate"":0.0}},""value"":0.04978961},{""row"":2,""col"":4,""kind"":""eligible"",""pair"":{""id"":""pair-35904e91a8f9e9fa"",""teamId"":""oe:team:ee569c9f5e85fba8fcf57d51b1b78ed"",""teamName"":""DREN Esports"",""playerAId"":""oe:player:54cdca5a55dca8e6da7e43d33b7c361"",""playerBId"":""oe:player:a0c87894f0e56ae5f63b8d22f450532"",""playerA"":""Paradox"",""playerB"":""FENZ1"",""stats"":{""eligible"":true,""n_games_total"":14.0,""n_games"":14.0,""n_days"":14.0,""mean_impact"":-0.26150024,""shrunk_impact"":-0.15254181,""ci_low"":-0.28459896,""ci_high"":-0.01900481,""win_rate"":0.21428571}},""value"":-0.15254181},{""row"":3,""col"":0,""kind"":""sparse"",""pair"":{""id"":""pair-db8a77adfc1b99ce"",""teamId"":""oe:team:ee569c9f5e85fba8fcf57d51b1b78ed"",""teamName"":""DREN Esports"",""playerAId"":""oe:player:02f6ffdf4bd4b275598106ebe404502"",""playerBId"":""oe:player:6121dcb1b75183d273f7875f49bab29"",""playerA"":""Spark"",""playerB"":""Lex"",""stats"":{""eligible"":false,""n_games_total"":1.0,""n_games"":1.0,""n_days"":1.0,""mean_impact"":0.85139358,""shrunk_impact"":0.07739942,""ci_low"":null,""ci_high"":null,""win_rate"":0.0}},""value"":0.07739942},{""row"":3,""col"":1,""kind"":""sparse"",""pair"":{""id"":""pair-544390975d81e15d"",""teamId"":""oe:team:ee569c9f5e85fba8fcf57d51b1b78ed"",""teamName"":""DREN Esports"",""playerAId"":""oe:player:02f6ffdf4bd4b275598106ebe404502"",""playerBId"":""oe:player:1803cfd1a017efe15edef6546bdac2b"",""playerA"":""Spark"",""playerB"":""Gaboesh"",""stats"":{""eligible"":false,""n_games_total"":2.0,""n_games"":2.0,""n_days"":2.0,""mean_impact"":0.07558587,""shrunk_impact"":0.01259764,""ci_low"":null,""ci_high"":null,""win_rate"":0.0}},""value"":0.01259764},{""row"":3,""col"":2,""kind"":""sparse"",""pair"":{""id"":""pair-93bf28f3f652d68c"",""teamId"":""oe:team:ee569c9f5e85fba8fcf57d51b1b78ed"",""teamName"":""DREN Esports"",""playerAId"":""oe:player:02f6ffdf4bd4b275598106ebe404502"",""playerBId"":""oe:player:a0c87894f0e56ae5f63b8d22f450532"",""playerA"":""Spark"",""playerB"":""FENZ1"",""stats"":{""eligible"":false,""n_games_total"":2.0,""n_games"":2.0,""n_days"":2.0,""mean_impact"":0.29873768,""shrunk_impact"":0.04978961,""ci_low"":null,""ci_high"":null,""win_rate"":0.0}},""value"":0.04978961},{""row"":3,""col"":3,""kind"":""self"",""pair"":null,""value"":null},{""row"":3,""col"":4,""kind"":""sparse"",""pair"":{""id"":""pair-d07fcbadbcf3f124"",""teamId"":""oe:team:ee569c9f5e85fba8fcf57d51b1b78ed"",""teamName"":""DREN Esports"",""playerAId"":""oe:player:02f6ffdf4bd4b275598106ebe404502"",""playerBId"":""oe:player:54cdca5a55dca8e6da7e43d33b7c361"",""playerA"":""Spark"",""playerB"":""Paradox"",""stats"":{""eligible"":false,""n_games_total"":2.0,""n_games"":2.0,""n_days"":2.0,""mean_impact"":0.19187274,""shrunk_impact"":0.03197879,""ci_low"":null,""ci_high"":null,""win_rate"":0.0}},""value"":0.03197879},{""row"":4,""col"":0,""kind"":""sparse"",""pair"":{""id"":""pair-e2da915eb3aecccc"",""teamId"":""oe:team:ee569c9f5e85fba8fcf57d51b1b78ed"",""teamName"":""DREN Esports"",""playerAId"":""oe:player:54cdca5a55dca8e6da7e43d33b7c361"",""playerBId"":""oe:player:6121dcb1b75183d273f7875f49bab29"",""playerA"":""Paradox"",""playerB"":""Lex"",""stats"":{""eligible"":false,""n_games_total"":1.0,""n_games"":1.0,""n_days"":1.0,""mean_impact"":-0.45569772,""shrunk_impact"":-0.04142707,""ci_low"":null,""ci_high"":null,""win_rate"":0.0}},""value"":-0.04142707},{""row"":4,""col"":1,""kind"":""eligible"",""pair"":{""id"":""pair-dc6ea1f3494f7ee2"",""teamId"":""oe:team:ee569c9f5e85fba8fcf57d51b1b78ed"",""teamName"":""DREN Esports"",""playerAId"":""oe:player:1803cfd1a017efe15edef6546bdac2b"",""playerBId"":""oe:player:54cdca5a55dca8e6da7e43d33b7c361"",""playerA"":""Gaboesh"",""playerB"":""Paradox"",""stats"":{""eligible"":true,""n_games_total"":14.0,""n_games"":14.0,""n_days"":14.0,""mean_impact"":-0.53609988,""shrunk_impact"":-0.31272493,""ci_low"":-0.41792419,""ci_high"":-0.19655123,""win_rate"":0.21428571}},""value"":-0.31272493},{""row"":4,""col"":2,""kind"":""eligible"",""pair"":{""id"":""pair-35904e91a8f9e9fa"",""teamId"":""oe:team:ee569c9f5e85fba8fcf57d51b1b78ed"",""teamName"":""DREN Esports"",""playerAId"":""oe:player:54cdca5a55dca8e6da7e43d33b7c361"",""playerBId"":""oe:player:a0c87894f0e56ae5f63b8d22f450532"",""playerA"":""Paradox"",""playerB"":""FENZ1"",""stats"":{""eligible"":true,""n_games_total"":14.0,""n_games"":14.0,""n_days"":14.0,""mean_impact"":-0.26150024,""shrunk_impact"":-0.15254181,""ci_low"":-0.28459896,""ci_high"":-0.01900481,""win_rate"":0.21428571}},""value"":-0.15254181},{""row"":4,""col"":3,""kind"":""sparse"",""pair"":{""id"":""pair-d07fcbadbcf3f124"",""teamId"":""oe:team:ee569c9f5e85fba8fcf57d51b1b78ed"",""teamName"":""DREN Esports"",""playerAId"":""oe:player:02f6ffdf4bd4b275598106ebe404502"",""playerBId"":""oe:player:54cdca5a55dca8e6da7e43d33b7c361"",""playerA"":""Spark"",""playerB"":""Paradox"",""stats"":{""eligible"":false,""n_games_total"":2.0,""n_games"":2.0,""n_days"":2.0,""mean_impact"":0.19187274,""shrunk_impact"":0.03197879,""ci_low"":null,""ci_high"":null,""win_rate"":0.0}},""value"":0.03197879},{""row"":4,""col"":4,""kind"":""self"",""pair"":null,""value"":null}],""limit"":0.31272493,""hasEligiblePair"":true}"
lineup-e9caa9f6592f2920,oe:team:cd6b4265231d4ba346274357681c335,aNc Outplayed,2023,oe:player:b366e140eae91b8d8f8c03294238f32,StenBosse,oe:player:752b048c76633399b04f6e87a8b211c,Stefan,oe:player:5f4898a107d2948045588584562be3f,Dehaste,oe:player:6a9dedd375fda0d451a45fa9809875e,Ellam,oe:player:dd4e48d56d876e846579c9e5c64d965,Venzer,25,19,9,-0.14404111,-0.09437176,-0.32149976,0.05902551,True,0.52631579,492.03750553,1.45013557,0.20844096,0.23637602,0.19412449,0.21455769,0.19069784,0.16832689,0.23607350,0.29219374,0.24020020,0.22701739,0.13890397,0.09790430,"{""version"":1,""players"":[{""id"":""oe:player:b366e140eae91b8d8f8c03294238f32"",""name"":""StenBosse"",""role"":""top""},{""id"":""oe:player:752b048c76633399b04f6e87a8b211c"",""name"":""Stefan"",""role"":""jng""},{""id"":""oe:player:5f4898a107d2948045588584562be3f"",""name"":""Dehaste"",""role"":""mid""},{""id"":""oe:player:6a9dedd375fda0d451a45fa9809875e"",""name"":""Ellam"",""role"":""bot""},{""id"":""oe:player:dd4e48d56d876e846579c9e5c64d965"",""name"":""Venzer"",""role"":""sup""}],""cells"":[{""row"":0,""col"":0,""kind"":""self"",""pair"":null,""value"":null},{""row"":0,""col"":1,""kind"":""eligible"",""pair"":{""id"":""pair-a7389c961b3ab06f"",""teamId"":""oe:team:cd6b4265231d4ba346274357681c335"",""teamName"":""aNc Outplayed"",""playerAId"":""oe:player:752b048c76633399b04f6e87a8b211c"",""playerBId"":""oe:player:b366e140eae91b8d8f8c03294238f32"",""playerA"":""Stefan"",""playerB"":""StenBosse"",""stats"":{""eligible"":true,""n_games_total"":25.0,""n_games"":19.0,""n_days"":9.0,""mean_impact"":-0.2030137,""shrunk_impact"":-0.13300898,""ci_low"":-0.32528392,""ci_high"":0.0038854,""win_rate"":0.52631579}},""value"":-0.13300898},{""row"":0,""col"":2,""kind"":""eligible"",""pair"":{""id"":""pair-7d6dcad68cddb362"",""teamId"":""oe:team:cd6b4265231d4ba346274357681c335"",""teamName"":""aNc Outplayed"",""playerAId"":""oe:player:5f4898a107d2948045588584562be3f"",""playerBId"":""oe:player:b366e140eae91b8d8f8c03294238f32"",""playerA"":""Dehaste"",""playerB"":""StenBosse"",""stats"":{""eligible"":true,""n_games_total"":25.0,""n_games"":19.0,""n_days"":9.0,""mean_impact"":0.25065035,""shrunk_impact"":0.1642192,""ci_low"":-0.14259582,""ci_high"":0.37070906,""win_rate"":0.52631579}},""value"":0.1642192},{""row"":0,""col"":3,""kind"":""eligible"",""pair"":{""id"":""pair-6991a9e4eab7b789"",""teamId"":""oe:team:cd6b4265231d4ba346274357681c335"",""teamName"":""aNc Outplayed"",""playerAId"":""oe:player:6a9dedd375fda0d451a45fa9809875e"",""playerBId"":""oe:player:b366e140eae91b8d8f8c03294238f32"",""playerA"":""Ellam"",""playerB"":""StenBosse"",""stats"":{""eligible"":true,""n_games_total"":25.0,""n_games"":19.0,""n_days"":9.0,""mean_impact"":-0.12564941,""shrunk_impact"":-0.08232202,""ci_low"":-0.34726736,""ci_high"":0.15779846,""win_rate"":0.52631579}},""value"":-0.08232202},{""row"":0,""col"":4,""kind"":""eligible"",""pair"":{""id"":""pair-5c6286f0ba9723cb"",""teamId"":""oe:team:cd6b4265231d4ba346274357681c335"",""teamName"":""aNc Outplayed"",""playerAId"":""oe:player:b366e140eae91b8d8f8c03294238f32"",""playerBId"":""oe:player:dd4e48d56d876e846579c9e5c64d965"",""playerA"":""StenBosse"",""playerB"":""Venzer"",""stats"":{""eligible"":true,""n_games_total"":25.0,""n_games"":19.0,""n_days"":9.0,""mean_impact"":-0.37602543,""shrunk_impact"":-0.24636149,""ci_low"":-0.35652395,""ci_high"":-0.14659324,""win_rate"":0.52631579}},""value"":-0.24636149},{""row"":1,""col"":0,""kind"":""eligible"",""pair"":{""id"":""pair-a7389c961b3ab06f"",""teamId"":""oe:team:cd6b4265231d4ba346274357681c335"",""teamName"":""aNc Outplayed"",""playerAId"":""oe:player:752b048c76633399b04f6e87a8b211c"",""playerBId"":""oe:player:b366e140eae91b8d8f8c03294238f32"",""playerA"":""Stefan"",""playerB"":""StenBosse"",""stats"":{""eligible"":true,""n_games_total"":25.0,""n_games"":19.0,""n_days"":9.0,""mean_impact"":-0.2030137,""shrunk_impact"":-0.13300898,""ci_low"":-0.32528392,""ci_high"":0.0038854,""win_rate"":0.52631579}},""value"":-0.13300898},{""row"":1,""col"":1,""kind"":""self"",""pair"":null,""value"":null},{""row"":1,""col"":2,""kind"":""eligible"",""pair"":{""id"":""pair-d582ac522f945e89"",""teamId"":""oe:team:cd6b4265231d4ba346274357681c335"",""teamName"":""aNc Outplayed"",""playerAId"":""oe:player:5f4898a107d2948045588584562be3f"",""playerBId"":""oe:player:752b048c76633399b04f6e87a8b211c"",""playerA"":""Dehaste"",""playerB"":""Stefan"",""stats"":{""eligible"":true,""n_games_total"":25.0,""n_games"":19.0,""n_days"":9.0,""mean_impact"":0.11026026,""shrunk_impact"":0.07223948,""ci_low"":-0.27789877,""ci_high"":0.27056324,""win_rate"":0.52631579}},""value"":0.07223948},{""row"":1,""col"":3,""kind"":""eligible"",""pair"":{""id"":""pair-5f2214d62fb4a929"",""teamId"":""oe:team:cd6b4265231d4ba346274357681c335"",""teamName"":""aNc Outplayed"",""playerAId"":""oe:player:6a9dedd375fda0d451a45fa9809875e"",""playerBId"":""oe:player:752b048c76633399b04f6e87a8b211c"",""playerA"":""Ellam"",""playerB"":""Stefan"",""stats"":{""eligible"":true,""n_games_total"":25.0,""n_games"":19.0,""n_days"":9.0,""mean_impact"":-0.2660395,""shrunk_impact"":-0.17430174,""ci_low"":-0.44871583,""ci_high"":0.05916022,""win_rate"":0.52631579}},""value"":-0.17430174},{""row"":1,""col"":4,""kind"":""eligible"",""pair"":{""id"":""pair-ef72f8b818fc9bc6"",""teamId"":""oe:team:cd6b4265231d4ba346274357681c335"",""teamName"":""aNc Outplayed"",""playerAId"":""oe:player:752b048c76633399b04f6e87a8b211c"",""playerBId"":""oe:player:dd4e48d56d876e846579c9e5c64d965"",""playerA"":""Stefan"",""playerB"":""Venzer"",""stats"":{""eligible"":true,""n_games_total"":25.0,""n_games"":19.0,""n_days"":9.0,""mean_impact"":-0.51641552,""shrunk_impact"":-0.3383412,""ci_low"":-0.45418919,""ci_high"":-0.27440852,""win_rate"":0.52631579}},""value"":-0.3383412},{""row"":2,""col"":0,""kind"":""eligible"",""pair"":{""id"":""pair-7d6dcad68cddb362"",""teamId"":""oe:team:cd6b4265231d4ba346274357681c335"",""teamName"":""aNc Outplayed"",""playerAId"":""oe:player:5f4898a107d2948045588584562be3f"",""playerBId"":""oe:player:b366e140eae91b8d8f8c03294238f32"",""playerA"":""Dehaste"",""playerB"":""StenBosse"",""stats"":{""eligible"":true,""n_games_total"":25.0,""n_games"":19.0,""n_days"":9.0,""mean_impact"":0.25065035,""shrunk_impact"":0.1642192,""ci_low"":-0.14259582,""ci_high"":0.37070906,""win_rate"":0.52631579}},""value"":0.1642192},{""row"":2,""col"":1,""kind"":""eligible"",""pair"":{""id"":""pair-d582ac522f945e89"",""teamId"":""oe:team:cd6b4265231d4ba346274357681c335"",""teamName"":""aNc Outplayed"",""playerAId"":""oe:player:5f4898a107d2948045588584562be3f"",""playerBId"":""oe:player:752b048c76633399b04f6e87a8b211c"",""playerA"":""Dehaste"",""playerB"":""Stefan"",""stats"":{""eligible"":true,""n_games_total"":25.0,""n_games"":19.0,""n_days"":9.0,""mean_impact"":0.11026026,""shrunk_impact"":0.07223948,""ci_low"":-0.27789877,""ci_high"":0.27056324,""win_rate"":0.52631579}},""value"":0.07223948},{""row"":2,""col"":2,""kind"":""self"",""pair"":null,""value"":null},{""row"":2,""col"":3,""kind"":""eligible"",""pair"":{""id"":""pair-9d662ec41bd4b5aa"",""teamId"":""oe:team:cd6b4265231d4ba346274357681c335"",""teamName"":""aNc Outplayed"",""playerAId"":""oe:player:5f4898a107d2948045588584562be3f"",""playerBId"":""oe:player:6a9dedd375fda0d451a45fa9809875e"",""playerA"":""Dehaste"",""playerB"":""Ellam"",""stats"":{""eligible"":true,""n_games_total"":25.0,""n_games"":19.0,""n_days"":9.0,""mean_impact"":0.18762456,""shrunk_impact"":0.12292643,""ci_low"":-0.2671125,""ci_high"":0.40772967,""win_rate"":0.52631579}},""value"":0.12292643},{""row"":2,""col"":4,""kind"":""eligible"",""pair"":{""id"":""pair-e84ec57ac6184b16"",""teamId"":""oe:team:cd6b4265231d4ba346274357681c335"",""teamName"":""aNc Outplayed"",""playerAId"":""oe:player:5f4898a107d2948045588584562be3f"",""playerBId"":""oe:player:dd4e48d56d876e846579c9e5c64d965"",""playerA"":""Dehaste"",""playerB"":""Venzer"",""stats"":{""eligible"":true,""n_games_total"":25.0,""n_games"":19.0,""n_days"":9.0,""mean_impact"":-0.06275147,""shrunk_impact"":-0.04111303,""ci_low"":-0.30597843,""ci_high"":0.11398244,""win_rate"":0.52631579}},""value"":-0.04111303},{""row"":3,""col"":0,""kind"":""eligible"",""pair"":{""id"":""pair-6991a9e4eab7b789"",""teamId"":""oe:team:cd6b4265231d4ba346274357681c335"",""teamName"":""aNc Outplayed"",""playerAId"":""oe:player:6a9dedd375fda0d451a45fa9809875e"",""playerBId"":""oe:player:b366e140eae91b8d8f8c03294238f32"",""playerA"":""Ellam"",""playerB"":""StenBosse"",""stats"":{""eligible"":true,""n_games_total"":25.0,""n_games"":19.0,""n_days"":9.0,""mean_impact"":-0.12564941,""shrunk_impact"":-0.08232202,""ci_low"":-0.34726736,""ci_high"":0.15779846,""win_rate"":0.52631579}},""value"":-0.08232202},{""row"":3,""col"":1,""kind"":""eligible"",""pair"":{""id"":""pair-5f2214d62fb4a929"",""teamId"":""oe:team:cd6b4265231d4ba346274357681c335"",""teamName"":""aNc Outplayed"",""playerAId"":""oe:player:6a9dedd375fda0d451a45fa9809875e"",""playerBId"":""oe:player:752b048c76633399b04f6e87a8b211c"",""playerA"":""Ellam"",""playerB"":""Stefan"",""stats"":{""eligible"":true,""n_games_total"":25.0,""n_games"":19.0,""n_days"":9.0,""mean_impact"":-0.2660395,""shrunk_impact"":-0.17430174,""ci_low"":-0.44871583,""ci_high"":0.05916022,""win_rate"":0.52631579}},""value"":-0.17430174},{""row"":3,""col"":2,""kind"":""eligible"",""pair"":{""id"":""pair-9d662ec41bd4b5aa"",""teamId"":""oe:team:cd6b4265231d4ba346274357681c335"",""teamName"":""aNc Outplayed"",""playerAId"":""oe:player:5f4898a107d2948045588584562be3f"",""playerBId"":""oe:player:6a9dedd375fda0d451a45fa9809875e"",""playerA"":""Dehaste"",""playerB"":""Ellam"",""stats"":{""eligible"":true,""n_games_total"":25.0,""n_games"":19.0,""n_days"":9.0,""mean_impact"":0.18762456,""shrunk_impact"":0.12292643,""ci_low"":-0.2671125,""ci_high"":0.40772967,""win_rate"":0.52631579}},""value"":0.12292643},{""row"":3,""col"":3,""kind"":""self"",""pair"":null,""value"":null},{""row"":3,""col"":4,""kind"":""eligible"",""pair"":{""id"":""pair-db1d54aca23688c2"",""teamId"":""oe:team:cd6b4265231d4ba346274357681c335"",""teamName"":""aNc Outplayed"",""playerAId"":""oe:player:6a9dedd375fda0d451a45fa9809875e"",""playerBId"":""oe:player:dd4e48d56d876e846579c9e5c64d965"",""playerA"":""Ellam"",""playerB"":""Venzer"",""stats"":{""eligible"":true,""n_games_total"":25.0,""n_games"":19.0,""n_days"":9.0,""mean_impact"":-0.43905122,""shrunk_impact"":-0.28765425,""ci_low"":-0.46608808,""ci_high"":-0.13246122,""win_rate"":0.52631579}},""value"":-0.28765425},{""row"":4,""col"":0,""kind"":""eligible"",""pair"":{""id"":""pair-5c6286f0ba9723cb"",""teamId"":""oe:team:cd6b4265231d4ba346274357681c335"",""teamName"":""aNc Outplayed"",""playerAId"":""oe:player:b366e140eae91b8d8f8c03294238f32"",""playerBId"":""oe:player:dd4e48d56d876e846579c9e5c64d965"",""playerA"":""StenBosse"",""playerB"":""Venzer"",""stats"":{""eligible"":true,""n_games_total"":25.0,""n_games"":19.0,""n_days"":9.0,""mean_impact"":-0.37602543,""shrunk_impact"":-0.24636149,""ci_low"":-0.35652395,""ci_high"":-0.14659324,""win_rate"":0.52631579}},""value"":-0.24636149},{""row"":4,""col"":1,""kind"":""eligible"",""pair"":{""id"":""pair-ef72f8b818fc9bc6"",""teamId"":""oe:team:cd6b4265231d4ba346274357681c335"",""teamName"":""aNc Outplayed"",""playerAId"":""oe:player:752b048c76633399b04f6e87a8b211c"",""playerBId"":""oe:player:dd4e48d56d876e846579c9e5c64d965"",""playerA"":""Stefan"",""playerB"":""Venzer"",""stats"":{""eligible"":true,""n_games_total"":25.0,""n_games"":19.0,""n_days"":9.0,""mean_impact"":-0.51641552,""shrunk_impact"":-0.3383412,""ci_low"":-0.45418919,""ci_high"":-0.27440852,""win_rate"":0.52631579}},""value"":-0.3383412},{""row"":4,""col"":2,""kind"":""eligible"",""pair"":{""id"":""pair-e84ec57ac6184b16"",""teamId"":""oe:team:cd6b4265231d4ba346274357681c335"",""teamName"":""aNc Outplayed"",""playerAId"":""oe:player:5f4898a107d2948045588584562be3f"",""playerBId"":""oe:player:dd4e48d56d876e846579c9e5c64d965"",""playerA"":""Dehaste"",""playerB"":""Venzer"",""stats"":{""eligible"":true,""n_games_total"":25.0,""n_games"":19.0,""n_days"":9.0,""mean_impact"":-0.06275147,""shrunk_impact"":-0.04111303,""ci_low"":-0.30597843,""ci_high"":0.11398244,""win_rate"":0.52631579}},""value"":-0.04111303},{""row"":4,""col"":3,""kind"":""eligible"",""pair"":{""id"":""pair-db1d54aca23688c2"",""teamId"":""oe:team:cd6b4265231d4ba346274357681c335"",""teamName"":""aNc Outplayed"",""playerAId"":""oe:player:6a9dedd375fda0d451a45fa9809875e"",""playerBId"":""oe:player:dd4e48d56d876e846579c9e5c64d965"",""playerA"":""Ellam"",""playerB"":""Venzer"",""stats"":{""eligible"":true,""n_games_total"":25.0,""n_games"":19.0,""n_days"":9.0,""mean_impact"":-0.43905122,""shrunk_impact"":-0.28765425,""ci_low"":-0.46608808,""ci_high"":-0.13246122,""win_rate"":0.52631579}},""value"":-0.28765425},{""row"":4,""col"":4,""kind"":""self"",""pair"":null,""value"":null}],""limit"":0.3383412,""hasEligiblePair"":true}"
lineup-f752c7bcd7d78ec5,oe:team:ee569c9f5e85fba8fcf57d51b1b78ed,DREN Esports,2023,oe:player:d623bb25dc94f5a8dfdab2689ac5615,TheCheeng,oe:player:1803cfd1a017efe15edef6546bdac2b,Gaboesh,oe:player:a0c87894f0e56ae5f63b8d22f450532,FENZ1,oe:player:02f6ffdf4bd4b275598106ebe404502,Spark,oe:player:54cdca5a55dca8e6da7e43d33b7c361,Paradox,1,1,1,-0.52391948,-0.04762904,,,False,0.00000000,319.51408062,1.06681391,0.20783202,0.24031097,0.19573678,0.26551224,0.21048558,0.14964745,0.24964621,0.31878888,0.21495224,0.20514309,0.12917920,0.06090834,"{""version"":1,""players"":[{""id"":""oe:player:d623bb25dc94f5a8dfdab2689ac5615"",""name"":""TheCheeng"",""role"":""top""},{""id"":""oe:player:1803cfd1a017efe15edef6546bdac2b"",""name"":""Gaboesh"",""role"":""jng""},{""id"":""oe:player:a0c87894f0e56ae5f63b8d22f450532"",""name"":""FENZ1"",""role"":""mid""},{""id"":""oe:player:02f6ffdf4bd4b275598106ebe404502"",""name"":""Spark"",""role"":""bot""},{""id"":""oe:player:54cdca5a55dca8e6da7e43d33b7c361"",""name"":""Paradox"",""role"":""sup""}],""cells"":[{""row"":0,""col"":0,""kind"":""self"",""pair"":null,""value"":null},{""row"":0,""col"":1,""kind"":""eligible"",""pair"":{""id"":""pair-2d7aa6afae3222f6"",""teamId"":""oe:team:ee569c9f5e85fba8fcf57d51b1b78ed"",""teamName"":""DREN Esports"",""playerAId"":""oe:player:1803cfd1a017efe15edef6546bdac2b"",""playerBId"":""oe:player:d623bb25dc94f5a8dfdab2689ac5615"",""playerA"":""Gaboesh"",""playerB"":""TheCheeng"",""stats"":{""eligible"":true,""n_games_total"":12.0,""n_games"":12.0,""n_days"":12.0,""mean_impact"":-0.42039385,""shrunk_impact"":-0.22930574,""ci_low"":-0.29691549,""ci_high"":-0.15591965,""win_rate"":0.25}},""value"":-0.22930574},{""row"":0,""col"":2,""kind"":""eligible"",""pair"":{""id"":""pair-20cfc492a3107c47"",""teamId"":""oe:team:ee569c9f5e85fba8fcf57d51b1b78ed"",""teamName"":""DREN Esports"",""playerAId"":""oe:player:a0c87894f0e56ae5f63b8d22f450532"",""playerBId"":""oe:player:d623bb25dc94f5a8dfdab2689ac5615"",""playerA"":""FENZ1"",""playerB"":""TheCheeng"",""stats"":{""eligible"":true,""n_games_total"":12.0,""n_games"":12.0,""n_days"":12.0,""mean_impact"":-0.14795065,""shrunk_impact"":-0.08070035,""ci_low"":-0.21593725,""ci_high"":0.06742184,""win_rate"":0.25}},""value"":-0.08070035},{""row"":0,""col"":3,""kind"":""sparse"",""pair"":{""id"":""pair-a7f9a210bee1a277"",""teamId"":""oe:team:ee569c9f5e85fba8fcf57d51b1b78ed"",""teamName"":""DREN Esports"",""playerAId"":""oe:player:02f6ffdf4bd4b275598106ebe404502"",""playerBId"":""oe:player:d623bb25dc94f5a8dfdab2689ac5615"",""playerA"":""Spark"",""playerB"":""TheCheeng"",""stats"":{""eligible"":false,""n_games_total"":1.0,""n_games"":1.0,""n_days"":1.0,""mean_impact"":-0.58469854,""shrunk_impact"":-0.05315441,""ci_low"":null,""ci_high"":null,""win_rate"":0.0}},""value"":-0.05315441},{""row"":0,""col"":4,""kind"":""eligible"",""pair"":{""id"":""pair-fe33d6403fb82886"",""teamId"":""oe:team:ee569c9f5e85fba8fcf57d51b1b78ed"",""teamName"":""DREN Esports"",""playerAId"":""oe:player:54cdca5a55dca8e6da7e43d33b7c361"",""playerBId"":""oe:player:d623bb25dc94f5a8dfdab2689ac5615"",""playerA"":""Paradox"",""playerB"":""TheCheeng"",""stats"":{""eligible"":true,""n_games_total"":12.0,""n_games"":12.0,""n_days"":12.0,""mean_impact"":-0.54515354,""shrunk_impact"":-0.29735648,""ci_low"":-0.40672353,""ci_high"":-0.20098749,""win_rate"":0.25}},""value"":-0.29735648},{""row"":1,""col"":0,""kind"":""eligible"",""pair"":{""id"":""pair-2d7aa6afae3222f6"",""teamId"":""oe:team:ee569c9f5e85fba8fcf57d51b1b78ed"",""teamName"":""DREN Esports"",""playerAId"":""oe:player:1803cfd1a017efe15edef6546bdac2b"",""playerBId"":""oe:player:d623bb25dc94f5a8dfdab2689ac5615"",""playerA"":""Gaboesh"",""playerB"":""TheCheeng"",""stats"":{""eligible"":true,""n_games_total"":12.0,""n_games"":12.0,""n_days"":12.0,""mean_impact"":-0.42039385,""shrunk_impact"":-0.22930574,""ci_low"":-0.29691549,""ci_high"":-0.15591965,""win_rate"":0.25}},""value"":-0.22930574},{""row"":1,""col"":1,""kind"":""self"",""pair"":null,""value"":null},{""row"":1,""col"":2,""kind"":""eligible"",""pair"":{""id"":""pair-b217532db9c73057"",""teamId"":""oe:team:ee569c9f5e85fba8fcf57d51b1b78ed"",""teamName"":""DREN Esports"",""playerAId"":""oe:player:1803cfd1a017efe15edef6546bdac2b"",""playerBId"":""oe:player:a0c87894f0e56ae5f63b8d22f450532"",""playerA"":""Gaboesh"",""playerB"":""FENZ1"",""stats"":{""eligible"":true,""n_games_total"":14.0,""n_games"":14.0,""n_days"":14.0,""mean_impact"":-0.18432202,""shrunk_impact"":-0.10752118,""ci_low"":-0.2539435,""ci_high"":0.03790662,""win_rate"":0.21428571}},""value"":-0.10752118},{""row"":1,""col"":3,""kind"":""sparse"",""pair"":{""id"":""pair-544390975d81e15d"",""teamId"":""oe:team:ee569c9f5e85fba8fcf57d51b1b78ed"",""teamName"":""DREN Esports"",""playerAId"":""oe:player:02f6ffdf4bd4b275598106ebe404502"",""playerBId"":""oe:player:1803cfd1a017efe15edef6546bdac2b"",""playerA"":""Spark"",""playerB"":""Gaboesh"",""stats"":{""eligible"":false,""n_games_total"":2.0,""n_games"":2.0,""n_days"":2.0,""mean_impact"":0.07558587,""shrunk_impact"":0.01259764,""ci_low"":null,""ci_high"":null,""win_rate"":0.0}},""value"":0.01259764},{""row"":1,""col"":4,""kind"":""eligible"",""pair"":{""id"":""pair-dc6ea1f3494f7ee2"",""teamId"":""oe:team:ee569c9f5e85fba8fcf57d51b1b78ed"",""teamName"":""DREN Esports"",""playerAId"":""oe:player:1803cfd1a017efe15edef6546bdac2b"",""playerBId"":""oe:player:54cdca5a55dca8e6da7e43d33b7c361"",""playerA"":""Gaboesh"",""playerB"":""Paradox"",""stats"":{""eligible"":true,""n_games_total"":14.0,""n_games"":14.0,""n_days"":14.0,""mean_impact"":-0.53609988,""shrunk_impact"":-0.31272493,""ci_low"":-0.41792419,""ci_high"":-0.19655123,""win_rate"":0.21428571}},""value"":-0.31272493},{""row"":2,""col"":0,""kind"":""eligible"",""pair"":{""id"":""pair-20cfc492a3107c47"",""teamId"":""oe:team:ee569c9f5e85fba8fcf57d51b1b78ed"",""teamName"":""DREN Esports"",""playerAId"":""oe:player:a0c87894f0e56ae5f63b8d22f450532"",""playerBId"":""oe:player:d623bb25dc94f5a8dfdab2689ac5615"",""playerA"":""FENZ1"",""playerB"":""TheCheeng"",""stats"":{""eligible"":true,""n_games_total"":12.0,""n_games"":12.0,""n_days"":12.0,""mean_impact"":-0.14795065,""shrunk_impact"":-0.08070035,""ci_low"":-0.21593725,""ci_high"":0.06742184,""win_rate"":0.25}},""value"":-0.08070035},{""row"":2,""col"":1,""kind"":""eligible"",""pair"":{""id"":""pair-b217532db9c73057"",""teamId"":""oe:team:ee569c9f5e85fba8fcf57d51b1b78ed"",""teamName"":""DREN Esports"",""playerAId"":""oe:player:1803cfd1a017efe15edef6546bdac2b"",""playerBId"":""oe:player:a0c87894f0e56ae5f63b8d22f450532"",""playerA"":""Gaboesh"",""playerB"":""FENZ1"",""stats"":{""eligible"":true,""n_games_total"":14.0,""n_games"":14.0,""n_days"":14.0,""mean_impact"":-0.18432202,""shrunk_impact"":-0.10752118,""ci_low"":-0.2539435,""ci_high"":0.03790662,""win_rate"":0.21428571}},""value"":-0.10752118},{""row"":2,""col"":2,""kind"":""self"",""pair"":null,""value"":null},{""row"":2,""col"":3,""kind"":""sparse"",""pair"":{""id"":""pair-93bf28f3f652d68c"",""teamId"":""oe:team:ee569c9f5e85fba8fcf57d51b1b78ed"",""teamName"":""DREN Esports"",""playerAId"":""oe:player:02f6ffdf4bd4b275598106ebe404502"",""playerBId"":""oe:player:a0c87894f0e56ae5f63b8d22f450532"",""playerA"":""Spark"",""playerB"":""FENZ1"",""stats"":{""eligible"":false,""n_games_total"":2.0,""n_games"":2.0,""n_days"":2.0,""mean_impact"":0.29873768,""shrunk_impact"":0.04978961,""ci_low"":null,""ci_high"":null,""win_rate"":0.0}},""value"":0.04978961},{""row"":2,""col"":4,""kind"":""eligible"",""pair"":{""id"":""pair-35904e91a8f9e9fa"",""teamId"":""oe:team:ee569c9f5e85fba8fcf57d51b1b78ed"",""teamName"":""DREN Esports"",""playerAId"":""oe:player:54cdca5a55dca8e6da7e43d33b7c361"",""playerBId"":""oe:player:a0c87894f0e56ae5f63b8d22f450532"",""playerA"":""Paradox"",""playerB"":""FENZ1"",""stats"":{""eligible"":true,""n_games_total"":14.0,""n_games"":14.0,""n_days"":14.0,""mean_impact"":-0.26150024,""shrunk_impact"":-0.15254181,""ci_low"":-0.28459896,""ci_high"":-0.01900481,""win_rate"":0.21428571}},""value"":-0.15254181},{""row"":3,""col"":0,""kind"":""sparse"",""pair"":{""id"":""pair-a7f9a210bee1a277"",""teamId"":""oe:team:ee569c9f5e85fba8fcf57d51b1b78ed"",""teamName"":""DREN Esports"",""playerAId"":""oe:player:02f6ffdf4bd4b275598106ebe404502"",""playerBId"":""oe:player:d623bb25dc94f5a8dfdab2689ac5615"",""playerA"":""Spark"",""playerB"":""TheCheeng"",""stats"":{""eligible"":false,""n_games_total"":1.0,""n_games"":1.0,""n_days"":1.0,""mean_impact"":-0.58469854,""shrunk_impact"":-0.05315441,""ci_low"":null,""ci_high"":null,""win_rate"":0.0}},""value"":-0.05315441},{""row"":3,""col"":1,""kind"":""sparse"",""pair"":{""id"":""pair-544390975d81e15d"",""teamId"":""oe:team:ee569c9f5e85fba8fcf57d51b1b78ed"",""teamName"":""DREN Esports"",""playerAId"":""oe:player:02f6ffdf4bd4b275598106ebe404502"",""playerBId"":""oe:player:1803cfd1a017efe15edef6546bdac2b"",""playerA"":""Spark"",""playerB"":""Gaboesh"",""stats"":{""eligible"":false,""n_games_total"":2.0,""n_games"":2.0,""n_days"":2.0,""mean_impact"":0.07558587,""shrunk_impact"":0.01259764,""ci_low"":null,""ci_high"":null,""win_rate"":0.0}},""value"":0.01259764},{""row"":3,""col"":2,""kind"":""sparse"",""pair"":{""id"":""pair-93bf28f3f652d68c"",""teamId"":""oe:team:ee569c9f5e85fba8fcf57d51b1b78ed"",""teamName"":""DREN Esports"",""playerAId"":""oe:player:02f6ffdf4bd4b275598106ebe404502"",""playerBId"":""oe:player:a0c87894f0e56ae5f63b8d22f450532"",""playerA"":""Spark"",""playerB"":""FENZ1"",""stats"":{""eligible"":false,""n_games_total"":2.0,""n_games"":2.0,""n_days"":2.0,""mean_impact"":0.29873768,""shrunk_impact"":0.04978961,""ci_low"":null,""ci_high"":null,""win_rate"":0.0}},""value"":0.04978961},{""row"":3,""col"":3,""kind"":""self"",""pair"":null,""value"":null},{""row"":3,""col"":4,""kind"":""sparse"",""pair"":{""id"":""pair-d07fcbadbcf3f124"",""teamId"":""oe:team:ee569c9f5e85fba8fcf57d51b1b78ed"",""teamName"":""DREN Esports"",""playerAId"":""oe:player:02f6ffdf4bd4b275598106ebe404502"",""playerBId"":""oe:player:54cdca5a55dca8e6da7e43d33b7c361"",""playerA"":""Spark"",""playerB"":""Paradox"",""stats"":{""eligible"":false,""n_games_total"":2.0,""n_games"":2.0,""n_days"":2.0,""mean_impact"":0.19187274,""shrunk_impact"":0.03197879,""ci_low"":null,""ci_high"":null,""win_rate"":0.0}},""value"":0.03197879},{""row"":4,""col"":0,""kind"":""eligible"",""pair"":{""id"":""pair-fe33d6403fb82886"",""teamId"":""oe:team:ee569c9f5e85fba8fcf57d51b1b78ed"",""teamName"":""DREN Esports"",""playerAId"":""oe:player:54cdca5a55dca8e6da7e43d33b7c361"",""playerBId"":""oe:player:d623bb25dc94f5a8dfdab2689ac5615"",""playerA"":""Paradox"",""playerB"":""TheCheeng"",""stats"":{""eligible"":true,""n_games_total"":12.0,""n_games"":12.0,""n_days"":12.0,""mean_impact"":-0.54515354,""shrunk_impact"":-0.29735648,""ci_low"":-0.40672353,""ci_high"":-0.20098749,""win_rate"":0.25}},""value"":-0.29735648},{""row"":4,""col"":1,""kind"":""eligible"",""pair"":{""id"":""pair-dc6ea1f3494f7ee2"",""teamId"":""oe:team:ee569c9f5e85fba8fcf57d51b1b78ed"",""teamName"":""DREN Esports"",""playerAId"":""oe:player:1803cfd1a017efe15edef6546bdac2b"",""playerBId"":""oe:player:54cdca5a55dca8e6da7e43d33b7c361"",""playerA"":""Gaboesh"",""playerB"":""Paradox"",""stats"":{""eligible"":true,""n_games_total"":14.0,""n_games"":14.0,""n_days"":14.0,""mean_impact"":-0.53609988,""shrunk_impact"":-0.31272493,""ci_low"":-0.41792419,""ci_high"":-0.19655123,""win_rate"":0.21428571}},""value"":-0.31272493},{""row"":4,""col"":2,""kind"":""eligible"",""pair"":{""id"":""pair-35904e91a8f9e9fa"",""teamId"":""oe:team:ee569c9f5e85fba8fcf57d51b1b78ed"",""teamName"":""DREN Esports"",""playerAId"":""oe:player:54cdca5a55dca8e6da7e43d33b7c361"",""playerBId"":""oe:player:a0c87894f0e56ae5f63b8d22f450532"",""playerA"":""Paradox"",""playerB"":""FENZ1"",""stats"":{""eligible"":true,""n_games_total"":14.0,""n_games"":14.0,""n_days"":14.0,""mean_impact"":-0.26150024,""shrunk_impact"":-0.15254181,""ci_low"":-0.28459896,""ci_high"":-0.01900481,""win_rate"":0.21428571}},""value"":-0.15254181},{""row"":4,""col"":3,""kind"":""sparse"",""pair"":{""id"":""pair-d07fcbadbcf3f124"",""teamId"":""oe:team:ee569c9f5e85fba8fcf57d51b1b78ed"",""teamName"":""DREN Esports"",""playerAId"":""oe:player:02f6ffdf4bd4b275598106ebe404502"",""playerBId"":""oe:player:54cdca5a55dca8e6da7e43d33b7c361"",""playerA"":""Spark"",""playerB"":""Paradox"",""stats"":{""eligible"":false,""n_games_total"":2.0,""n_games"":2.0,""n_days"":2.0,""mean_impact"":0.19187274,""shrunk_impact"":0.03197879,""ci_low"":null,""ci_high"":null,""win_rate"":0.0}},""value"":0.03197879},{""row"":4,""col"":4,""kind"":""self"",""pair"":null,""value"":null}],""limit"":0.31272493,""hasEligiblePair"":true}"
lineup-ff60868d32ec1d45,oe:team:23dda07cf3e2a786d6b300cc78a1cf6,GGEsports,2023,oe:player:d623bb25dc94f5a8dfdab2689ac5615,TheCheeng,oe:player:c7673cc6a75e1633240f751f871ef49,Navatar,oe:player:b7fe50d252f0ea8a99edc0dfb504b4d,JeppeHou,oe:player:43ba4f6beb2d73408cb2fcebd67b1ff,Teiyon,oe:player:e30062a89c547678e8bdba69edf2295,ItSir,1,1,1,0.05557680,0.00505244,,,False,0.00000000,490.63818425,1.28971963,0.20682138,0.20610599,0.20313022,0.25470219,0.17694225,0.21788467,0.25337308,0.19327978,0.22117139,0.18408764,0.14538305,0.15004572,"{""version"":1,""players"":[{""id"":""oe:player:d623bb25dc94f5a8dfdab2689ac5615"",""name"":""TheCheeng"",""role"":""top""},{""id"":""oe:player:c7673cc6a75e1633240f751f871ef49"",""name"":""Navatar"",""role"":""jng""},{""id"":""oe:player:b7fe50d252f0ea8a99edc0dfb504b4d"",""name"":""JeppeHou"",""role"":""sup""},{""id"":""oe:player:43ba4f6beb2d73408cb2fcebd67b1ff"",""name"":""Teiyon"",""role"":""bot""},{""id"":""oe:player:e30062a89c547678e8bdba69edf2295"",""name"":""ItSir"",""role"":""sup""}],""cells"":[{""row"":0,""col"":0,""kind"":""self"",""pair"":null,""value"":null},{""row"":0,""col"":1,""kind"":""sparse"",""pair"":{""id"":""pair-68a629225cf44299"",""teamId"":""oe:team:23dda07cf3e2a786d6b300cc78a1cf6"",""teamName"":""GGEsports"",""playerAId"":""oe:player:c7673cc6a75e1633240f751f871ef49"",""playerBId"":""oe:player:d623bb25dc94f5a8dfdab2689ac5615"",""playerA"":""Navatar"",""playerB"":""TheCheeng"",""stats"":{""eligible"":false,""n_games_total"":12.0,""n_games"":6.0,""n_days"":6.0,""mean_impact"":0.07154274,""shrunk_impact"":0.02682853,""ci_low"":-0.0712982,""ci_high"":0.13195508,""win_rate"":0.16666667}},""value"":0.02682853},{""row"":0,""col"":2,""kind"":""sparse"",""pair"":{""id"":""pair-15a1a6ae56416375"",""teamId"":""oe:team:23dda07cf3e2a786d6b300cc78a1cf6"",""teamName"":""GGEsports"",""playerAId"":""oe:player:b7fe50d252f0ea8a99edc0dfb504b4d"",""playerBId"":""oe:player:d623bb25dc94f5a8dfdab2689ac5615"",""playerA"":""JeppeHou"",""playerB"":""TheCheeng"",""stats"":{""eligible"":false,""n_games_total"":10.0,""n_games"":6.0,""n_days"":6.0,""mean_impact"":0.79575479,""shrunk_impact"":0.29840805,""ci_low"":0.08738646,""ci_high"":0.56774666,""win_rate"":0.16666667}},""value"":0.29840805},{""row"":0,""col"":3,""kind"":""sparse"",""pair"":{""id"":""pair-18a756a7a344aef6"",""teamId"":""oe:team:23dda07cf3e2a786d6b300cc78a1cf6"",""teamName"":""GGEsports"",""playerAId"":""oe:player:43ba4f6beb2d73408cb2fcebd67b1ff"",""playerBId"":""oe:player:d623bb25dc94f5a8dfdab2689ac5615"",""playerA"":""Teiyon"",""playerB"":""TheCheeng"",""stats"":{""eligible"":false,""n_games_total"":12.0,""n_games"":6.0,""n_days"":6.0,""mean_impact"":0.22946613,""shrunk_impact"":0.0860498,""ci_low"":-0.0232492,""ci_high"":0.27401422,""win_rate"":0.16666667}},""value"":0.0860498},{""row"":0,""col"":4,""kind"":""sparse"",""pair"":{""id"":""pair-63aa8fc6894cba1a"",""teamId"":""oe:team:23dda07cf3e2a786d6b300cc78a1cf6"",""teamName"":""GGEsports"",""playerAId"":""oe:player:d623bb25dc94f5a8dfdab2689ac5615"",""playerBId"":""oe:player:e30062a89c547678e8bdba69edf2295"",""playerA"":""TheCheeng"",""playerB"":""ItSir"",""stats"":{""eligible"":false,""n_games_total"":3.0,""n_games"":1.0,""n_days"":1.0,""mean_impact"":0.51069521,""shrunk_impact"":0.04642684,""ci_low"":null,""ci_high"":null,""win_rate"":0.0}},""value"":0.04642684},{""row"":1,""col"":0,""kind"":""sparse"",""pair"":{""id"":""pair-68a629225cf44299"",""teamId"":""oe:team:23dda07cf3e2a786d6b300cc78a1cf6"",""teamName"":""GGEsports"",""playerAId"":""oe:player:c7673cc6a75e1633240f751f871ef49"",""playerBId"":""oe:player:d623bb25dc94f5a8dfdab2689ac5615"",""playerA"":""Navatar"",""playerB"":""TheCheeng"",""stats"":{""eligible"":false,""n_games_total"":12.0,""n_games"":6.0,""n_days"":6.0,""mean_impact"":0.07154274,""shrunk_impact"":0.02682853,""ci_low"":-0.0712982,""ci_high"":0.13195508,""win_rate"":0.16666667}},""value"":0.02682853},{""row"":1,""col"":1,""kind"":""self"",""pair"":null,""value"":null},{""row"":1,""col"":2,""kind"":""sparse"",""pair"":{""id"":""pair-1c09c6f90c412bdb"",""teamId"":""oe:team:23dda07cf3e2a786d6b300cc78a1cf6"",""teamName"":""GGEsports"",""playerAId"":""oe:player:b7fe50d252f0ea8a99edc0dfb504b4d"",""playerBId"":""oe:player:c7673cc6a75e1633240f751f871ef49"",""playerA"":""JeppeHou"",""playerB"":""Navatar"",""stats"":{""eligible"":false,""n_games_total"":11.0,""n_games"":7.0,""n_days"":7.0,""mean_impact"":0.41287774,""shrunk_impact"":0.17000848,""ci_low"":-0.02982205,""ci_high"":0.3980769,""win_rate"":0.14285714}},""value"":0.17000848},{""row"":1,""col"":3,""kind"":""sparse"",""pair"":{""id"":""pair-b55db0bf1cb37b46"",""teamId"":""oe:team:23dda07cf3e2a786d6b300cc78a1cf6"",""teamName"":""GGEsports"",""playerAId"":""oe:player:43ba4f6beb2d73408cb2fcebd67b1ff"",""playerBId"":""oe:player:c7673cc6a75e1633240f751f871ef49"",""playerA"":""Teiyon"",""playerB"":""Navatar"",""stats"":{""eligible"":false,""n_games_total"":13.0,""n_games"":7.0,""n_days"":7.0,""mean_impact"":-0.06451089,""shrunk_impact"":-0.02656331,""ci_low"":-0.12239395,""ci_high"":0.12382979,""win_rate"":0.14285714}},""value"":-0.02656331},{""row"":1,""col"":4,""kind"":""sparse"",""pair"":{""id"":""pair-079c09e630834f85"",""teamId"":""oe:team:23dda07cf3e2a786d6b300cc78a1cf6"",""teamName"":""GGEsports"",""playerAId"":""oe:player:c7673cc6a75e1633240f751f871ef49"",""playerBId"":""oe:player:e30062a89c547678e8bdba69edf2295"",""playerA"":""Navatar"",""playerB"":""ItSir"",""stats"":{""eligible"":false,""n_games_total"":4.0,""n_games"":2.0,""n_days"":2.0,""mean_impact"":-0.19900197,""shrunk_impact"":-0.033167,""ci_low"":null,""ci_high"":null,""win_rate"":0.0}},""value"":-0.033167},{""row"":2,""col"":0,""kind"":""sparse"",""pair"":{""id"":""pair-15a1a6ae56416375"",""teamId"":""oe:team:23dda07cf3e2a786d6b300cc78a1cf6"",""teamName"":""GGEsports"",""playerAId"":""oe:player:b7fe50d252f0ea8a99edc0dfb504b4d"",""playerBId"":""oe:player:d623bb25dc94f5a8dfdab2689ac5615"",""playerA"":""JeppeHou"",""playerB"":""TheCheeng"",""stats"":{""eligible"":false,""n_games_total"":10.0,""n_games"":6.0,""n_days"":6.0,""mean_impact"":0.79575479,""shrunk_impact"":0.29840805,""ci_low"":0.08738646,""ci_high"":0.56774666,""win_rate"":0.16666667}},""value"":0.29840805},{""row"":2,""col"":1,""kind"":""sparse"",""pair"":{""id"":""pair-1c09c6f90c412bdb"",""teamId"":""oe:team:23dda07cf3e2a786d6b300cc78a1cf6"",""teamName"":""GGEsports"",""playerAId"":""oe:player:b7fe50d252f0ea8a99edc0dfb504b4d"",""playerBId"":""oe:player:c7673cc6a75e1633240f751f871ef49"",""playerA"":""JeppeHou"",""playerB"":""Navatar"",""stats"":{""eligible"":false,""n_games_total"":11.0,""n_games"":7.0,""n_days"":7.0,""mean_impact"":0.41287774,""shrunk_impact"":0.17000848,""ci_low"":-0.02982205,""ci_high"":0.3980769,""win_rate"":0.14285714}},""value"":0.17000848},{""row"":2,""col"":2,""kind"":""self"",""pair"":null,""value"":null},{""row"":2,""col"":3,""kind"":""sparse"",""pair"":{""id"":""pair-59c19b43dc5905aa"",""teamId"":""oe:team:23dda07cf3e2a786d6b300cc78a1cf6"",""teamName"":""GGEsports"",""playerAId"":""oe:player:43ba4f6beb2d73408cb2fcebd67b1ff"",""playerBId"":""oe:player:b7fe50d252f0ea8a99edc0dfb504b4d"",""playerA"":""Teiyon"",""playerB"":""JeppeHou"",""stats"":{""eligible"":false,""n_games_total"":11.0,""n_games"":7.0,""n_days"":7.0,""mean_impact"":0.62450797,""shrunk_impact"":0.25715034,""ci_low"":0.01239322,""ci_high"":0.56036934,""win_rate"":0.14285714}},""value"":0.25715034},{""row"":2,""col"":4,""kind"":""sparse"",""pair"":{""id"":""pair-5df7d39bf40af45c"",""teamId"":""oe:team:23dda07cf3e2a786d6b300cc78a1cf6"",""teamName"":""GGEsports"",""playerAId"":""oe:player:b7fe50d252f0ea8a99edc0dfb504b4d"",""playerBId"":""oe:player:e30062a89c547678e8bdba69edf2295"",""playerA"":""JeppeHou"",""playerB"":""ItSir"",""stats"":{""eligible"":false,""n_games_total"":2.0,""n_games"":2.0,""n_days"":2.0,""mean_impact"":-0.1079985,""shrunk_impact"":-0.01799975,""ci_low"":null,""ci_high"":null,""win_rate"":0.0}},""value"":-0.01799975},{""row"":3,""col"":0,""kind"":""sparse"",""pair"":{""id"":""pair-18a756a7a344aef6"",""teamId"":""oe:team:23dda07cf3e2a786d6b300cc78a1cf6"",""teamName"":""GGEsports"",""playerAId"":""oe:player:43ba4f6beb2d73408cb2fcebd67b1ff"",""playerBId"":""oe:player:d623bb25dc94f5a8dfdab2689ac5615"",""playerA"":""Teiyon"",""playerB"":""TheCheeng"",""stats"":{""eligible"":false,""n_games_total"":12.0,""n_games"":6.0,""n_days"":6.0,""mean_impact"":0.22946613,""shrunk_impact"":0.0860498,""ci_low"":-0.0232492,""ci_high"":0.27401422,""win_rate"":0.16666667}},""value"":0.0860498},{""row"":3,""col"":1,""kind"":""sparse"",""pair"":{""id"":""pair-b55db0bf1cb37b46"",""teamId"":""oe:team:23dda07cf3e2a786d6b300cc78a1cf6"",""teamName"":""GGEsports"",""playerAId"":""oe:player:43ba4f6beb2d73408cb2fcebd67b1ff"",""playerBId"":""oe:player:c7673cc6a75e1633240f751f871ef49"",""playerA"":""Teiyon"",""playerB"":""Navatar"",""stats"":{""eligible"":false,""n_games_total"":13.0,""n_games"":7.0,""n_days"":7.0,""mean_impact"":-0.06451089,""shrunk_impact"":-0.02656331,""ci_low"":-0.12239395,""ci_high"":0.12382979,""win_rate"":0.14285714}},""value"":-0.02656331},{""row"":3,""col"":2,""kind"":""sparse"",""pair"":{""id"":""pair-59c19b43dc5905aa"",""teamId"":""oe:team:23dda07cf3e2a786d6b300cc78a1cf6"",""teamName"":""GGEsports"",""playerAId"":""oe:player:43ba4f6beb2d73408cb2fcebd67b1ff"",""playerBId"":""oe:player:b7fe50d252f0ea8a99edc0dfb504b4d"",""playerA"":""Teiyon"",""playerB"":""JeppeHou"",""stats"":{""eligible"":false,""n_games_total"":11.0,""n_games"":7.0,""n_days"":7.0,""mean_impact"":0.62450797,""shrunk_impact"":0.25715034,""ci_low"":0.01239322,""ci_high"":0.56036934,""win_rate"":0.14285714}},""value"":0.25715034},{""row"":3,""col"":3,""kind"":""self"",""pair"":null,""value"":null},{""row"":3,""col"":4,""kind"":""sparse"",""pair"":{""id"":""pair-80067d0526c82f4b"",""teamId"":""oe:team:23dda07cf3e2a786d6b300cc78a1cf6"",""teamName"":""GGEsports"",""playerAId"":""oe:player:43ba4f6beb2d73408cb2fcebd67b1ff"",""playerBId"":""oe:player:e30062a89c547678e8bdba69edf2295"",""playerA"":""Teiyon"",""playerB"":""ItSir"",""stats"":{""eligible"":false,""n_games_total"":4.0,""n_games"":2.0,""n_days"":2.0,""mean_impact"":-0.0968194,""shrunk_impact"":-0.01613657,""ci_low"":null,""ci_high"":null,""win_rate"":0.0}},""value"":-0.01613657},{""row"":4,""col"":0,""kind"":""sparse"",""pair"":{""id"":""pair-63aa8fc6894cba1a"",""teamId"":""oe:team:23dda07cf3e2a786d6b300cc78a1cf6"",""teamName"":""GGEsports"",""playerAId"":""oe:player:d623bb25dc94f5a8dfdab2689ac5615"",""playerBId"":""oe:player:e30062a89c547678e8bdba69edf2295"",""playerA"":""TheCheeng"",""playerB"":""ItSir"",""stats"":{""eligible"":false,""n_games_total"":3.0,""n_games"":1.0,""n_days"":1.0,""mean_impact"":0.51069521,""shrunk_impact"":0.04642684,""ci_low"":null,""ci_high"":null,""win_rate"":0.0}},""value"":0.04642684},{""row"":4,""col"":1,""kind"":""sparse"",""pair"":{""id"":""pair-079c09e630834f85"",""teamId"":""oe:team:23dda07cf3e2a786d6b300cc78a1cf6"",""teamName"":""GGEsports"",""playerAId"":""oe:player:c7673cc6a75e1633240f751f871ef49"",""playerBId"":""oe:player:e30062a89c547678e8bdba69edf2295"",""playerA"":""Navatar"",""playerB"":""ItSir"",""stats"":{""eligible"":false,""n_games_total"":4.0,""n_games"":2.0,""n_days"":2.0,""mean_impact"":-0.19900197,""shrunk_impact"":-0.033167,""ci_low"":null,""ci_high"":null,""win_rate"":0.0}},""value"":-0.033167},{""row"":4,""col"":2,""kind"":""sparse"",""pair"":{""id"":""pair-5df7d39bf40af45c"",""teamId"":""oe:team:23dda07cf3e2a786d6b300cc78a1cf6"",""teamName"":""GGEsports"",""playerAId"":""oe:player:b7fe50d252f0ea8a99edc0dfb504b4d"",""playerBId"":""oe:player:e30062a89c547678e8bdba69edf2295"",""playerA"":""JeppeHou"",""playerB"":""ItSir"",""stats"":{""eligible"":false,""n_games_total"":2.0,""n_games"":2.0,""n_days"":2.0,""mean_impact"":-0.1079985,""shrunk_impact"":-0.01799975,""ci_low"":null,""ci_high"":null,""win_rate"":0.0}},""value"":-0.01799975},{""row"":4,""col"":3,""kind"":""sparse"",""pair"":{""id"":""pair-80067d0526c82f4b"",""teamId"":""oe:team:23dda07cf3e2a786d6b300cc78a1cf6"",""teamName"":""GGEsports"",""playerAId"":""oe:player:43ba4f6beb2d73408cb2fcebd67b1ff"",""playerBId"":""oe:player:e30062a89c547678e8bdba69edf2295"",""playerA"":""Teiyon"",""playerB"":""ItSir"",""stats"":{""eligible"":false,""n_games_total"":4.0,""n_games"":2.0,""n_days"":2.0,""mean_impact"":-0.0968194,""shrunk_impact"":-0.01613657,""ci_low"":null,""ci_high"":null,""win_rate"":0.0}},""value"":-0.01613657},{""row"":4,""col"":4,""kind"":""self"",""pair"":null,""value"":null}],""limit"":0.29840805,""hasEligiblePair"":false}"
